5.422410280000000284e+02 1.476260069999999871e+02
6.106170039999999517e+02 1.671900019999999927e+02
6.567730099999999993e+02 1.175899959999999993e+02
5.639829710000000205e+02 1.903060000000000116e+02
6.157760009999999511e+02 1.235289989999999989e+02
6.179810179999999491e+02 1.869850010000000111e+02
6.469520260000000462e+02 1.218840030000000070e+02
6.130549929999999677e+02 1.985570069999999987e+02
6.383939820000000509e+02 8.655999799999999311e+01
5.360919800000000350e+02 2.432669980000000010e+02
6.284190059999999676e+02 1.738170010000000048e+02
6.399050290000000132e+02 1.113990019999999959e+02
6.060629880000000185e+02 1.388000030000000038e+02
6.446380000000000337e+02 1.022099989999999963e+02
5.391090090000000146e+02 2.157550050000000113e+02
6.319530029999999670e+02 9.027600099999999372e+01
6.452719730000000027e+02 8.961499799999999993e+01
6.319229739999999538e+02 1.244339980000000025e+02
6.132379760000000033e+02 1.771569979999999873e+02
5.712390139999999974e+02 1.042549970000000030e+02
5.714210209999999961e+02 1.536280059999999992e+02
5.444669800000000350e+02 2.050310059999999908e+02
6.326500240000000304e+02 1.789709929999999929e+02
5.826770020000000159e+02 2.152590030000000070e+02
6.370230099999999993e+02 2.049210050000000081e+02
6.134689939999999524e+02 2.390930020000000127e+02
5.499359739999999874e+02 2.075590060000000108e+02
5.350000000000000000e+02 1.557460020000000043e+02
6.088489990000000489e+02 2.483070069999999987e+02
6.013040160000000469e+02 8.780500000000000682e+01
6.399609990000000153e+02 2.565390009999999847e+02
6.561099850000000515e+02 1.361360019999999906e+02
6.122940059999999676e+02 1.731920010000000048e+02
5.585059810000000198e+02 1.488269960000000083e+02
5.606129760000000033e+02 2.003130040000000065e+02
6.428439939999999524e+02 1.726139980000000094e+02
5.575460209999999961e+02 1.836629939999999976e+02
5.344010009999999511e+02 1.910180049999999881e+02
6.595770260000000462e+02 1.018939969999999988e+02
5.357150269999999637e+02 2.145169980000000010e+02
6.007620239999999967e+02 2.624899899999999775e+02
6.315889889999999696e+02 2.101439970000000130e+02
5.719970090000000482e+02 1.852550050000000113e+02
5.688079830000000356e+02 1.671829989999999952e+02
6.471690059999999676e+02 1.718280029999999954e+02
6.013170169999999644e+02 1.846810000000000116e+02
5.523319699999999557e+02 1.707649989999999889e+02
6.047349850000000515e+02 1.508609920000000102e+02
6.434199830000000020e+02 1.756239930000000129e+02
6.433829960000000483e+02 1.435820009999999911e+02
6.195590210000000297e+02 1.365720059999999876e+02
6.378759770000000344e+02 2.340500030000000038e+02
5.787490229999999656e+02 1.551580050000000028e+02
6.566480099999999993e+02 1.236179960000000051e+02
6.118289790000000039e+02 2.048730009999999879e+02
5.400189820000000509e+02 1.348730009999999879e+02
5.546890260000000126e+02 2.370959929999999929e+02
6.585230099999999993e+02 1.253389970000000062e+02
6.170120239999999967e+02 1.468070069999999987e+02
5.701350099999999657e+02 1.813159939999999892e+02
5.672180180000000291e+02 1.461380000000000052e+02
5.443980099999999993e+02 2.020370029999999986e+02
6.652000120000000152e+02 1.367500000000000000e+02
6.352449950000000172e+02 1.037949980000000068e+02
5.751530149999999821e+02 1.666849980000000073e+02
6.396259770000000344e+02 1.443659969999999930e+02
6.209550169999999980e+02 2.480469970000000046e+02
6.844140009999999847e+02 2.426549990000000037e+02
5.558400269999999637e+02 1.826719970000000046e+02
6.253010249999999814e+02 2.320529940000000124e+02
6.391989750000000186e+02 1.420879970000000014e+02
6.338439939999999524e+02 8.447100100000000111e+01
6.266710209999999961e+02 2.549949949999999887e+02
6.122509770000000344e+02 2.192469940000000008e+02
5.419559940000000324e+02 1.256139979999999952e+02
5.541329960000000483e+02 1.894640049999999860e+02
6.428679809999999861e+02 2.213540040000000033e+02
6.059760129999999663e+02 2.110399930000000097e+02
6.233720090000000482e+02 1.125619959999999935e+02
5.688040160000000469e+02 1.641849980000000073e+02
6.397579960000000483e+02 8.747899599999999509e+01
5.381950070000000323e+02 1.299590000000000032e+02
5.504810179999999491e+02 1.560820009999999911e+02
6.457260129999999663e+02 1.690950009999999963e+02
6.286119999999999663e+02 1.035400010000000037e+02
6.569520260000000462e+02 1.505229950000000088e+02
6.458410030000000006e+02 2.418890079999999898e+02
6.024899900000000343e+02 1.156930009999999953e+02
5.504890139999999974e+02 1.693430020000000127e+02
6.401279909999999518e+02 1.955890049999999860e+02
5.357680050000000165e+02 8.793199900000000468e+01
5.514569699999999557e+02 2.391320039999999949e+02
5.512219850000000179e+02 1.010630040000000065e+02
6.438140260000000126e+02 7.036199999999999477e+01
6.137299799999999550e+02 1.807270049999999912e+02
6.292509770000000344e+02 1.483979950000000088e+02
5.580759890000000496e+02 1.831210020000000043e+02
6.140349730000000363e+02 2.124389950000000056e+02
6.008720090000000482e+02 2.600580140000000142e+02
6.534580079999999498e+02 7.761499799999999993e+01
6.156400149999999485e+02 1.483890079999999898e+02
5.689219970000000330e+02 2.177689970000000130e+02
5.785520020000000159e+02 1.761759950000000003e+02
5.971229859999999690e+02 2.519969940000000008e+02
6.158439939999999524e+02 1.394060059999999908e+02
5.488439939999999524e+02 1.429010010000000079e+02
6.097009890000000496e+02 1.712270049999999912e+02
6.193729859999999690e+02 1.788220059999999876e+02
6.149400020000000495e+02 1.555769960000000083e+02
6.550280149999999821e+02 1.105530009999999947e+02
6.074160160000000133e+02 1.883769990000000121e+02
5.325349730000000363e+02 1.249629970000000014e+02
6.427150269999999637e+02 2.419500000000000028e+01
5.454500120000000152e+02 1.379909969999999930e+02
6.247199709999999868e+02 9.698799900000000207e+01
5.363359990000000153e+02 1.253590010000000063e+02
6.024130249999999478e+02 1.942689970000000130e+02
6.579479979999999841e+02 2.639169919999999934e+02
6.128790279999999484e+02 2.586610109999999736e+02
6.364949950000000172e+02 1.293189999999999884e+02
6.565339969999999994e+02 1.271340030000000070e+02
6.349719850000000179e+02 2.689410100000000057e+02
6.365440059999999676e+02 2.507530059999999992e+02
6.616199950000000172e+02 1.504069979999999873e+02
6.351480099999999993e+02 7.822899599999999509e+01
6.089110110000000304e+02 1.995440059999999960e+02
6.379689939999999524e+02 2.119830019999999990e+02
6.085800169999999980e+02 1.993040009999999995e+02
5.405850219999999808e+02 1.561399989999999889e+02
5.614240109999999504e+02 2.182709959999999967e+02
5.367559810000000198e+02 8.425299800000000516e+01
6.571259770000000344e+02 2.176589969999999994e+02
6.127379760000000033e+02 1.378329929999999877e+02
6.050549929999999677e+02 6.533499899999999627e+01
6.078790279999999484e+02 2.671929930000000013e+02
6.152750240000000304e+02 2.525899960000000135e+02
5.586599730000000363e+02 2.261020049999999912e+02
6.013060299999999643e+02 1.437859950000000140e+02
6.278909909999999854e+02 2.485749969999999962e+02
6.376370239999999967e+02 2.623460079999999834e+02
5.493510129999999663e+02 1.477940059999999960e+02
6.538699950000000172e+02 1.941699979999999925e+02
6.272700200000000450e+02 1.546109920000000102e+02
6.271959839999999531e+02 2.524519960000000083e+02
6.508250120000000152e+02 1.920489959999999883e+02
6.282769779999999855e+02 8.709300199999999847e+01
5.786909789999999703e+02 2.157790070000000071e+02
5.784970090000000482e+02 1.701959990000000005e+02
6.258029790000000503e+02 2.074859920000000102e+02
6.154320069999999987e+02 1.397339939999999956e+02
6.303270260000000462e+02 1.900540009999999995e+02
6.568969730000000027e+02 1.856690059999999960e+02
5.455150149999999485e+02 2.050619959999999935e+02
6.485599979999999505e+02 2.952199900000000099e+01
6.009019779999999855e+02 2.131959990000000005e+02
6.269949950000000172e+02 1.175630040000000065e+02
6.072440189999999802e+02 1.646250000000000000e+02
5.519520260000000462e+02 2.059250030000000038e+02
6.501060179999999491e+02 1.948800050000000113e+02
5.504270020000000159e+02 1.407030029999999954e+02
6.436389769999999544e+02 9.418900299999999959e+01
6.087059940000000324e+02 2.030379939999999976e+02
6.569219970000000330e+02 1.302969970000000046e+02
5.451259770000000344e+02 2.118020019999999874e+02
6.176329960000000483e+02 1.511959990000000005e+02
5.987180180000000291e+02 2.269869999999999948e+02
6.467990109999999504e+02 1.974720000000000084e+02
6.294149780000000192e+02 1.145479969999999952e+02
6.281890260000000126e+02 2.162149960000000135e+02
6.387310179999999491e+02 1.834720000000000084e+02
5.764990229999999656e+02 1.964310000000000116e+02
5.641569819999999709e+02 2.079810029999999870e+02
6.204190059999999676e+02 2.598590090000000146e+02
6.179450070000000323e+02 1.627539979999999957e+02
6.243720090000000482e+02 1.325070039999999949e+02
6.660640260000000126e+02 2.630109860000000026e+02
6.587230220000000145e+02 1.381970059999999876e+02
6.253070069999999987e+02 2.230670010000000048e+02
6.334219970000000330e+02 2.184530029999999954e+02
5.751760249999999814e+02 1.533820039999999949e+02
6.107039790000000039e+02 1.864499969999999962e+02
6.605440059999999676e+02 9.750900300000000698e+01
5.523419800000000350e+02 8.667500300000000379e+01
6.359819949999999835e+02 1.167129970000000014e+02
6.443060299999999643e+02 2.594280089999999745e+02
6.242160030000000006e+02 1.332960050000000081e+02
6.102839969999999994e+02 2.450379939999999976e+02
5.692520140000000310e+02 1.504499969999999962e+02
5.693400269999999637e+02 1.664759980000000041e+02
6.381950070000000323e+02 2.266519930000000045e+02
6.023770140000000310e+02 2.130639950000000056e+02
6.489299929999999677e+02 7.958699799999999414e+01
6.257940059999999676e+02 1.630970000000000084e+02
6.311710209999999961e+02 1.636100010000000111e+02
6.143579710000000205e+02 1.548899989999999889e+02
5.357199709999999868e+02 1.343040009999999995e+02
6.360640260000000126e+02 1.928170010000000048e+02
6.620830079999999498e+02 1.084400020000000069e+02
6.575250240000000304e+02 1.207350009999999969e+02
6.150629880000000185e+02 2.223150019999999927e+02
5.386680300000000443e+02 2.244819950000000119e+02
6.174710079999999834e+02 1.279209979999999973e+02
6.622949830000000020e+02 1.384620060000000024e+02
6.469249879999999848e+02 1.817709959999999967e+02
6.285310060000000476e+02 1.500919949999999972e+02
5.384899900000000343e+02 2.254230039999999917e+02
6.491669920000000502e+02 7.449500299999999697e+01
5.332949830000000020e+02 1.527929990000000089e+02
6.426149900000000343e+02 7.023600000000000421e+01
6.231909789999999703e+02 3.866899899999999946e+01
6.593959959999999683e+02 8.901899699999999882e+01
6.232630000000000337e+02 1.849720000000000084e+02
5.534420169999999644e+02 2.342409969999999930e+02
5.683079830000000356e+02 1.892310029999999870e+02
6.379810179999999491e+02 7.563600200000000484e+01
6.275560299999999643e+02 1.561959990000000005e+02
5.704719850000000179e+02 1.754640049999999860e+02
6.380520020000000159e+02 2.492689970000000130e+02
6.513369750000000522e+02 8.252800000000000580e+01
6.138129880000000185e+02 1.863820039999999949e+02
6.611489870000000337e+02 1.127730030000000028e+02
6.158060299999999643e+02 2.023719940000000008e+02
6.766209720000000516e+02 1.409889980000000094e+02
5.655830079999999498e+02 1.516719970000000046e+02
5.433339839999999867e+02 2.193890079999999898e+02
6.598660280000000284e+02 1.456360019999999906e+02
6.101749879999999848e+02 1.642590030000000070e+02
6.384910280000000284e+02 2.634580080000000066e+02
6.436970209999999497e+02 2.338200070000000039e+02
6.514660030000000006e+02 2.125370029999999986e+02
5.551560060000000476e+02 1.401289979999999957e+02
6.335570069999999987e+02 2.198780059999999992e+02
6.312630000000000337e+02 2.090370029999999986e+02
6.191190189999999802e+02 2.628789980000000241e+02
6.606489870000000337e+02 1.460570069999999987e+02
6.144229739999999538e+02 2.051130070000000103e+02
5.568800049999999828e+02 1.293800050000000113e+02
6.437880249999999478e+02 7.988800000000000523e+01
5.339840090000000146e+02 1.225469970000000046e+02
6.477589719999999716e+02 1.204810030000000012e+02
5.511690059999999676e+02 2.016450040000000001e+02
6.010720209999999497e+02 1.088209990000000005e+02
6.247219850000000179e+02 1.073809969999999936e+02
6.039329830000000356e+02 2.190299990000000037e+02
5.707969970000000330e+02 1.595319979999999873e+02
5.548549799999999550e+02 1.944810029999999870e+02
6.162150269999999637e+02 1.946920010000000048e+02
6.507529909999999518e+02 1.062750020000000006e+02
6.095599979999999505e+02 2.586659849999999778e+02
6.110620119999999815e+02 2.367870029999999986e+02
6.911719970000000330e+02 6.683599900000000105e+01
5.640440059999999676e+02 1.595460050000000081e+02
6.440380249999999478e+02 1.580980069999999955e+02
6.097700200000000450e+02 2.271569979999999873e+02
5.559190059999999676e+02 2.313300020000000075e+02
6.452630000000000337e+02 2.124949949999999887e+02
6.120839839999999867e+02 1.653350069999999903e+02
6.279240109999999504e+02 2.033280029999999954e+02
6.391849979999999505e+02 1.874889980000000094e+02
6.324479979999999841e+02 1.927830050000000028e+02
5.982689820000000509e+02 2.282899930000000097e+02
5.587000120000000152e+02 1.462640079999999898e+02
6.309619750000000522e+02 1.642680049999999881e+02
6.219910280000000284e+02 2.414519960000000083e+02
5.921270140000000310e+02 2.537129970000000014e+02
6.239420169999999644e+02 2.427619929999999897e+02
5.594869999999999663e+02 2.305119929999999897e+02
6.014660030000000006e+02 1.911219940000000008e+02
6.384290160000000469e+02 6.983299999999999841e+01
5.575750120000000152e+02 1.951739959999999883e+02
6.163519900000000007e+02 1.204369959999999935e+02
6.135650020000000495e+02 2.645710139999999910e+02
5.513489990000000489e+02 1.594149930000000097e+02
6.230650020000000495e+02 1.753110049999999944e+02
6.530000000000000000e+02 1.176880040000000065e+02
6.110460209999999961e+02 2.566730039999999917e+02
6.257349850000000515e+02 1.297599950000000035e+02
6.245709839999999531e+02 2.239909969999999930e+02
5.487789920000000166e+02 1.869609989999999868e+02
6.295000000000000000e+02 1.629340060000000108e+02
6.560570069999999987e+02 2.431569979999999873e+02
6.418939820000000509e+02 2.608980099999999993e+02
6.305070190000000139e+02 1.681439970000000130e+02
6.028590090000000146e+02 1.070100020000000001e+02
6.259359739999999874e+02 1.126589969999999994e+02
5.652570190000000139e+02 2.252039949999999919e+02
6.264699709999999868e+02 1.286329959999999915e+02
6.468150020000000495e+02 1.325099950000000035e+02
6.447700200000000450e+02 1.298549959999999999e+02
6.515280149999999821e+02 1.384029999999999916e+02
6.457630000000000337e+02 1.211699980000000068e+02
6.576439820000000509e+02 4.418500099999999975e+01
5.518530269999999973e+02 4.310800199999999904e+01
6.539190059999999676e+02 1.797460020000000043e+02
5.546010129999999663e+02 1.949049990000000037e+02
5.563029790000000503e+02 1.985639950000000056e+02
5.482999879999999848e+02 1.525509950000000003e+02
6.346240229999999656e+02 9.268499799999999311e+01
5.592630000000000337e+02 1.436040040000000033e+02
6.343259890000000496e+02 1.389049990000000037e+02
6.130269779999999855e+02 2.486810000000000116e+02
6.568270260000000462e+02 1.705740049999999997e+02
5.401019900000000007e+02 2.522570039999999949e+02
5.457429809999999861e+02 1.222570039999999949e+02
6.268229979999999841e+02 2.471049959999999999e+02
6.440830079999999498e+02 8.588999900000000309e+01
5.356270140000000310e+02 1.408560029999999870e+02
5.528619999999999663e+02 4.133200099999999821e+01
6.044089969999999994e+02 1.932489930000000129e+02
6.051939700000000357e+02 1.987290040000000033e+02
5.373690189999999802e+02 1.354049990000000037e+02
6.330050049999999828e+02 2.146380000000000052e+02
5.342459720000000516e+02 2.194770049999999912e+02
6.029719850000000179e+02 1.507630000000000052e+02
6.459910280000000284e+02 7.643599700000000041e+01
5.503839719999999716e+02 1.391810000000000116e+02
6.320789790000000039e+02 2.293009950000000003e+02
6.234879760000000033e+02 2.171620029999999986e+02
6.142550049999999828e+02 2.422200009999999963e+02
6.276040040000000317e+02 1.291759950000000003e+02
6.336589969999999994e+02 7.955500000000000682e+01
6.008779909999999518e+02 2.187169949999999972e+02
6.485679930000000013e+02 2.047350010000000111e+02
5.670289920000000166e+02 1.555639950000000056e+02
6.265900269999999637e+02 2.258930049999999881e+02
5.397020260000000462e+02 2.335059970000000078e+02
6.451439820000000509e+02 1.002360000000000042e+02
6.035859990000000153e+02 2.244490049999999997e+02
6.420659789999999703e+02 2.003419949999999972e+02
5.871859739999999874e+02 1.427539979999999957e+02
6.455520020000000159e+02 1.673309940000000040e+02
5.720380249999999478e+02 1.959700009999999963e+02
6.319000240000000304e+02 9.206300400000000650e+01
6.332479859999999690e+02 2.636799930000000245e+02
6.186820069999999987e+02 1.795809940000000040e+02
5.518709720000000516e+02 1.639629970000000014e+02
6.425000000000000000e+02 8.783899700000000621e+01
6.361900020000000495e+02 2.369040070000000071e+02
6.391469730000000027e+02 2.335319979999999873e+02
6.311810299999999643e+02 9.057800299999999538e+01
6.314299929999999677e+02 2.104779969999999878e+02
6.355200200000000450e+02 1.997400049999999965e+02
5.844600219999999808e+02 2.654710079999999834e+02
6.026320190000000139e+02 2.134019930000000045e+02
6.022449950000000172e+02 4.067999999999999972e+01
5.480780029999999670e+02 2.216959990000000005e+02
6.096170039999999517e+02 2.419949949999999887e+02
6.491119999999999663e+02 1.758849950000000035e+02
6.112979739999999538e+02 1.689459990000000005e+02
5.583790279999999484e+02 1.730870060000000024e+02
6.077420039999999517e+02 1.802039949999999919e+02
5.379899900000000343e+02 2.179170070000000123e+02
5.364600219999999808e+02 2.528840030000000070e+02
6.254439700000000357e+02 1.455469970000000046e+02
6.204790040000000317e+02 1.232519989999999979e+02
6.346220090000000482e+02 1.630409999999999968e+02
5.466049799999999550e+02 1.516499939999999924e+02
6.582680050000000165e+02 1.003759989999999931e+02
6.267379760000000033e+02 1.528939970000000130e+02
6.330770260000000462e+02 1.988020019999999874e+02
6.106220090000000482e+02 1.763430020000000127e+02
6.138679809999999861e+02 1.585540009999999995e+02
6.042540279999999484e+02 2.234080050000000028e+02
5.429660030000000006e+02 2.136900019999999927e+02
6.439990229999999656e+02 1.367050020000000075e+02
6.180390009999999847e+02 2.698689880000000016e+02
6.275689700000000357e+02 1.357949979999999925e+02
6.023889769999999544e+02 7.478399699999999939e+01
6.347960209999999961e+02 2.126659999999999968e+02
5.365949709999999868e+02 2.437189940000000092e+02
6.207449950000000172e+02 2.090160060000000044e+02
6.152540279999999484e+02 2.431250000000000000e+02
6.442130130000000463e+02 2.245989989999999921e+02
5.520280149999999821e+02 6.516899899999999946e+01
6.193649900000000343e+02 8.989900199999999586e+01
5.646229859999999690e+02 3.900099900000000019e+01
6.465360110000000304e+02 1.138880000000000052e+02
6.412509770000000344e+02 1.953240049999999997e+02
6.223029790000000503e+02 9.693800400000000650e+01
6.239769900000000007e+02 2.043320009999999911e+02
6.593410030000000006e+02 9.680999799999999311e+01
6.166710209999999961e+02 1.578000030000000038e+02
6.718939820000000509e+02 4.397299999999999898e+01
6.059030149999999821e+02 2.339980009999999879e+02
5.410889889999999696e+02 2.498480069999999955e+02
6.612899780000000192e+02 1.260650020000000069e+02
5.697509770000000344e+02 1.598509980000000041e+02
6.479699709999999868e+02 2.353630070000000103e+02
6.219749759999999696e+02 1.776360019999999906e+02
6.142999879999999848e+02 1.985260010000000079e+02
5.520999759999999696e+02 1.797469940000000008e+02
5.473480220000000145e+02 2.161499939999999924e+02
6.432509770000000344e+02 1.789609989999999868e+02
6.077960209999999961e+02 2.251230009999999879e+02
6.574959720000000516e+02 1.139509960000000035e+02
6.029970090000000482e+02 2.240619959999999935e+02
6.576500240000000304e+02 1.606020049999999912e+02
6.772399900000000343e+02 1.713240049999999997e+02
5.506920169999999644e+02 2.143189999999999884e+02
5.531309810000000198e+02 2.140330050000000028e+02
5.658950200000000450e+02 1.748159939999999892e+02
6.026790160000000469e+02 1.873370060000000024e+02
5.741849979999999505e+02 1.615930020000000127e+02
5.437969970000000330e+02 1.532169949999999972e+02
5.733389889999999696e+02 1.993699949999999887e+02
6.450050049999999828e+02 1.673359989999999868e+02
6.396079710000000205e+02 1.234260029999999944e+02
5.747760009999999511e+02 1.496659999999999968e+02
6.563690189999999802e+02 1.102160030000000006e+02
5.774379880000000185e+02 2.692420040000000085e+02
6.507100219999999808e+02 1.239530029999999954e+02
5.371909789999999703e+02 2.119790040000000033e+02
5.705949709999999868e+02 2.089060059999999908e+02
6.621459959999999683e+02 1.652400049999999965e+02
6.149299929999999677e+02 1.396130070000000103e+02
6.299660030000000006e+02 1.180339969999999994e+02
6.015759890000000496e+02 1.949470059999999876e+02
5.709810179999999491e+02 1.399159999999999968e+02
6.081459959999999683e+02 2.191880040000000065e+02
6.260529790000000503e+02 2.208049929999999961e+02
5.326569819999999709e+02 1.329739989999999921e+02
6.071209720000000516e+02 2.458009950000000003e+02
6.502949830000000020e+02 1.775630040000000065e+02
5.502529909999999518e+02 1.603509980000000041e+02
6.124370119999999815e+02 1.859310000000000116e+02
6.340399780000000192e+02 1.413979950000000088e+02
5.712880249999999478e+02 1.865910030000000006e+02
6.390759890000000496e+02 1.818309940000000040e+02
6.574910280000000284e+02 1.896939999999999884e+02
5.448900149999999485e+02 2.442389980000000094e+02
6.317050169999999980e+02 2.550639950000000056e+02
6.520709839999999531e+02 1.279309999999999974e+02
5.858939820000000509e+02 2.628859860000000026e+02
6.463709720000000516e+02 1.125770030000000048e+02
5.597180180000000291e+02 2.238040009999999995e+02
5.932730099999999993e+02 9.179799699999999518e+01
5.587420039999999517e+02 2.015840000000000032e+02
6.424409789999999703e+02 6.510299700000000200e+01
6.474060060000000476e+02 1.653950040000000001e+02
6.343820190000000139e+02 1.330319979999999873e+02
5.743640139999999974e+02 1.795099950000000035e+02
6.074699709999999868e+02 1.907619929999999897e+02
6.029190059999999676e+02 1.693099980000000073e+02
5.436389769999999544e+02 1.369230039999999917e+02
5.690300290000000132e+02 1.605910030000000006e+02
6.184619750000000522e+02 2.468370060000000024e+02
5.471320190000000139e+02 1.366060029999999870e+02
5.674860230000000456e+02 1.811580050000000028e+02
6.419119869999999537e+02 6.942199700000000462e+01
6.578239750000000186e+02 2.284409939999999892e+02
5.886279909999999518e+02 1.810760040000000117e+02
5.690369869999999537e+02 1.896369929999999897e+02
6.442979739999999538e+02 1.126880040000000065e+02
5.473740229999999656e+02 2.049869999999999948e+02
5.687500000000000000e+02 1.905220030000000122e+02
6.390520020000000159e+02 1.104120029999999986e+02
6.470830079999999498e+02 2.070390010000000132e+02
6.447990109999999504e+02 1.412610019999999906e+02
6.148200070000000323e+02 2.536000060000000076e+02
6.091270140000000310e+02 2.041109920000000102e+02
6.021890260000000126e+02 1.741900019999999927e+02
5.486890260000000126e+02 1.614100039999999865e+02
6.145709839999999531e+02 1.551499939999999924e+02
6.092280269999999973e+02 1.957539979999999957e+02
5.843989870000000337e+02 4.085800199999999904e+01
6.408969730000000027e+02 2.039590000000000032e+02
6.490289920000000166e+02 1.989810029999999870e+02
6.109609990000000153e+02 2.134250030000000038e+02
6.392169800000000350e+02 1.079329989999999952e+02
5.453889769999999544e+02 9.802999900000000366e+01
6.243750000000000000e+02 1.960409999999999968e+02
6.198950200000000450e+02 1.073140029999999996e+02
6.577340090000000146e+02 1.926029969999999878e+02
5.723020020000000159e+02 2.058289949999999919e+02
5.882100219999999808e+02 2.478370060000000024e+02
6.321160280000000284e+02 9.524500299999999697e+01
5.574559940000000324e+02 2.575199890000000096e+02
5.548150020000000495e+02 1.521329959999999915e+02
5.647680050000000165e+02 6.011700100000000191e+01
6.276950070000000323e+02 2.129340060000000108e+02
5.989349979999999505e+02 2.479470059999999876e+02
6.024990229999999656e+02 2.323350069999999903e+02
5.726680300000000443e+02 2.702200010000000248e+02
5.542459720000000516e+02 1.757209929999999929e+02
6.069719850000000179e+02 2.331239930000000129e+02
5.970999759999999696e+02 1.461360019999999906e+02
6.252509770000000344e+02 2.297940059999999960e+02
6.578629760000000033e+02 6.583699799999999414e+01
6.399739990000000489e+02 2.171909939999999892e+02
6.452949830000000020e+02 1.052929989999999947e+02
6.062839969999999994e+02 2.663389890000000264e+02
6.118989870000000337e+02 2.126939999999999884e+02
5.585020140000000310e+02 1.316840060000000108e+02
5.545869750000000522e+02 2.305709990000000005e+02
6.508759770000000344e+02 1.654040070000000071e+02
6.568889769999999544e+02 1.837400049999999965e+02
6.307310179999999491e+02 2.660840150000000222e+02
6.178670039999999517e+02 1.225630040000000065e+02
6.254780269999999973e+02 1.192149959999999993e+02
6.589359739999999874e+02 1.454559940000000040e+02
6.164680180000000291e+02 9.408499899999999627e+01
6.570789790000000039e+02 2.196089939999999956e+02
6.272919920000000502e+02 2.254019930000000045e+02
5.935390009999999847e+02 2.613150019999999927e+02
5.495159909999999854e+02 1.606009980000000041e+02
6.577719730000000027e+02 2.053549959999999999e+02
5.333649900000000343e+02 2.527799990000000037e+02
6.164089969999999994e+02 2.418829959999999915e+02
5.607990109999999504e+02 1.368829959999999915e+02
5.342000120000000152e+02 2.672940060000000244e+02
6.604409789999999703e+02 9.757599600000000351e+01
6.023569949999999835e+02 7.393399800000000255e+01
6.072890009999999847e+02 2.244859920000000102e+02
5.903419800000000350e+02 2.497140049999999860e+02
6.151939700000000357e+02 2.198399960000000135e+02
6.062360230000000456e+02 2.209019930000000045e+02
5.986950070000000323e+02 2.682839969999999994e+02
5.465939939999999524e+02 1.071299970000000030e+02
6.574780269999999973e+02 7.572399900000000628e+01
6.381329960000000483e+02 2.644309999999999832e+02
6.385729979999999841e+02 2.614710079999999834e+02
5.339840090000000146e+02 2.139739989999999921e+02
6.220390009999999847e+02 2.122510069999999871e+02
6.493040160000000469e+02 1.176940000000000026e+02
6.272949830000000020e+02 9.730300099999999475e+01
6.101530149999999821e+02 2.151880040000000065e+02
6.367260129999999663e+02 2.285619959999999935e+02
6.094840090000000146e+02 1.984140010000000132e+02
6.297509770000000344e+02 1.060660019999999975e+02
5.559739990000000489e+02 2.406649930000000097e+02
5.907860110000000304e+02 2.599010010000000079e+02
5.457919920000000502e+02 1.982920070000000123e+02
5.960280149999999821e+02 2.649289860000000090e+02
6.291259770000000344e+02 1.737899930000000097e+02
5.405510249999999814e+02 2.085099950000000035e+02
5.635709839999999531e+02 1.710079959999999915e+02
5.338889769999999544e+02 1.274929960000000051e+02
6.081229859999999690e+02 1.542550050000000113e+02
6.205869750000000522e+02 9.295799999999999841e+01
6.448939820000000509e+02 8.060800199999999904e+01
6.390499879999999848e+02 1.204909969999999930e+02
6.110399780000000192e+02 2.174530029999999954e+02
6.045139769999999544e+02 2.299730069999999955e+02
5.518460079999999834e+02 1.258949970000000036e+02
5.402910160000000133e+02 2.134380040000000065e+02
6.393200070000000323e+02 1.413399960000000135e+02
6.390859990000000153e+02 1.539649960000000135e+02
6.426619869999999537e+02 2.450970000000000084e+02
6.310980220000000145e+02 2.183509980000000041e+02
5.669470209999999497e+02 1.791179960000000051e+02
6.434050290000000132e+02 2.364040070000000071e+02
5.542719730000000027e+02 2.350850069999999903e+02
6.463599850000000515e+02 1.572940059999999960e+02
6.471539920000000166e+02 2.450390010000000132e+02
5.774630130000000463e+02 1.706309970000000078e+02
5.564279790000000503e+02 2.055930020000000127e+02
6.495440059999999676e+02 1.726430049999999881e+02
5.978969730000000027e+02 2.527960050000000081e+02
6.016959839999999531e+02 2.853500000000000014e+01
5.785800169999999980e+02 2.190429990000000089e+02
6.136599730000000363e+02 1.961659999999999968e+02
5.528750000000000000e+02 2.279340060000000108e+02
6.348740229999999656e+02 1.380659939999999892e+02
6.239819949999999835e+02 2.256929930000000013e+02
6.301569819999999709e+02 1.963340000000000032e+02
6.913060299999999643e+02 2.338959959999999967e+02
5.729940189999999802e+02 1.578549959999999999e+02
5.469019779999999855e+02 2.338320009999999911e+02
5.583859860000000026e+02 1.813950040000000001e+02
6.143449709999999868e+02 3.615499899999999656e+01
6.574010009999999511e+02 2.692099999999999937e+01
6.525490109999999504e+02 1.895809940000000040e+02
6.317540279999999484e+02 1.476289979999999957e+02
5.696149900000000343e+02 2.068209990000000005e+02
6.608229979999999841e+02 1.353470000000000084e+02
6.496370239999999967e+02 8.258400000000000318e+01
5.742340090000000146e+02 1.919040070000000071e+02
6.288950200000000450e+02 7.709699999999999420e+01
6.170029909999999518e+02 2.398650049999999965e+02
5.607390139999999974e+02 1.376750030000000038e+02
5.939089969999999994e+02 2.524380040000000065e+02
6.299509890000000496e+02 2.699530030000000238e+02
5.960120239999999967e+02 2.547079929999999877e+02
5.630599979999999505e+02 1.624380040000000065e+02
5.419899900000000343e+02 1.210609970000000004e+02
6.025300290000000132e+02 1.605010069999999871e+02
6.464920039999999517e+02 1.528970030000000122e+02
5.511630249999999478e+02 9.969000200000000689e+01
6.336250000000000000e+02 2.337709959999999967e+02
5.609879760000000033e+02 1.878390049999999860e+02
6.264310299999999643e+02 1.257030029999999954e+02
6.192340090000000146e+02 1.463520049999999912e+02
5.854169920000000502e+02 1.541199949999999887e+02
6.537899780000000192e+02 1.139909969999999930e+02
5.468779909999999518e+02 1.636810000000000116e+02
6.352680050000000165e+02 2.592990110000000072e+02
5.623510129999999663e+02 2.141300050000000113e+02
5.559639889999999696e+02 2.297299959999999999e+02
6.479370119999999815e+02 1.890599980000000073e+02
6.192910160000000133e+02 1.697769930000000045e+02
6.353090210000000297e+02 1.528110049999999944e+02
5.433540040000000317e+02 1.271230010000000021e+02
5.685880130000000463e+02 1.901939999999999884e+02
5.458289790000000039e+02 2.384510040000000117e+02
5.577080079999999498e+02 1.438079989999999952e+02
6.226879880000000185e+02 1.254570010000000053e+02
5.964990229999999656e+02 1.039479979999999983e+02
5.353740229999999656e+02 1.249869999999999948e+02
6.061550290000000132e+02 2.533600010000000111e+02
6.585469970000000330e+02 1.314810029999999870e+02
6.562869869999999537e+02 2.291519930000000045e+02
5.343070069999999987e+02 2.091139980000000094e+02
5.555109860000000026e+02 2.363189999999999884e+02
5.350590210000000297e+02 2.450079959999999915e+02
6.096370239999999967e+02 1.872570039999999949e+02
6.053699950000000172e+02 2.315409999999999968e+02
6.167470090000000482e+02 2.561870119999999815e+02
5.384489750000000186e+02 1.236659999999999968e+02
5.487410280000000284e+02 1.851410060000000044e+02
6.691229859999999690e+02 2.524109950000000140e+02
6.142960209999999961e+02 1.463820039999999949e+02
5.614739990000000489e+02 2.215019990000000121e+02
5.828389889999999696e+02 2.483240049999999997e+02
6.436060179999999491e+02 1.567610019999999906e+02
6.519609990000000153e+02 1.044380040000000065e+02
5.534000240000000304e+02 1.504819950000000119e+02
5.352269900000000007e+02 8.510299700000000200e+01
6.401870119999999815e+02 2.013029940000000124e+02
6.111790160000000469e+02 2.347669980000000010e+02
6.458510129999999663e+02 2.476670070000000123e+02
6.335460209999999961e+02 1.948379970000000014e+02
5.352680050000000165e+02 2.482689970000000130e+02
6.496480099999999993e+02 1.310330050000000028e+02
6.541900020000000495e+02 1.235719990000000053e+02
5.480239870000000337e+02 1.954929960000000051e+02
6.357189939999999524e+02 1.615420070000000123e+02
5.633959959999999683e+02 1.549519960000000083e+02
6.280100099999999657e+02 7.984799999999999898e+01
5.510100099999999657e+02 2.565339969999999994e+02
5.667789920000000166e+02 2.701409909999999854e+02
5.349860230000000456e+02 2.518240049999999997e+02
6.408439939999999524e+02 2.273040009999999995e+02
5.499199830000000020e+02 2.378820039999999949e+02
5.665349730000000363e+02 1.774880070000000103e+02
6.207030029999999670e+02 1.852330019999999990e+02
5.472910160000000133e+02 1.512980039999999917e+02
6.279110110000000304e+02 2.230119929999999897e+02
6.120300290000000132e+02 1.472769930000000045e+02
6.091680300000000443e+02 2.450700070000000039e+02
6.105360110000000304e+02 1.327409969999999930e+02
6.268369750000000522e+02 1.473139950000000056e+02
5.418880000000000337e+02 1.451810000000000116e+02
6.284439700000000357e+02 1.180149990000000031e+02
5.410850219999999808e+02 2.444720000000000084e+02
6.194959720000000516e+02 1.543150019999999927e+02
6.218120119999999815e+02 2.565350040000000149e+02
5.376060179999999491e+02 9.182800299999999538e+01
5.788900149999999485e+02 2.339640049999999860e+02
6.371870119999999815e+02 2.616570130000000063e+02
6.251049799999999550e+02 2.269519960000000083e+02
5.322340090000000146e+02 2.106119999999999948e+02
6.463159789999999703e+02 1.137750020000000006e+02
6.463560179999999491e+02 7.627100400000000491e+01
6.177039790000000039e+02 1.829190059999999960e+02
6.458590090000000146e+02 9.037599899999999309e+01
6.307390139999999974e+02 7.579399899999999946e+01
5.539970090000000482e+02 1.710330050000000028e+02
6.136539920000000166e+02 2.175760040000000117e+02
6.318020020000000159e+02 2.013609920000000102e+02
5.425640260000000126e+02 2.601090090000000146e+02
6.226989750000000186e+02 1.622769930000000045e+02
5.640620119999999815e+02 1.500910030000000006e+02
6.328430180000000291e+02 1.233529970000000020e+02
5.328369750000000522e+02 1.422680049999999881e+02
6.512390139999999974e+02 1.717709959999999967e+02
6.505579830000000356e+02 9.282399700000000564e+01
6.181950070000000323e+02 1.326380000000000052e+02
6.435700070000000323e+02 1.904640049999999860e+02
5.571550290000000132e+02 1.538209990000000005e+02
5.525469970000000330e+02 6.637599899999999309e+01
6.131430050000000165e+02 2.374159999999999968e+02
6.177650149999999485e+02 1.976080019999999990e+02
6.083189700000000357e+02 1.876750030000000038e+02
6.471400149999999485e+02 1.087570039999999949e+02
5.364500120000000152e+02 9.065899699999999939e+01
5.725520020000000159e+02 1.557359920000000102e+02
6.753179930000000013e+02 1.351109920000000102e+02
6.524769900000000007e+02 1.214759980000000041e+02
6.287109990000000153e+02 2.878399999999999892e+01
6.227189939999999524e+02 1.038050000000000068e+02
6.271459959999999683e+02 1.093799970000000030e+02
6.410440059999999676e+02 2.008359989999999868e+02
6.190609739999999874e+02 2.261080019999999990e+02
5.988380130000000463e+02 2.247640079999999898e+02
6.096409909999999854e+02 2.627569889999999759e+02
5.630170289999999795e+02 6.269599900000000048e+01
5.400570069999999987e+02 2.420319979999999873e+02
6.578339839999999867e+02 7.150700399999999490e+01
6.558649900000000343e+02 9.973600000000000421e+01
5.513229979999999841e+02 3.490000200000000063e+01
6.022500000000000000e+02 5.337699899999999786e+01
6.350570069999999987e+02 9.988999900000000309e+01
6.422410280000000284e+02 1.766109920000000102e+02
5.590490109999999504e+02 1.686609950000000140e+02
6.352869869999999537e+02 9.220500199999999325e+01
6.265209959999999683e+02 1.509949949999999887e+02
6.400490109999999504e+02 1.093639979999999952e+02
5.522960209999999961e+02 1.130739970000000056e+02
6.428720090000000482e+02 2.670220029999999838e+02
6.397080079999999498e+02 1.834700009999999963e+02
5.520250240000000304e+02 1.830509950000000003e+02
6.012160030000000006e+02 1.189550019999999932e+02
6.139030149999999821e+02 2.386360019999999906e+02
5.341160280000000284e+02 1.545140079999999898e+02
6.480689700000000357e+02 1.028730010000000021e+02
5.578070069999999987e+02 1.469499969999999962e+02
6.099450070000000323e+02 1.586529999999999916e+02
6.226799929999999677e+02 9.645200300000000482e+01
6.242719730000000027e+02 1.201670000000000016e+02
6.371589969999999994e+02 7.338099699999999359e+01
6.543640139999999974e+02 1.645700070000000039e+02
6.157579960000000483e+02 1.840030059999999992e+02
6.091220090000000482e+02 2.211829989999999952e+02
5.699379880000000185e+02 1.714320069999999987e+02
5.746569819999999709e+02 8.298600000000000421e+01
5.657150269999999637e+02 1.395650019999999927e+02
5.322030029999999670e+02 9.601799800000000573e+01
6.400499879999999848e+02 1.256009980000000041e+02
6.136060179999999491e+02 2.221040040000000033e+02
6.474879760000000033e+02 1.179579999999999984e+02
6.373090210000000297e+02 8.887300100000000214e+01
6.285200200000000450e+02 1.714900049999999965e+02
6.505679930000000013e+02 2.455370029999999986e+02
5.348189700000000357e+02 2.198950040000000001e+02
6.329689939999999524e+02 2.619540099999999825e+02
5.600000000000000000e+02 4.034400200000000325e+01
6.314160160000000133e+02 1.857969970000000046e+02
6.190310060000000476e+02 2.050359950000000140e+02
6.471909789999999703e+02 1.527079929999999877e+02
5.560170289999999795e+02 1.290359950000000140e+02
6.163389889999999696e+02 1.651069950000000119e+02
6.124539790000000039e+02 2.676340030000000070e+02
6.225549929999999677e+02 1.555030059999999992e+02
6.244229739999999538e+02 2.059159999999999968e+02
5.715780029999999670e+02 1.572070009999999911e+02
6.385900269999999637e+02 2.245279999999999916e+02
6.190709839999999531e+02 1.358459929999999929e+02
5.597039790000000039e+02 1.337500000000000000e+02
6.230369869999999537e+02 8.480500000000000682e+01
6.344890139999999974e+02 8.407499699999999621e+01
6.231740109999999504e+02 1.298970030000000122e+02
6.371560060000000476e+02 7.119400000000000261e+01
6.178150020000000495e+02 2.257050020000000075e+02
6.392839969999999994e+02 1.554199979999999925e+02
6.605780029999999670e+02 1.186829989999999952e+02
6.273930050000000165e+02 9.618800400000000650e+01
5.555109860000000026e+02 1.528130040000000065e+02
6.763170169999999644e+02 1.720039979999999957e+02
5.923690189999999802e+02 2.494649960000000135e+02
6.296240229999999656e+02 2.503410030000000006e+02
5.360980220000000145e+02 1.498189999999999884e+02
6.511320190000000139e+02 1.742019960000000083e+02
5.328449709999999868e+02 2.276920010000000048e+02
6.565629880000000185e+02 1.795910030000000006e+02
6.315089719999999716e+02 2.025789949999999919e+02
6.173419800000000350e+02 8.576899699999999882e+01
5.578400269999999637e+02 2.191580050000000028e+02
5.360430300000000443e+02 8.247199999999999420e+01
6.135759890000000496e+02 2.539900049999999965e+02
5.984240109999999504e+02 2.312250060000000076e+02
6.347329710000000205e+02 1.977420040000000085e+02
6.126389769999999544e+02 2.413340000000000032e+02
6.338690189999999802e+02 1.882590030000000070e+02
5.575490109999999504e+02 2.032530059999999992e+02
6.481890260000000126e+02 2.114439999999999884e+02
6.297949830000000020e+02 1.786459959999999967e+02
6.157210079999999834e+02 1.015370029999999986e+02
6.508060299999999643e+02 1.492209929999999929e+02
6.451339719999999716e+02 1.607310029999999870e+02
5.488259890000000496e+02 1.412480009999999879e+02
6.203049929999999677e+02 1.367590030000000070e+02
5.497949830000000020e+02 1.661470030000000122e+02
5.324050290000000132e+02 2.558650049999999965e+02
6.201589969999999994e+02 1.650720059999999876e+02
6.544219970000000330e+02 2.313769990000000121e+02
6.504180300000000443e+02 1.483659969999999930e+02
6.628800049999999828e+02 1.145820010000000053e+02
5.388250120000000152e+02 2.480769960000000083e+02
6.305939939999999524e+02 1.009970019999999948e+02
6.391900020000000495e+02 2.272630000000000052e+02
5.474760129999999663e+02 1.620959929999999929e+02
6.398469850000000179e+02 1.460729980000000126e+02
6.318499759999999696e+02 1.689089969999999994e+02
6.314060060000000476e+02 1.681959990000000005e+02
5.642180180000000291e+02 1.543099980000000073e+02
6.078670039999999517e+02 2.579790039999999749e+02
6.519580079999999498e+02 1.929029999999999916e+02
6.579589839999999867e+02 7.423999799999999993e+01
6.389749759999999696e+02 1.914490049999999997e+02
6.509140009999999847e+02 2.148880000000000052e+02
5.521140139999999974e+02 1.747740019999999959e+02
6.253400269999999637e+02 1.068519969999999972e+02
5.643750000000000000e+02 2.142720030000000122e+02
5.653909909999999854e+02 1.624199979999999925e+02
5.663829960000000483e+02 1.045630040000000065e+02
6.058679809999999861e+02 2.660050049999999828e+02
6.508410030000000006e+02 1.456280059999999992e+02
6.403909909999999854e+02 7.183699799999999414e+01
6.230869750000000522e+02 2.216529999999999916e+02
6.174840090000000146e+02 1.645440059999999960e+02
5.543350219999999808e+02 2.064199979999999925e+02
5.354559940000000324e+02 8.744799799999999834e+01
6.518950200000000450e+02 1.009229969999999952e+02
5.493179930000000013e+02 1.617960050000000081e+02
6.609849850000000515e+02 9.401100200000000484e+01
6.204140009999999847e+02 9.215000200000000063e+01
6.042890009999999847e+02 2.427369999999999948e+02
6.269879760000000033e+02 2.229530029999999954e+02
5.599010009999999511e+02 4.668800000000000239e+01
6.237230220000000145e+02 8.680500000000000682e+01
5.461439820000000509e+02 2.349299929999999961e+02
6.319359739999999874e+02 2.526990049999999997e+02
6.648380130000000463e+02 1.833200070000000039e+02
6.353569949999999835e+02 2.068800050000000113e+02
6.141240229999999656e+02 1.573800050000000113e+02
5.376209720000000516e+02 2.210679930000000013e+02
6.370239870000000337e+02 1.628130040000000065e+02
6.283900149999999485e+02 8.857499699999999621e+01
5.347059940000000324e+02 1.117979969999999952e+02
6.218779909999999518e+02 6.782199900000000525e+01
5.407050169999999980e+02 2.254199979999999925e+02
6.230369869999999537e+02 2.072339939999999956e+02
6.436829830000000356e+02 2.185980069999999955e+02
6.318530269999999973e+02 2.610969850000000179e+02
6.506259770000000344e+02 7.438400300000000698e+01
6.151510009999999511e+02 1.867909999999999968e+02
5.552180180000000291e+02 1.556979980000000126e+02
6.072410280000000284e+02 2.595570069999999987e+02
5.744899900000000343e+02 1.539649960000000135e+02
5.655739750000000186e+02 2.198829959999999915e+02
6.285540160000000469e+02 1.790420070000000123e+02
6.254520260000000462e+02 1.479290009999999995e+02
6.303300169999999980e+02 2.665499879999999848e+02
6.963250120000000152e+02 8.225000000000000000e+01
5.643720090000000482e+02 1.186520000000000010e+02
6.256160280000000284e+02 1.965189970000000130e+02
6.839470209999999497e+02 7.462000299999999697e+01
5.565029909999999518e+02 2.270319979999999873e+02
5.377069699999999557e+02 2.288450009999999963e+02
6.488250120000000152e+02 1.325079959999999915e+02
6.319660030000000006e+02 8.950199899999999786e+01
6.458099979999999505e+02 1.960520019999999874e+02
6.123800049999999828e+02 2.164470059999999876e+02
6.445189820000000509e+02 2.606170040000000085e+02
6.948610230000000456e+02 1.692140049999999860e+02
5.519829710000000205e+02 3.824000199999999694e+01
6.054899900000000343e+02 2.046860049999999944e+02
5.446329960000000483e+02 1.574369959999999935e+02
6.302670289999999795e+02 2.667669980000000010e+02
6.529739990000000489e+02 1.986020049999999912e+02
6.578850099999999657e+02 1.732420040000000085e+02
6.014429930000000013e+02 2.547500000000000142e+01
5.403889769999999544e+02 2.322460020000000043e+02
6.467340090000000146e+02 2.343500060000000076e+02
5.340419920000000502e+02 1.334230039999999917e+02
6.107650149999999485e+02 2.159190059999999960e+02
6.421920169999999644e+02 1.181470029999999980e+02
6.488549799999999550e+02 1.673150019999999927e+02
6.239060060000000476e+02 1.183840030000000070e+02
6.026989750000000186e+02 1.402100069999999903e+02
5.338449709999999868e+02 1.233489990000000063e+02
6.279270020000000159e+02 1.531750030000000038e+02
6.415390009999999847e+02 1.225179980000000057e+02
5.657769779999999855e+02 2.047610019999999906e+02
6.237949830000000020e+02 1.216999969999999962e+02
6.323040160000000469e+02 1.994790040000000033e+02
5.639760129999999663e+02 1.664700009999999963e+02
6.590219730000000027e+02 1.474439999999999884e+02
6.440930180000000291e+02 8.766799899999999468e+01
5.546040040000000317e+02 1.564980009999999879e+02
6.489390260000000126e+02 7.088400300000000698e+01
5.342369999999999663e+02 2.311820069999999987e+02
6.573809810000000198e+02 2.066860049999999944e+02
6.149500120000000152e+02 2.372380070000000103e+02
6.567230220000000145e+02 1.181989970000000056e+02
6.090599979999999505e+02 2.261659999999999968e+02
6.079420169999999644e+02 2.108399960000000135e+02
6.311380000000000337e+02 2.068690029999999922e+02
6.021840210000000297e+02 6.496399700000000621e+01
6.774279790000000503e+02 3.525799899999999809e+01
6.469979859999999690e+02 1.825500030000000038e+02
6.579260249999999814e+02 1.109159999999999968e+02
5.763159789999999703e+02 1.298750000000000000e+02
6.174890139999999974e+02 2.297239989999999921e+02
6.262470090000000482e+02 1.920010069999999871e+02
5.785709839999999531e+02 1.538890079999999898e+02
5.438519900000000007e+02 2.054530029999999954e+02
6.019279790000000503e+02 2.054980009999999879e+02
6.376630249999999478e+02 2.303890079999999898e+02
6.395789790000000039e+02 8.386499799999999993e+01
5.329180300000000443e+02 1.291250000000000000e+02
6.293099979999999505e+02 2.498399960000000135e+02
6.943709720000000516e+02 2.566379999999999768e+02
6.440609739999999874e+02 2.137790070000000071e+02
6.022689820000000509e+02 1.088820039999999949e+02
6.154140009999999847e+02 1.703710020000000043e+02
5.918839719999999716e+02 1.850639950000000056e+02
5.952349850000000515e+02 2.419210050000000081e+02
6.334710079999999834e+02 1.092870029999999986e+02
6.589039920000000166e+02 3.254700100000000162e+01
6.122180180000000291e+02 1.347579959999999915e+02
5.605560299999999643e+02 1.895189970000000130e+02
5.981920169999999644e+02 2.629249879999999848e+02
6.589099730000000363e+02 1.019570010000000053e+02
6.501840210000000297e+02 8.712899799999999573e+01
6.413430180000000291e+02 9.027200299999999800e+01
6.181030269999999973e+02 1.925420070000000123e+02
5.687020260000000462e+02 1.535399930000000097e+02
6.678419800000000350e+02 8.095500199999999325e+01
6.217020260000000462e+02 1.646410060000000044e+02
6.613569949999999835e+02 1.407239989999999921e+02
5.723410030000000006e+02 1.837949979999999925e+02
6.250720209999999497e+02 5.906199999999999761e+01
5.330449830000000020e+02 3.497800099999999901e+01
5.516690059999999676e+02 1.199400020000000069e+02
6.472030029999999670e+02 1.244329989999999952e+02
6.427500000000000000e+02 1.269199980000000068e+02
5.330079960000000483e+02 9.139800300000000277e+01
6.010300290000000132e+02 4.491599999999999682e+01
6.258510129999999663e+02 1.563410030000000006e+02
6.221209720000000516e+02 1.366880040000000065e+02
6.905560299999999643e+02 1.075339969999999994e+02
5.884299929999999677e+02 1.179260029999999944e+02
6.504349979999999505e+02 1.694429930000000013e+02
5.983829960000000483e+02 1.251790009999999995e+02
6.045560299999999643e+02 2.207899930000000097e+02
6.413540040000000317e+02 2.338840030000000070e+02
5.637529909999999518e+02 2.312319950000000119e+02
5.578049929999999677e+02 1.674510040000000117e+02
5.857479859999999690e+02 2.679930110000000241e+02
6.297869869999999537e+02 2.281360019999999906e+02
6.393099979999999505e+02 1.126920010000000048e+02
6.474829710000000205e+02 8.477600099999999372e+01
6.430419920000000502e+02 1.022490010000000069e+02
5.780070190000000139e+02 7.783899700000000621e+01
5.902369999999999663e+02 2.531250000000000000e+02
5.757999879999999848e+02 1.450809940000000040e+02
6.251179809999999861e+02 2.210859989999999868e+02
6.170980220000000145e+02 1.393919980000000010e+02
6.498419800000000350e+02 1.508229980000000126e+02
6.446209720000000516e+02 1.385140079999999898e+02
6.595319819999999709e+02 5.280300100000000185e+01
6.163959959999999683e+02 1.708939970000000130e+02
6.292030029999999670e+02 1.504230039999999917e+02
5.491279909999999518e+02 1.941620029999999986e+02
6.343229979999999841e+02 1.517519990000000121e+02
6.468729859999999690e+02 7.021900200000000325e+01
5.384420169999999644e+02 1.206520000000000010e+02
5.461500240000000304e+02 2.026970059999999876e+02
6.121229859999999690e+02 1.630350039999999865e+02
6.011079710000000205e+02 2.599039920000000166e+02
6.248750000000000000e+02 1.682810059999999908e+02
6.445739750000000186e+02 1.095989990000000063e+02
6.415599979999999505e+02 1.815209959999999967e+02
6.215079960000000483e+02 1.958979950000000088e+02
5.656220090000000482e+02 1.591770019999999874e+02
6.327459720000000516e+02 2.303990019999999959e+02
6.460059810000000198e+02 1.018590010000000063e+02
6.016710209999999961e+02 1.931659999999999968e+02
5.700219730000000027e+02 2.099029999999999916e+02
6.312290040000000317e+02 2.347640079999999898e+02
6.230599979999999505e+02 2.110319979999999873e+02
6.205339969999999994e+02 1.640189970000000130e+02
6.433959959999999683e+02 1.908020019999999874e+02
6.599730220000000145e+02 9.918800400000000650e+01
6.250839839999999867e+02 2.376170040000000085e+02
6.255079960000000483e+02 1.254950029999999970e+02
6.082639769999999544e+02 2.252010040000000117e+02
6.731550290000000132e+02 1.490840000000000032e+02
5.513400269999999637e+02 1.613820039999999949e+02
5.445230099999999993e+02 2.032469940000000008e+02
6.438880000000000337e+02 9.006099700000000041e+01
6.348759770000000344e+02 2.039720000000000084e+02
5.737639769999999544e+02 1.611519930000000045e+02
5.440490109999999504e+02 1.317949979999999925e+02
6.186389769999999544e+02 1.439609989999999868e+02
5.340629880000000185e+02 1.284149930000000097e+02
6.377139889999999696e+02 1.226060030000000012e+02
6.180880130000000463e+02 1.859869999999999948e+02
6.396909789999999703e+02 1.901269990000000121e+02
6.748449709999999868e+02 9.143599700000000041e+01
5.994349979999999505e+02 1.650910030000000006e+02
5.644030149999999821e+02 2.017369999999999948e+02
5.870729979999999841e+02 2.688630069999999819e+02
6.305150149999999485e+02 8.143900299999999959e+01
5.498980099999999993e+02 1.829360049999999944e+02
5.456699830000000020e+02 2.127969970000000046e+02
6.434349979999999505e+02 2.548260040000000117e+02
6.388220209999999497e+02 1.199639970000000062e+02
6.125130000000000337e+02 1.431990049999999997e+02
5.520789790000000039e+02 2.052319950000000119e+02
5.536589969999999994e+02 2.091589969999999994e+02
6.010330199999999650e+02 2.009450070000000039e+02
6.220889889999999696e+02 1.879909969999999930e+02
6.576760249999999814e+02 1.107949980000000068e+02
6.378330079999999498e+02 1.888710020000000043e+02
6.393649900000000343e+02 1.637310029999999870e+02
5.374569699999999557e+02 2.318009950000000003e+02
5.926309810000000198e+02 2.528650049999999965e+02
5.510109860000000026e+02 1.495549929999999961e+02
5.479470209999999497e+02 2.189869999999999948e+02
6.360460209999999961e+02 1.816119999999999948e+02
5.378359990000000153e+02 2.437769930000000045e+02
5.609849850000000515e+02 2.231340030000000070e+02
6.289899900000000343e+02 1.452409969999999930e+02
6.309329830000000356e+02 2.610740049999999997e+02
5.692529909999999518e+02 1.629400019999999927e+02
6.064849850000000515e+02 2.321280059999999992e+02
5.504559940000000324e+02 2.090489959999999883e+02
6.190570069999999987e+02 1.191829989999999952e+02
6.787080079999999498e+02 1.859629970000000014e+02
6.131250000000000000e+02 2.115850069999999903e+02
6.251580199999999650e+02 2.428200070000000039e+02
5.383809810000000198e+02 9.141799899999999468e+01
6.290850219999999808e+02 1.147880020000000059e+02
6.178140260000000126e+02 2.036380000000000052e+02
6.505540160000000469e+02 1.719120029999999986e+02
6.504110110000000304e+02 1.441759950000000003e+02
6.325659789999999703e+02 2.617319949999999835e+02
5.493750000000000000e+02 1.856199949999999887e+02
6.339829710000000205e+02 8.175700399999999490e+01
6.440339969999999994e+02 1.720099950000000035e+02
5.532310179999999491e+02 1.576439970000000130e+02
5.345939939999999524e+02 2.521690059999999960e+02
5.522280269999999973e+02 1.615390010000000132e+02
5.668510129999999663e+02 7.599500299999999697e+01
6.468129880000000185e+02 1.750119929999999897e+02
6.352340090000000146e+02 8.106500200000000689e+01
6.345139769999999544e+02 1.302630000000000052e+02
6.117269900000000007e+02 2.641270139999999742e+02
6.477880249999999478e+02 1.767500000000000000e+02
6.626500240000000304e+02 1.368990019999999959e+02
6.018010249999999814e+02 1.264189989999999995e+02
6.574660030000000006e+02 2.470260010000000079e+02
6.336660160000000133e+02 8.095099600000000351e+01
6.392150269999999637e+02 2.054869999999999948e+02
5.769000240000000304e+02 1.437949979999999925e+02
6.319959720000000516e+02 1.367559970000000078e+02
6.379920039999999517e+02 1.129420010000000048e+02
6.433469850000000179e+02 2.208520049999999912e+02
6.876380000000000337e+02 3.758700199999999825e+01
6.184370119999999815e+02 2.121600039999999865e+02
5.539780269999999973e+02 2.288650049999999965e+02
6.363950200000000450e+02 2.478999939999999924e+02
5.997369999999999663e+02 2.216399989999999889e+02
5.517839969999999994e+02 2.180359950000000140e+02
6.399669800000000350e+02 1.629750060000000076e+02
5.407280269999999973e+02 1.542180020000000127e+02
6.162890009999999847e+02 1.024779970000000020e+02
6.383439939999999524e+02 2.421929930000000013e+02
6.306890260000000126e+02 1.456959990000000005e+02
5.805289920000000166e+02 1.525800020000000075e+02
6.487919920000000502e+02 2.129069979999999873e+02
5.511770020000000159e+02 1.349900049999999965e+02
5.413989870000000337e+02 2.545549929999999961e+02
6.055079960000000483e+02 2.259259950000000003e+02
6.569000240000000304e+02 2.547449949999999887e+02
6.213070069999999987e+02 1.930169980000000010e+02
6.399509890000000496e+02 9.234899900000000628e+01
6.405089719999999716e+02 2.609830019999999990e+02
6.944390260000000126e+02 1.634120029999999986e+02
6.766779790000000503e+02 1.500890049999999860e+02
5.869409789999999703e+02 1.403070069999999987e+02
6.235999759999999696e+02 2.242519990000000121e+02
6.444940189999999802e+02 2.355119929999999897e+02
5.770960079999999834e+02 1.535610049999999944e+02
5.510650020000000495e+02 2.425469970000000046e+02
5.911840210000000297e+02 2.550429990000000089e+02
5.419370119999999815e+02 2.348829959999999915e+02
6.263099979999999505e+02 1.134670030000000054e+02
5.424790040000000317e+02 1.044400020000000069e+02
6.428790279999999484e+02 2.481459959999999967e+02
6.369249879999999848e+02 2.623859860000000026e+02
6.062630000000000337e+02 1.972660060000000044e+02
6.041550290000000132e+02 1.972400049999999965e+02
5.523209839999999531e+02 6.585500299999999640e+01
5.592780149999999821e+02 1.470099950000000035e+02
5.606259770000000344e+02 2.013390049999999860e+02
6.216489870000000337e+02 2.203809970000000078e+02
5.422609860000000026e+02 1.213229979999999983e+02
6.330930180000000291e+02 1.983240049999999997e+02
6.246550290000000132e+02 1.822279969999999878e+02
6.193519900000000007e+02 1.657579959999999915e+02
5.896489870000000337e+02 2.624140009999999847e+02
5.513720090000000482e+02 1.068180009999999953e+02
6.455399780000000192e+02 1.146979979999999983e+02
5.545800169999999980e+02 9.503199800000000153e+01
5.523670039999999517e+02 2.339029999999999916e+02
6.028870239999999967e+02 2.383130040000000065e+02
6.577999879999999848e+02 2.249389950000000056e+02
6.207219850000000179e+02 1.693060000000000116e+02
5.562420039999999517e+02 1.476479950000000088e+02
6.541760249999999814e+02 1.688520049999999912e+02
6.528309940000000324e+02 2.022700040000000001e+02
5.601840210000000297e+02 1.922899930000000097e+02
6.369130249999999478e+02 1.418990019999999959e+02
6.520529790000000503e+02 9.048100300000000118e+01
5.573239750000000186e+02 2.094210050000000081e+02
6.487440189999999802e+02 2.396759950000000003e+02
5.396630249999999478e+02 2.296300050000000113e+02
6.370399780000000192e+02 1.375489959999999883e+02
5.906640009999999847e+02 2.673439940000000092e+02
6.252860110000000304e+02 6.130199799999999755e+01
5.515549929999999677e+02 9.520099600000000351e+01
6.539769900000000007e+02 1.826340030000000070e+02
6.066290279999999484e+02 2.294259950000000003e+02
6.123159789999999703e+02 2.092440029999999922e+02
6.138959959999999683e+02 1.171190030000000064e+02
6.507130130000000463e+02 7.252400199999999586e+01
6.298530269999999973e+02 9.401000200000000007e+01
6.189929809999999861e+02 1.848899989999999889e+02
6.008590090000000146e+02 2.354219970000000046e+02
5.614210209999999961e+02 1.660720059999999876e+02
6.324819949999999835e+02 2.669989929999999845e+02
5.430729979999999841e+02 2.076900019999999927e+02
6.110040279999999484e+02 1.887310029999999870e+02
6.305430300000000443e+02 2.669060059999999908e+02
6.203980099999999993e+02 2.212669980000000010e+02
6.473319699999999557e+02 1.864019930000000045e+02
6.574299929999999677e+02 1.873359989999999868e+02
6.528109739999999874e+02 2.820599899999999849e+01
5.584920039999999517e+02 1.769660030000000006e+02
6.005869750000000522e+02 2.124810029999999870e+02
5.527490229999999656e+02 2.513000030000000038e+02
6.475339969999999994e+02 1.211800000000000068e+02
5.333060299999999643e+02 2.189510040000000117e+02
6.477239990000000489e+02 7.080200200000000166e+01
5.444039920000000166e+02 1.973750000000000000e+02
5.526749879999999848e+02 1.604869999999999948e+02
6.221630249999999478e+02 1.306900019999999927e+02
6.483709720000000516e+02 1.089660030000000006e+02
6.473489990000000489e+02 1.970290070000000071e+02
6.150739750000000186e+02 1.218919980000000010e+02
6.027059940000000324e+02 2.432160030000000006e+02
5.480720209999999497e+02 2.093350069999999903e+02
5.450410160000000133e+02 2.330720059999999876e+02
5.638889769999999544e+02 2.066670070000000123e+02
6.508800049999999828e+02 7.918599700000000041e+01
6.320280149999999821e+02 1.944159999999999968e+02
6.312310179999999491e+02 2.485610049999999944e+02
5.609799799999999550e+02 2.140789949999999919e+02
