1.395700070000000039e+02 4.013810119999999984e+02
3.910499999999999687e+01 3.812659909999999854e+02
1.160989990000000063e+02 2.963829959999999915e+02
8.683999599999999930e+01 3.078980099999999993e+02
1.371119999999999948e+02 2.896889949999999772e+02
6.361399800000000226e+01 4.068659969999999930e+02
4.727600100000000083e+01 3.380639949999999772e+02
1.645859989999999868e+02 2.868229979999999841e+02
1.297480009999999879e+02 4.151730039999999917e+02
1.700980069999999955e+02 2.786319889999999759e+02
1.638079989999999952e+02 3.594450069999999755e+02
1.545879970000000014e+02 3.421239929999999845e+02
2.112800000000000011e+01 3.115979919999999765e+02
1.703569950000000119e+02 3.713009950000000003e+02
1.356999969999999962e+02 2.722950129999999831e+02
1.609709929999999929e+02 3.354710079999999834e+02
1.261470029999999980e+02 4.264779970000000162e+02
4.344200099999999765e+01 3.457009889999999928e+02
1.546380000000000052e+02 3.577529910000000086e+02
7.561499799999999993e+01 4.615790099999999825e+02
1.256210020000000043e+02 3.236640009999999847e+02
1.389159999999999968e+02 4.194299930000000245e+02
1.629880070000000103e+02 4.212200010000000248e+02
1.135250020000000006e+02 3.992349849999999947e+02
3.591199900000000156e+01 3.703500060000000076e+02
2.985600099999999912e+01 3.501910100000000057e+02
7.931099700000000041e+01 2.848829959999999915e+02
7.490499900000000366e+01 4.102690119999999752e+02
1.132689969999999988e+02 3.972829899999999839e+02
1.638630070000000103e+02 2.726879880000000185e+02
1.522920070000000123e+02 3.476489869999999769e+02
9.516100299999999379e+01 4.162799989999999752e+02
1.267630000000000052e+02 2.727370000000000232e+02
1.651210020000000043e+02 3.455129999999999768e+02
1.280359950000000140e+02 3.609519960000000083e+02
6.805500000000000682e+01 3.937179869999999937e+02
1.371369929999999897e+02 2.818479919999999765e+02
8.838200399999999490e+01 3.913890079999999898e+02
6.746600300000000061e+01 2.768439940000000092e+02
1.538780059999999992e+02 3.722659909999999854e+02
3.015200000000000102e+01 3.022629999999999768e+02
3.611099999999999710e+01 2.993469850000000179e+02
1.381909939999999892e+02 3.695280149999999821e+02
1.536360019999999906e+02 3.098670040000000085e+02
6.595799999999999841e+01 2.866369930000000181e+02
1.000690000000000026e+02 2.807950129999999831e+02
1.284320069999999987e+02 2.902690119999999752e+02
6.383400000000000318e+01 4.073710019999999759e+02
7.798000000000000043e+00 3.353179930000000013e+02
7.063500200000000007e+01 4.093320009999999911e+02
5.262200200000000194e+01 2.890369870000000105e+02
1.377839969999999994e+02 4.026000060000000076e+02
1.447270049999999912e+02 3.634100040000000149e+02
6.935399599999999509e+01 2.760350040000000149e+02
1.045670010000000048e+02 2.880740049999999997e+02
1.560639950000000056e+02 3.345759889999999928e+02
2.745299899999999838e+01 3.031589969999999994e+02
1.602270049999999912e+02 3.270490110000000072e+02
4.093800000000000239e+01 3.935129999999999768e+02
1.128740010000000069e+02 4.181879880000000185e+02
1.376810000000000116e+02 4.276069949999999835e+02
6.305899800000000255e+01 2.889949950000000172e+02
1.548809970000000078e+02 4.216340030000000070e+02
2.980400099999999952e+01 3.071350100000000225e+02
1.567709959999999967e+02 2.964100040000000149e+02
1.679420010000000048e+02 4.092189940000000092e+02
1.279680019999999985e+02 2.868340150000000222e+02
4.413999900000000309e+01 3.807359920000000102e+02
1.024599989999999963e+02 4.194020080000000235e+02
5.157099900000000048e+01 3.869609990000000153e+02
1.686759950000000003e+02 2.808269960000000083e+02
1.508189999999999884e+02 4.301990049999999997e+02
6.974600200000000427e+01 3.027959900000000175e+02
4.681300000000000239e+01 3.523850100000000225e+02
1.088519969999999972e+02 3.904890139999999974e+02
1.183259960000000035e+02 2.926730039999999917e+02
1.510999999999999943e+01 3.644179990000000089e+02
6.102700000000000102e+01 3.221629940000000261e+02
8.790799699999999461e+01 3.819779970000000162e+02
1.895799999999999841e+01 3.714219969999999762e+02
4.858599900000000105e+01 3.040100100000000225e+02
3.797800099999999901e+01 3.773879999999999768e+02
9.406900000000000261e+01 2.858810119999999984e+02
1.090179980000000057e+02 2.825000000000000000e+02
1.427510069999999871e+02 2.905060119999999984e+02
1.707400049999999965e+02 4.665360109999999736e+02
3.221699900000000127e+01 3.837999879999999848e+02
1.257389979999999952e+02 4.184159849999999778e+02
1.184779970000000020e+02 3.898559880000000248e+02
1.183610000000000042e+02 4.235029910000000086e+02
1.565229950000000088e+02 3.554809880000000248e+02
9.466200299999999856e+01 3.937109990000000153e+02
1.331710050000000081e+02 4.006350100000000225e+02
1.118489990000000063e+02 2.773550109999999904e+02
1.263079989999999952e+02 4.307600100000000225e+02
7.183499899999999627e+01 4.684259950000000003e+02
1.629100039999999865e+02 3.805669859999999858e+02
1.389570009999999911e+02 3.887990110000000072e+02
1.680919949999999972e+02 3.318299870000000169e+02
3.221600000000000108e+01 3.036950069999999755e+02
1.576320039999999949e+02 3.848229979999999841e+02
3.512699899999999786e+01 3.200639949999999772e+02
1.436219940000000008e+02 3.572489929999999845e+02
3.241400099999999895e+01 3.713429869999999937e+02
1.184940030000000064e+02 4.043179930000000013e+02
1.513020019999999874e+02 4.121610109999999736e+02
1.114879990000000021e+02 3.939949950000000172e+02
1.295500030000000038e+02 3.455520020000000159e+02
1.543679960000000051e+02 2.821010130000000231e+02
1.313309940000000040e+02 3.620409849999999778e+02
1.309949949999999887e+02 4.089880069999999819e+02
6.159199900000000127e+01 4.023510130000000231e+02
1.324270019999999874e+02 4.175660100000000057e+02
1.638350069999999903e+02 3.197529910000000086e+02
1.692769930000000045e+02 4.715509950000000003e+02
4.688299899999999809e+01 3.679039920000000166e+02
1.249170000000000016e+02 4.166120000000000232e+02
1.110650020000000069e+02 2.839249879999999848e+02
1.532239989999999921e+02 4.306830140000000142e+02
7.586399799999999516e+01 3.701520080000000235e+02
5.837500000000000000e+01 4.019079899999999839e+02
3.233299999999999841e+01 2.747309880000000248e+02
6.676999700000000360e+01 3.662890009999999847e+02
1.320619959999999935e+02 3.388320009999999911e+02
6.455799899999999525e+01 3.771019900000000007e+02
1.046829989999999952e+02 4.520329899999999839e+02
7.042299699999999518e+01 3.758930050000000165e+02
1.538659969999999930e+02 3.600559999999999832e+02
1.506929930000000013e+02 4.184209900000000175e+02
2.308699999999999974e+01 3.317470089999999914e+02
1.160230030000000028e+02 4.010870059999999739e+02
4.385499999999999687e+01 3.021499939999999924e+02
1.603359989999999868e+02 2.752170100000000161e+02
1.930199999999999960e+01 3.369200129999999831e+02
6.383599900000000105e+01 3.958359990000000153e+02
1.550610049999999944e+02 3.192179869999999937e+02
1.714199999999999946e+01 3.704890139999999974e+02
1.583269960000000083e+02 3.251419980000000010e+02
8.933100100000000054e+01 3.867739869999999769e+02
2.421499999999999986e+01 3.696809999999999832e+02
5.455099899999999735e+01 4.019920040000000085e+02
1.964100099999999927e+01 3.342799989999999752e+02
6.490300000000000580e+01 3.055020139999999742e+02
2.986700099999999836e+01 3.103959960000000251e+02
1.439179990000000089e+02 3.764100040000000149e+02
1.627070009999999911e+02 3.468980099999999993e+02
2.789600000000000080e+01 3.253510130000000231e+02
3.235100200000000115e+01 4.016409909999999854e+02
7.436299900000000207e+01 3.163399959999999851e+02
1.579170070000000123e+02 3.876600040000000149e+02
6.575399799999999573e+01 3.866539920000000166e+02
9.444300099999999532e+01 2.906969910000000255e+02
3.295000100000000032e+01 3.984809880000000248e+02
1.637100069999999903e+02 3.661650089999999977e+02
6.331100099999999742e+01 3.206220089999999914e+02
3.384700000000000131e+01 3.870769960000000083e+02
1.060589980000000025e+02 2.891239929999999845e+02
2.117200100000000162e+01 3.118299870000000169e+02
1.659000000000000030e+00 2.949259950000000003e+02
1.482480009999999879e+02 2.904859920000000102e+02
4.562599900000000019e+01 3.422680050000000165e+02
1.335659939999999892e+02 3.241919859999999858e+02
2.215099899999999877e+01 3.589779970000000162e+02
5.043199899999999758e+01 2.993909909999999854e+02
1.054369959999999935e+02 2.943810119999999984e+02
1.627480009999999879e+02 3.674899899999999775e+02
8.740399899999999889e+01 3.787130129999999895e+02
5.506300000000000239e+01 3.650929869999999937e+02
5.809100000000000108e+01 2.985589899999999943e+02
1.412810059999999908e+02 3.712380069999999819e+02
8.878099799999999675e+01 3.651549989999999752e+02
7.141799899999999468e+01 3.821149899999999775e+02
1.487640079999999898e+02 3.339960019999999759e+02
1.190309979999999968e+02 3.913380129999999895e+02
1.107939989999999995e+02 4.191149899999999775e+02
1.603589939999999956e+02 4.347359920000000102e+02
9.844699900000000525e+01 4.128739929999999845e+02
1.333370060000000024e+02 2.860180050000000165e+02
1.062460020000000043e+02 2.983729860000000258e+02
1.120299990000000037e+02 4.041270139999999742e+02
5.256100099999999742e+01 4.002250060000000076e+02
6.390700100000000106e+01 3.716589969999999994e+02
1.126520000000000010e+02 4.088869930000000181e+02
1.285579989999999952e+02 2.878059999999999832e+02
2.616000000000000014e+01 3.940140079999999898e+02
1.327800000000000047e+01 3.306140139999999974e+02
5.190000200000000063e+01 2.862179869999999937e+02
5.840499899999999656e+01 3.323710019999999759e+02
5.047999999999999687e+01 3.191740110000000072e+02
3.915299999999999869e+01 3.930530089999999745e+02
1.678630070000000103e+02 4.061650089999999977e+02
1.504490049999999997e+02 3.228900150000000053e+02
1.596950070000000039e+02 2.767059939999999756e+02
1.442960050000000081e+02 4.056979979999999841e+02
1.487460020000000043e+02 3.785409849999999778e+02
6.490799699999999461e+01 3.836019900000000007e+02
2.704899999999999949e+01 3.783580019999999990e+02
7.104399899999999946e+01 3.023609920000000102e+02
1.565200040000000001e+02 3.799320069999999987e+02
1.608569950000000119e+02 3.218779910000000086e+02
1.497740019999999959e+02 4.104349980000000073e+02
1.453150019999999927e+02 4.111059880000000248e+02
5.994599900000000048e+01 3.824739989999999921e+02
5.410100200000000115e+01 4.293290099999999825e+02
1.565919949999999972e+02 3.707090150000000222e+02
1.812000099999999847e+01 3.396860050000000228e+02
1.592899930000000097e+02 3.252810059999999908e+02
1.326560059999999908e+02 3.311849980000000073e+02
1.327960050000000081e+02 3.433590090000000146e+02
1.212409969999999930e+02 4.166510010000000079e+02
8.773899799999999516e+01 4.018299870000000169e+02
1.348979950000000088e+02 4.211409909999999854e+02
2.661100000000000065e+01 3.593290099999999825e+02
1.512310029999999870e+02 4.164819949999999835e+02
1.515339969999999994e+02 3.152139890000000264e+02
1.416679990000000089e+02 3.577319949999999835e+02
4.045999900000000338e+01 3.646619870000000105e+02
3.715299999999999869e+01 3.300010070000000155e+02
1.618000030000000038e+02 3.426459960000000251e+02
1.563099980000000073e+02 4.308680110000000241e+02
3.375799899999999809e+01 4.606640009999999847e+02
1.358849950000000035e+02 3.226690060000000244e+02
1.470409999999999968e+02 3.182359920000000102e+02
8.936100000000000421e+01 3.030989989999999921e+02
9.175499700000000303e+01 3.929400019999999927e+02
1.195380020000000059e+02 3.923670040000000085e+02
1.563410030000000006e+02 4.581449890000000096e+02
7.354299899999999468e+01 3.026570130000000063e+02
3.012999900000000153e+01 3.359249879999999848e+02
1.532129970000000014e+02 3.728750000000000000e+02
2.560500000000000043e+01 3.253909909999999854e+02
1.193570019999999943e+02 2.711489869999999769e+02
1.207750020000000006e+02 3.901849980000000073e+02
1.632830050000000028e+02 3.571589969999999994e+02
1.538049929999999961e+02 4.204880069999999819e+02
5.193999900000000025e+01 4.266239929999999845e+02
1.414779969999999878e+02 3.673460079999999834e+02
1.206650010000000037e+02 4.251059880000000248e+02
4.997299999999999898e+01 4.332990110000000072e+02
5.436600099999999713e+01 3.116010130000000231e+02
5.275199899999999786e+01 3.265169980000000010e+02
1.034430009999999953e+02 2.751130069999999819e+02
1.199430009999999953e+02 4.217669980000000010e+02
1.621820069999999987e+02 3.345620119999999815e+02
2.644199899999999914e+01 3.753089899999999943e+02
7.960199699999999723e+01 3.923229979999999841e+02
5.718099999999999739e+01 2.880859990000000153e+02
9.535099800000000414e+01 3.023909909999999854e+02
1.260820010000000053e+02 3.941579899999999839e+02
1.261719970000000046e+02 3.294989929999999845e+02
1.486580050000000028e+02 3.108980099999999993e+02
9.157199900000000525e+01 3.640989989999999921e+02
7.572100100000000111e+01 3.928200069999999755e+02
7.230100299999999436e+01 3.101440119999999752e+02
1.494869999999999948e+02 3.508620000000000232e+02
3.572700100000000134e+01 2.953259889999999928e+02
1.135400010000000037e+02 3.931210019999999759e+02
7.420799999999999841e+01 2.745629880000000185e+02
1.338699949999999887e+02 3.350199890000000096e+02
1.645220030000000122e+02 2.806799930000000245e+02
1.003649979999999999e+02 3.185050049999999828e+02
4.782600000000000051e+01 3.277829899999999839e+02
9.754699700000000462e+01 4.392669980000000010e+02
1.144089969999999994e+02 3.951000060000000076e+02
4.008200099999999821e+01 3.084899899999999775e+02
1.316470030000000122e+02 4.280199890000000096e+02
6.258900100000000322e+01 3.700310059999999908e+02
8.820799999999999841e+01 3.952470089999999914e+02
1.149069980000000015e+02 4.207959900000000175e+02
1.613829959999999915e+02 3.469540099999999825e+02
5.513499800000000306e+01 3.823460079999999834e+02
4.765000200000000063e+01 3.773770139999999742e+02
2.795599899999999849e+01 3.360459900000000175e+02
1.535930020000000127e+02 4.097749939999999924e+02
1.371040040000000033e+02 2.716969910000000255e+02
5.425600099999999770e+01 3.019920040000000085e+02
3.748199799999999726e+01 3.219580080000000066e+02
5.686600099999999713e+01 2.904809880000000248e+02
3.607699999999999818e+01 3.593020020000000159e+02
1.511289979999999957e+02 3.295129999999999768e+02
1.097860029999999938e+02 4.134500120000000152e+02
9.259899900000000628e+01 4.206690060000000244e+02
1.334530029999999954e+02 2.890199890000000096e+02
1.234940030000000064e+02 4.049960019999999759e+02
1.333260040000000117e+02 3.612709960000000251e+02
1.036019969999999972e+02 3.890910030000000006e+02
4.970500200000000035e+01 3.825119930000000181e+02
1.587660060000000044e+02 3.510599980000000073e+02
1.588730009999999879e+02 3.046659849999999778e+02
7.998999799999999993e+01 3.999419859999999858e+02
9.714099899999999366e+01 3.040580140000000142e+02
1.524790040000000033e+02 3.772850040000000149e+02
1.247929989999999947e+02 3.487950129999999831e+02
1.340189970000000130e+02 2.829179990000000089e+02
1.606179960000000051e+02 4.083890079999999898e+02
1.299360049999999944e+02 2.906870119999999815e+02
5.956000099999999975e+01 3.944979860000000258e+02
2.851800000000000068e+01 3.238859860000000026e+02
2.288699899999999943e+01 3.151799930000000245e+02
6.092499899999999968e+01 3.781149899999999775e+02
4.170799999999999841e+01 3.470809939999999756e+02
2.417200100000000162e+01 3.438410030000000006e+02
9.228600299999999379e+01 2.953580019999999990e+02
4.995799999999999841e+01 3.076090090000000146e+02
7.941000400000000070e+01 3.123850100000000225e+02
1.137350009999999969e+02 4.515100100000000225e+02
1.465379939999999976e+02 2.734150089999999977e+02
1.469629970000000014e+02 3.438120119999999815e+02
4.897899999999999920e+01 3.231489869999999769e+02
1.653189999999999884e+02 4.670029910000000086e+02
9.233000199999999325e+01 3.951570130000000063e+02
1.556549990000000037e+02 3.789089969999999994e+02
2.139800100000000072e+01 3.109230039999999917e+02
2.436899899999999874e+01 3.470339969999999994e+02
6.529399899999999946e+01 3.762770080000000235e+02
1.175479969999999952e+02 4.028269960000000083e+02
3.671099900000000105e+01 3.682309880000000248e+02
6.760299700000000200e+01 3.926979979999999841e+02
8.497100100000000111e+01 2.937950129999999831e+02
4.366799900000000179e+01 2.913989869999999769e+02
8.589399699999999882e+01 3.942460019999999759e+02
1.601099999999999923e+01 3.500450129999999831e+02
1.355820009999999911e+02 4.087359920000000102e+02
9.275800300000000220e+01 2.793569949999999835e+02
1.696979980000000126e+02 4.118559880000000248e+02
9.432199900000000525e+01 3.834769900000000007e+02
6.167300000000000182e+01 2.885979919999999765e+02
1.025019989999999979e+02 4.123789980000000241e+02
1.298979950000000088e+02 3.261069949999999835e+02
1.198150020000000069e+02 2.965450129999999831e+02
4.370199999999999818e+01 3.256340030000000070e+02
1.714259950000000003e+02 4.298529970000000162e+02
1.545659939999999892e+02 3.577260130000000231e+02
4.584400200000000325e+01 3.718710019999999759e+02
1.145049970000000030e+02 3.955360109999999736e+02
9.280599999999999739e+01 3.836159969999999930e+02
3.494800200000000245e+01 3.251000060000000076e+02
1.421459959999999967e+02 3.322090150000000222e+02
1.710870060000000024e+02 3.811480099999999993e+02
7.634400200000000325e+01 2.815109860000000026e+02
1.710930020000000127e+02 4.386489869999999769e+02
4.920700099999999821e+01 3.822139890000000264e+02
6.547399900000000628e+01 3.978640139999999974e+02
7.369999699999999621e+01 4.088750000000000000e+02
4.109899899999999917e+01 3.393420100000000161e+02
6.615000000000000213e+00 3.553030089999999745e+02
1.446109920000000102e+02 2.758529970000000162e+02
6.903600299999999379e+01 2.797539980000000241e+02
3.475400199999999984e+01 3.667810059999999908e+02
1.162890009999999990e+02 2.987760010000000079e+02
1.035640029999999996e+02 3.502600100000000225e+02
1.543459929999999929e+02 2.964790039999999749e+02
5.138100099999999770e+01 3.093389890000000264e+02
6.379499799999999965e+01 3.634790039999999749e+02
1.537389980000000094e+02 4.044110109999999736e+02
4.588600199999999774e+01 3.744440000000000168e+02
9.413600200000000484e+01 3.833129880000000185e+02
4.724700200000000194e+01 3.346090090000000146e+02
1.445229950000000088e+02 2.760570069999999987e+02
1.011019969999999972e+02 2.929060059999999908e+02
1.270100020000000001e+02 4.233670040000000085e+02
1.690149989999999889e+02 4.110169980000000010e+02
1.117129970000000014e+02 4.001719969999999762e+02
1.211139979999999952e+02 3.968760070000000155e+02
1.060889970000000062e+02 4.056270139999999742e+02
1.078229979999999983e+02 4.133030089999999745e+02
1.573730009999999879e+02 4.515899959999999851e+02
1.166259989999999931e+02 2.985580140000000142e+02
9.616300200000000586e+01 3.325060119999999984e+02
5.651900100000000293e+01 3.702690119999999752e+02
1.854700100000000162e+01 3.557489929999999845e+02
1.323619999999999948e+02 3.645599980000000073e+02
1.524649960000000135e+02 3.526239929999999845e+02
1.528860019999999906e+02 2.936900019999999927e+02
1.162600020000000001e+02 4.231189880000000016e+02
1.602279969999999878e+02 2.842489929999999845e+02
1.354499969999999962e+02 4.023250120000000152e+02
1.283300020000000075e+02 4.258810119999999984e+02
6.061299900000000207e+01 3.927940060000000244e+02
1.698899989999999889e+02 4.066270139999999742e+02
1.668480069999999955e+02 4.097319949999999835e+02
1.120250020000000006e+02 2.719419859999999858e+02
1.671770019999999874e+02 4.068680110000000241e+02
5.497299999999999898e+01 3.086180110000000241e+02
4.230199799999999755e+01 3.032260130000000231e+02
1.404810029999999870e+02 4.188280030000000238e+02
5.524300000000000210e+01 3.275880129999999895e+02
7.548799900000000207e+01 2.899970089999999914e+02
5.716099899999999678e+01 3.069670100000000161e+02
4.027299899999999866e+01 3.613770139999999742e+02
7.022100100000000111e+01 3.802659909999999854e+02
1.385130000000000052e+02 3.742420040000000085e+02
1.408549959999999999e+02 3.275830080000000066e+02
1.596889950000000056e+02 4.117510070000000155e+02
8.468699599999999350e+01 3.016170040000000085e+02
3.488600199999999774e+01 3.418160100000000057e+02
1.832099900000000048e+01 3.454899899999999775e+02
5.192999999999999972e+01 2.794790039999999749e+02
2.852100000000000080e+01 3.015060119999999984e+02
3.424700200000000194e+01 3.865899959999999851e+02
2.198100099999999912e+01 3.101809999999999832e+02
1.296000060000000076e+02 3.336099849999999947e+02
1.085100000000000087e+01 3.354280089999999745e+02
1.534100039999999865e+02 3.091220089999999914e+02
4.596300099999999844e+01 3.107030030000000238e+02
1.606649930000000097e+02 4.097049870000000169e+02
1.656199949999999887e+02 3.406589969999999994e+02
5.037200200000000194e+01 3.082019960000000083e+02
2.955699900000000113e+01 4.573489989999999921e+02
1.464120029999999986e+02 3.465280149999999821e+02
1.662550050000000113e+02 4.219309999999999832e+02
9.990000000000000213e+00 4.009079899999999839e+02
1.115829999999999984e+02 2.896040039999999749e+02
3.134100000000000108e+01 4.155780030000000238e+02
1.840099899999999877e+01 3.165060119999999984e+02
1.282749939999999924e+02 4.284880069999999819e+02
1.715610049999999944e+02 2.800299989999999752e+02
1.029909969999999930e+02 4.235939940000000092e+02
1.897200000000000131e+01 3.583900150000000053e+02
8.569799799999999834e+01 3.801220089999999914e+02
1.640859989999999868e+02 3.122109990000000153e+02
9.483000199999999325e+01 2.861669919999999934e+02
3.572499799999999937e+01 3.552820130000000063e+02
1.668379970000000014e+02 3.084849849999999947e+02
1.564579929999999877e+02 3.757579959999999915e+02
7.461399799999999516e+01 3.866589969999999994e+02
6.690899699999999939e+01 3.815339969999999994e+02
1.137920000000000016e+02 3.893059999999999832e+02
3.084499900000000139e+01 3.627399899999999775e+02
5.786000099999999691e+01 2.931579899999999839e+02
9.522000000000000242e+00 3.417539980000000241e+02
5.011299900000000207e+01 3.136440119999999752e+02
1.715460050000000081e+02 4.308689880000000016e+02
9.079099999999999682e+01 4.085299989999999752e+02
1.141230010000000021e+02 4.277720029999999838e+02
6.924400300000000641e+01 2.890310059999999908e+02
1.310800020000000075e+02 4.074830019999999990e+02
8.110700199999999427e+01 2.933469850000000179e+02
3.624900099999999981e+01 3.763099980000000073e+02
2.759400000000000119e+01 3.601950069999999755e+02
6.419000200000000689e+01 2.836570130000000063e+02
1.692129970000000014e+02 3.383370059999999739e+02
6.184899899999999917e+01 4.054939880000000016e+02
7.862100200000000427e+01 2.888020020000000159e+02
1.554420010000000048e+02 3.215440060000000244e+02
1.177630000000000052e+02 4.324609990000000153e+02
1.243430019999999985e+02 3.900390009999999847e+02
1.675180049999999881e+02 2.783710019999999759e+02
7.217400399999999649e+01 2.934970089999999914e+02
9.283200100000000532e+01 3.883580019999999990e+02
7.598100300000000118e+01 3.738919980000000010e+02
9.002200299999999800e+01 3.863850100000000225e+02
1.385039979999999957e+02 4.103210139999999910e+02
1.295209959999999967e+02 3.961749879999999848e+02
1.248750000000000000e+02 3.331520080000000235e+02
1.284839939999999956e+02 3.304679869999999937e+02
9.529099999999999682e+01 4.248550109999999904e+02
1.421269990000000121e+02 3.651159969999999930e+02
1.081699980000000068e+02 2.712080080000000066e+02
6.634999799999999937e+01 4.093439940000000092e+02
2.592000000000000171e+01 3.431929930000000013e+02
1.651080019999999990e+02 3.725580140000000142e+02
5.828499999999999659e+01 4.008380129999999895e+02
5.903099799999999675e+01 3.031220089999999914e+02
3.082099900000000048e+01 3.117260130000000231e+02
7.078099799999999675e+01 4.020039980000000241e+02
1.098679960000000051e+02 2.928620000000000232e+02
1.567590030000000070e+02 4.003340150000000222e+02
1.315600000000000058e+01 3.440620119999999815e+02
1.633099980000000073e+02 3.522160030000000006e+02
1.589600069999999903e+02 2.847569889999999759e+02
5.515299999999999869e+01 3.815929869999999937e+02
4.933100100000000054e+01 3.605350040000000149e+02
1.530019990000000121e+02 3.802600100000000225e+02
1.572890010000000132e+02 3.343609920000000102e+02
7.014099899999999366e+01 3.124440000000000168e+02
2.183499899999999982e+01 3.964700010000000248e+02
6.311600099999999713e+01 3.698370059999999739e+02
1.287389980000000094e+02 3.475090030000000070e+02
1.620339969999999994e+02 3.459970089999999914e+02
1.199039989999999989e+02 2.859370119999999815e+02
1.258229979999999983e+02 3.286839899999999943e+02
3.280099899999999735e+01 4.052560119999999984e+02
8.761199999999999477e+01 4.059670100000000161e+02
1.554310000000000116e+02 3.374419859999999858e+02
8.022799700000000200e+01 4.153269960000000083e+02
8.727200299999999800e+01 3.844070130000000063e+02
1.641770019999999874e+02 4.082439880000000016e+02
1.345359950000000140e+02 2.861400150000000053e+02
1.579450070000000039e+02 3.134790039999999749e+02
8.203700299999999856e+01 3.815759889999999928e+02
8.495799999999999841e+01 3.929930110000000241e+02
1.133489990000000063e+02 3.757760010000000079e+02
1.058300000000000018e+01 3.456000060000000076e+02
1.703950040000000001e+02 4.271400150000000053e+02
1.711599899999999863e+01 3.637189940000000092e+02
2.567900099999999952e+01 3.340069889999999759e+02
1.710989989999999921e+02 2.738729860000000258e+02
5.866299800000000175e+01 4.231650089999999977e+02
4.093099999999999739e+01 3.542619930000000181e+02
1.706320039999999949e+02 3.141820069999999987e+02
1.209560010000000005e+02 4.061730039999999917e+02
1.526710050000000081e+02 4.457130129999999895e+02
1.376269990000000121e+02 3.944870000000000232e+02
3.547100100000000111e+01 3.113659969999999930e+02
7.189700299999999800e+01 3.841419980000000010e+02
1.296580050000000028e+02 3.423580019999999990e+02
7.963200399999999490e+01 3.944089969999999994e+02
4.020199999999999818e+01 3.240150150000000053e+02
1.228560030000000012e+02 2.898439940000000092e+02
9.585099800000000414e+01 2.857149959999999851e+02
1.383959959999999967e+02 2.711390079999999898e+02
1.497350010000000111e+02 3.349819949999999835e+02
1.275080030000000022e+02 3.504649959999999851e+02
7.354299899999999468e+01 2.920559999999999832e+02
6.480200200000000166e+01 3.119440000000000168e+02
5.404000099999999662e+01 3.098190000000000168e+02
2.561000100000000046e+01 3.195780030000000238e+02
6.208299999999999841e+01 3.198320009999999911e+02
1.560299990000000037e+02 3.306950069999999755e+02
9.403199800000000153e+01 3.936350100000000225e+02
3.374000199999999694e+01 3.218959960000000251e+02
8.175299800000000516e+01 3.005989989999999921e+02
6.312099800000000016e+01 3.047179869999999937e+02
1.090149990000000031e+02 3.976749879999999848e+02
6.758899700000000621e+01 3.695469969999999762e+02
3.035899900000000073e+01 3.812139890000000264e+02
7.682900200000000268e+01 3.944089969999999994e+02
4.099599800000000016e+01 3.933110050000000228e+02
5.388299899999999809e+01 3.642739869999999769e+02
1.343860019999999906e+02 4.318739929999999845e+02
1.636419980000000010e+02 4.295280149999999821e+02
1.481179960000000051e+02 4.008299870000000169e+02
1.423060000000000116e+02 3.232669980000000010e+02
1.917900099999999952e+01 3.477000120000000152e+02
5.373400099999999924e+01 3.715450129999999831e+02
1.642630000000000052e+02 3.183779910000000086e+02
1.474920040000000085e+02 2.772680050000000165e+02
1.454649960000000135e+02 2.790849910000000023e+02
1.690520019999999874e+02 4.363359990000000153e+02
1.545809940000000040e+02 3.661770020000000159e+02
4.881399900000000258e+01 3.949970089999999914e+02
1.349299929999999961e+02 2.727650150000000053e+02
1.346730039999999917e+02 3.872500000000000000e+02
6.630599999999999739e+01 3.007999879999999848e+02
6.247399899999999917e+01 2.819729919999999765e+02
7.767099799999999732e+01 3.872619930000000181e+02
1.627250060000000076e+02 3.399150089999999977e+02
1.685820009999999911e+02 3.610599980000000073e+02
3.800299799999999806e+01 3.169530030000000238e+02
6.233499900000000338e+01 3.088190000000000168e+02
6.986900300000000641e+01 2.866749879999999848e+02
1.567799990000000037e+02 3.454400019999999927e+02
6.770200300000000482e+01 3.154200129999999831e+02
8.209600100000000111e+01 4.151329959999999915e+02
1.631649930000000097e+02 3.606520080000000235e+02
7.077100400000000491e+01 3.051589969999999994e+02
1.617729950000000088e+02 3.504039920000000166e+02
1.579310000000000116e+02 4.381069949999999835e+02
5.881100099999999742e+01 3.911749879999999848e+02
9.016700000000000159e+01 4.102059939999999756e+02
1.518560029999999870e+02 3.751669919999999934e+02
1.059909969999999930e+02 2.865230099999999993e+02
6.083599900000000105e+01 3.887860109999999736e+02
1.708300020000000075e+02 3.117770080000000235e+02
4.734799999999999898e+01 3.222399899999999775e+02
3.544699899999999815e+01 3.308120119999999815e+02
6.354600099999999685e+01 3.045520020000000159e+02
1.668470000000000084e+02 3.659660030000000006e+02
9.477600099999999372e+01 4.034309999999999832e+02
1.935000000000000142e+01 3.354679869999999937e+02
1.379159999999999968e+02 3.991669919999999934e+02
7.437899799999999573e+01 4.035499879999999848e+02
5.371699900000000127e+01 2.908919980000000010e+02
1.256279980000000052e+02 4.145480039999999917e+02
3.601599900000000076e+01 3.570150150000000053e+02
1.588390049999999860e+02 4.109469910000000255e+02
1.165039979999999957e+02 3.985880129999999895e+02
7.572899599999999509e+01 3.700339969999999994e+02
6.436799600000000510e+01 4.009320069999999987e+02
1.411100010000000111e+02 3.689689940000000092e+02
7.894799799999999834e+01 2.824010010000000079e+02
2.600900100000000137e+01 3.104660030000000006e+02
9.058999999999999275e+00 3.499890139999999974e+02
2.646999900000000139e+01 3.537560119999999984e+02
4.999700200000000194e+01 3.236390079999999898e+02
6.061000099999999691e+01 3.999620059999999739e+02
1.789499999999999957e+01 3.247550049999999828e+02
1.077129970000000014e+02 2.794500120000000152e+02
1.021770020000000017e+02 2.920400089999999977e+02
5.406800100000000242e+01 3.218080140000000142e+02
1.643170010000000048e+02 3.359700010000000248e+02
3.824700200000000194e+01 3.593729860000000258e+02
1.538789979999999957e+02 3.080639949999999772e+02
6.234700000000000131e+01 3.870979919999999765e+02
1.627640079999999898e+02 4.253030089999999745e+02
1.425030059999999992e+02 2.866239929999999845e+02
3.732000000000000028e+01 3.524689940000000092e+02
9.573400100000000634e+01 2.845320130000000063e+02
1.193550029999999964e+02 4.030159909999999854e+02
1.459940029999999922e+02 4.259020080000000235e+02
1.003160019999999975e+02 4.583580019999999990e+02
9.631800099999999532e+01 3.224270020000000159e+02
7.854000100000000373e+01 4.057250060000000076e+02
7.138500200000000007e+01 3.886579899999999839e+02
1.320350039999999865e+02 3.173710019999999759e+02
9.285600300000000118e+01 4.156000060000000076e+02
4.134400200000000325e+01 3.057090150000000222e+02
1.556130070000000103e+02 3.770320130000000063e+02
2.283799899999999994e+01 3.665129999999999768e+02
1.336009980000000041e+02 2.912909849999999778e+02
1.439170070000000123e+02 2.815650019999999927e+02
5.688900000000000290e+01 3.829419859999999858e+02
3.146900000000000119e+01 3.948229979999999841e+02
1.598410030000000006e+02 3.600220029999999838e+02
1.251520000000000010e+02 2.885880129999999895e+02
1.183799970000000030e+02 3.947130129999999895e+02
1.305339969999999994e+02 2.889509889999999928e+02
9.890599799999999675e+01 3.832959900000000175e+02
1.586219940000000008e+02 4.349909969999999930e+02
1.664579929999999877e+02 3.806090090000000146e+02
1.508820039999999949e+02 3.167239989999999921e+02
1.645579989999999952e+02 3.619750060000000076e+02
4.692200100000000162e+01 3.982430110000000241e+02
1.604999899999999968e+01 3.401870119999999815e+02
1.265400010000000037e+02 4.068460079999999834e+02
1.553699949999999887e+02 4.131099849999999947e+02
1.248069990000000047e+02 4.418240049999999997e+02
1.194030000000000058e+02 2.878750000000000000e+02
1.561219940000000008e+02 2.907439880000000016e+02
1.696210020000000043e+02 3.111919859999999858e+02
1.639210050000000081e+02 3.283399959999999851e+02
4.549399900000000230e+01 3.039830019999999990e+02
9.706500200000000689e+01 4.422300109999999904e+02
1.275210040000000049e+02 4.043020020000000159e+02
2.827799999999999869e+01 3.699309999999999832e+02
8.150000000000000000e+01 2.845889890000000264e+02
1.302610019999999906e+02 3.362739869999999769e+02
1.703110049999999944e+02 3.728190000000000168e+02
1.662079929999999877e+02 3.567609860000000026e+02
5.791599999999999682e+01 3.228620000000000232e+02
1.509680020000000127e+02 4.333510130000000231e+02
4.922100100000000111e+01 3.766440119999999752e+02
1.091549990000000037e+02 3.921740110000000072e+02
1.085230030000000028e+02 2.828699950000000172e+02
7.793499799999999311e+01 2.971830140000000142e+02
8.691500100000000373e+01 3.959750060000000076e+02
1.569369959999999935e+02 3.972869870000000105e+02
1.365050050000000113e+02 3.588800049999999828e+02
6.571499599999999930e+01 2.933219910000000255e+02
7.318900299999999959e+01 2.830249939999999924e+02
8.254900399999999649e+01 3.964649959999999851e+02
7.869100199999999745e+01 3.823469850000000179e+02
1.301170040000000085e+02 3.971789860000000090e+02
9.633100100000000054e+01 3.384219969999999762e+02
8.210399599999999509e+01 4.088949890000000096e+02
4.835399999999999920e+01 3.832030030000000238e+02
5.804899999999999949e+01 2.830249939999999924e+02
1.709340060000000108e+02 4.048869930000000181e+02
2.961199999999999832e+01 4.446789860000000090e+02
9.219200100000000475e+01 4.142770080000000235e+02
1.004329989999999952e+02 2.933330080000000066e+02
8.043199900000000468e+01 4.152890009999999847e+02
1.553580019999999990e+02 3.779289860000000090e+02
3.950699999999999790e+01 3.933779910000000086e+02
3.597100100000000111e+01 4.100480039999999917e+02
5.241500099999999662e+01 3.224289860000000090e+02
5.162200200000000194e+01 3.062629999999999768e+02
6.101699800000000096e+01 2.797330019999999990e+02
4.707300200000000245e+01 3.042170100000000161e+02
7.001000000000000334e+00 3.406650089999999977e+02
3.748400099999999924e+01 3.664570009999999911e+02
1.488950040000000001e+02 4.122969969999999762e+02
1.501770019999999874e+02 3.962040099999999825e+02
1.355709990000000005e+02 4.199010010000000079e+02
1.352230069999999955e+02 4.095950010000000248e+02
1.621219940000000008e+02 3.827980039999999917e+02
3.121499999999999986e+01 4.118970029999999838e+02
1.076389999999999958e+02 2.878959960000000251e+02
6.778600299999999379e+01 2.972539980000000241e+02
1.086149979999999999e+02 3.892330019999999990e+02
1.482899930000000097e+02 3.159240110000000072e+02
1.072079999999999984e+02 2.727409969999999930e+02
1.060409999999999968e+02 4.177260130000000231e+02
1.477830050000000028e+02 3.223380129999999895e+02
2.799500099999999847e+01 3.773120119999999815e+02
1.536080019999999990e+02 3.123489989999999921e+02
1.195530009999999947e+02 2.848649899999999775e+02
1.342720030000000122e+02 2.914339899999999943e+02
9.978199800000000153e+01 3.953630069999999819e+02
1.416679990000000089e+02 3.442380069999999819e+02
4.742900099999999952e+01 3.185929869999999937e+02
1.527510069999999871e+02 4.276489869999999769e+02
1.427100069999999903e+02 3.251940000000000168e+02
1.556430049999999881e+02 3.429880069999999819e+02
1.336560059999999908e+02 2.850260010000000079e+02
1.252060010000000005e+02 3.469620059999999739e+02
1.008119959999999935e+02 4.459049989999999752e+02
1.613739930000000129e+02 3.069559939999999756e+02
3.945600100000000054e+01 3.792399899999999775e+02
2.918400000000000105e+01 3.653940119999999752e+02
9.128199800000000153e+01 3.810580140000000142e+02
3.147699899999999928e+01 4.393359990000000153e+02
1.324010010000000079e+02 3.227349849999999947e+02
1.409040070000000071e+02 2.773219910000000255e+02
1.116009980000000041e+02 4.173569949999999835e+02
1.631609950000000140e+02 3.245809939999999756e+02
3.753599899999999678e+01 3.329150089999999977e+02
6.811000099999999691e+01 3.774719850000000179e+02
8.581099700000000041e+01 2.737909849999999778e+02
2.403000099999999861e+01 3.804979860000000258e+02
3.999700200000000194e+01 3.463450010000000248e+02
6.763099699999999359e+01 2.819649959999999851e+02
2.125000000000000000e+01 3.951319889999999759e+02
1.515980069999999955e+02 4.310989989999999921e+02
1.326329959999999915e+02 3.975079959999999915e+02
1.315050050000000113e+02 3.189930110000000241e+02
3.246900200000000325e+01 3.508179930000000013e+02
1.620090030000000070e+02 3.655780030000000238e+02
1.597640079999999898e+02 2.880520020000000159e+02
1.131610029999999938e+02 4.649190060000000244e+02
9.768199900000000468e+01 3.748970029999999838e+02
1.677590030000000070e+02 3.404760130000000231e+02
1.636519930000000045e+02 3.406050109999999904e+02
1.372799999999999976e+01 3.519240110000000072e+02
4.804399899999999946e+01 4.001040039999999749e+02
1.966700000000000159e+01 3.755100100000000225e+02
4.302199900000000099e+01 3.381000060000000076e+02
1.441329959999999915e+02 3.561560059999999908e+02
1.297070009999999911e+02 2.894590150000000222e+02
6.414099899999999366e+01 3.092179869999999937e+02
2.190200000000000102e+01 3.282770080000000235e+02
5.231600199999999745e+01 3.981409909999999854e+02
1.398070069999999987e+02 3.679590150000000222e+02
1.232200009999999963e+02 3.387940060000000244e+02
3.176899900000000088e+01 4.538250120000000152e+02
1.179970019999999948e+02 2.863110050000000228e+02
5.289300200000000274e+01 3.162420040000000085e+02
1.043730010000000021e+02 3.883129880000000185e+02
1.298860019999999906e+02 3.215690000000000168e+02
1.570209959999999967e+02 4.018529970000000162e+02
1.112689969999999988e+02 3.974280089999999745e+02
1.478309940000000040e+02 2.850220029999999838e+02
1.404900049999999965e+02 4.199320069999999987e+02
1.653079989999999952e+02 3.466449890000000096e+02
4.798799900000000207e+01 3.248659969999999930e+02
1.092860029999999938e+02 2.782290039999999749e+02
5.500600099999999770e+01 3.140880129999999895e+02
1.173870009999999979e+02 3.890020139999999742e+02
9.724700199999999484e+01 4.160100100000000225e+02
1.334299929999999961e+02 4.026279910000000086e+02
1.517019960000000083e+02 2.868280030000000238e+02
1.322720030000000122e+02 3.176600040000000149e+02
1.381410060000000044e+02 2.800409849999999778e+02
9.136599699999999302e+01 3.813869930000000181e+02
3.413100099999999770e+01 3.387000120000000152e+02
5.105699899999999758e+01 4.247600100000000225e+02
3.738000100000000003e+01 2.951860050000000228e+02
1.591810000000000116e+02 3.544469910000000255e+02
5.235900099999999924e+01 3.323349910000000023e+02
1.634600100000000111e+01 3.446900019999999927e+02
1.195599999999999952e+01 3.641159969999999930e+02
7.836599699999999302e+01 3.781180110000000241e+02
9.573400100000000634e+01 4.115920100000000161e+02
3.517100099999999685e+01 3.844920040000000085e+02
6.145999900000000338e+01 3.206040039999999749e+02
5.613900000000000290e+01 3.157260130000000231e+02
1.464510040000000117e+02 3.594159849999999778e+02
1.318930049999999881e+02 3.956010130000000231e+02
1.423560029999999870e+02 2.847810059999999908e+02
3.240299999999999869e+01 3.049689940000000092e+02
3.582400100000000265e+01 3.108729860000000258e+02
1.702760010000000079e+02 3.562390139999999974e+02
8.319899700000000564e+01 3.981719969999999762e+02
1.528919980000000010e+02 2.719479979999999841e+02
1.688229980000000126e+02 3.508840030000000070e+02
1.090469970000000046e+02 4.142929990000000089e+02
5.594699899999999815e+01 3.534360050000000228e+02
4.971799899999999894e+01 3.452730099999999993e+02
2.905800100000000086e+01 3.800880129999999895e+02
2.882799899999999838e+01 3.720320130000000063e+02
5.318699999999999761e+01 4.333089899999999943e+02
2.139399900000000088e+01 3.266080019999999990e+02
1.028069990000000047e+02 2.753999939999999924e+02
3.971500000000000341e+01 3.689509889999999928e+02
6.492500300000000379e+01 3.963429869999999937e+02
1.683009950000000003e+02 3.419890139999999974e+02
1.383130040000000065e+02 3.971530149999999821e+02
1.574389950000000056e+02 3.024790039999999749e+02
2.893100000000000094e+01 3.161459960000000251e+02
1.206520000000000010e+02 3.935610050000000228e+02
1.357500000000000000e+02 4.151300049999999828e+02
6.045399900000000315e+01 3.894100040000000149e+02
1.476029969999999878e+02 2.801919859999999858e+02
1.549450070000000039e+02 3.294159849999999778e+02
2.484499900000000139e+01 3.141029970000000162e+02
1.119199980000000068e+02 2.730589899999999943e+02
9.538200399999999490e+01 2.830429990000000089e+02
1.121119999999999948e+02 4.197160030000000006e+02
1.694089969999999994e+02 4.136700129999999831e+02
1.273270030000000048e+02 3.509079899999999839e+02
7.196800199999999847e+01 3.127449950000000172e+02
1.398170010000000048e+02 3.380429990000000089e+02
6.088000100000000003e+01 2.933689880000000016e+02
1.552209929999999929e+02 3.519079899999999839e+02
1.015579989999999952e+02 3.885360109999999736e+02
8.325199899999999786e+01 3.797139890000000264e+02
7.764499700000000360e+01 3.812080080000000066e+02
1.480449979999999925e+02 3.692189940000000092e+02
8.893499799999999311e+01 3.415350040000000149e+02
9.778600299999999379e+01 2.862739869999999769e+02
1.625729980000000126e+02 3.471539920000000166e+02
4.310499999999999687e+01 3.538800049999999828e+02
9.830200200000000166e+01 3.832500000000000000e+02
6.238199999999999790e+01 2.915539860000000090e+02
1.519439999999999884e+02 4.028980099999999993e+02
1.702530059999999992e+02 3.548609920000000102e+02
2.833499899999999982e+01 3.249419859999999858e+02
9.219699900000000525e+01 2.988269960000000083e+02
1.658829959999999915e+02 3.751740110000000072e+02
1.525050050000000113e+02 3.360329899999999839e+02
7.433000199999999325e+01 3.865759889999999928e+02
8.298999999999999488e+00 3.538259889999999928e+02
1.078529970000000020e+02 2.770260010000000079e+02
1.175810010000000005e+02 2.995629880000000185e+02
1.517640079999999898e+02 3.467009889999999928e+02
6.019800200000000245e+01 3.090459900000000175e+02
1.287830050000000028e+02 4.200190119999999752e+02
1.237340010000000063e+02 4.124280089999999745e+02
5.342599899999999735e+01 3.909230039999999917e+02
1.546580050000000028e+02 2.787780149999999821e+02
9.651699800000000096e+01 3.645270080000000235e+02
5.768600099999999742e+01 3.195090030000000070e+02
3.273199799999999726e+01 3.928359990000000153e+02
6.574500299999999697e+01 3.650209960000000251e+02
9.872499799999999937e+01 2.804440000000000168e+02
1.566929930000000013e+02 3.026210019999999759e+02
1.493820039999999949e+02 3.980159909999999854e+02
3.284700000000000131e+01 2.972500000000000000e+02
3.546699900000000127e+01 3.678169859999999858e+02
1.113229979999999983e+02 2.715549930000000245e+02
4.823599999999999710e+01 3.470350040000000149e+02
1.712810059999999908e+02 3.359979860000000258e+02
9.490499900000000366e+01 2.933580019999999990e+02
4.380499999999999972e+01 3.927030030000000238e+02
1.244550019999999932e+02 4.159320069999999987e+02
1.038960040000000049e+02 3.871749879999999848e+02
4.620799999999999841e+01 3.296229860000000258e+02
1.186399990000000031e+02 3.978620000000000232e+02
1.718280029999999954e+02 4.242510070000000155e+02
1.671739959999999883e+02 3.282629999999999768e+02
1.705260010000000079e+02 4.378500060000000076e+02
1.525729980000000126e+02 3.401530149999999821e+02
1.186449970000000036e+02 4.249259950000000003e+02
1.605499999999999972e+01 3.641379999999999768e+02
1.427810059999999908e+02 3.163620000000000232e+02
6.298500099999999691e+01 2.893710019999999759e+02
5.306300000000000239e+01 3.265140079999999898e+02
1.447109989999999868e+02 3.595369870000000105e+02
1.105569990000000047e+02 4.177520139999999742e+02
1.628549959999999999e+02 3.189920040000000085e+02
5.242300000000000182e+01 3.741530149999999821e+02
8.490899699999999939e+01 3.050759889999999928e+02
1.395099950000000035e+02 3.633200069999999755e+02
4.342999999999999972e+01 3.230369870000000105e+02
1.236200000000000010e+01 3.363829959999999915e+02
4.592100099999999685e+01 3.787049870000000169e+02
3.220600100000000054e+01 4.123389890000000264e+02
1.520720059999999876e+02 3.424039920000000166e+02
6.408000199999999325e+01 4.000929869999999937e+02
1.429779969999999878e+02 3.619500120000000152e+02
1.137500000000000000e+02 2.771919859999999858e+02
1.574320069999999987e+02 3.500820009999999911e+02
1.587010040000000117e+02 3.089289860000000090e+02
3.116300000000000026e+01 3.588789980000000241e+02
3.269100199999999745e+01 3.908129880000000185e+02
1.494850010000000111e+02 4.174670100000000161e+02
1.085070039999999949e+02 3.932609860000000026e+02
1.424179990000000089e+02 4.091700129999999831e+02
9.679900399999999649e+01 3.716340030000000070e+02
1.106559979999999968e+02 3.992390139999999974e+02
1.526549990000000037e+02 3.451820069999999987e+02
1.566280059999999992e+02 3.832200010000000248e+02
1.435160060000000044e+02 4.277359920000000102e+02
1.569029999999999916e+02 3.187739869999999769e+02
1.534519960000000083e+02 4.068890079999999898e+02
1.446139980000000094e+02 3.209490049999999997e+02
5.446900200000000325e+01 3.213460079999999834e+02
1.325269930000000045e+02 3.421400150000000053e+02
1.463589939999999956e+02 3.714570009999999911e+02
1.638439940000000092e+02 4.095809939999999756e+02
1.275699999999999967e+01 3.446809999999999832e+02
1.691040040000000033e+02 2.746629940000000261e+02
9.577200299999999800e+01 4.019500120000000152e+02
6.620900000000000318e+01 2.848210139999999910e+02
1.987099999999999866e+01 3.127439880000000016e+02
1.571499939999999924e+02 4.008039860000000090e+02
1.383560029999999870e+02 3.229280089999999745e+02
9.940599799999999675e+01 4.222879940000000261e+02
9.666799899999999468e+01 3.260759889999999928e+02
2.978800000000000026e+01 3.561919859999999858e+02
6.273799900000000207e+01 3.611329959999999915e+02
1.293869929999999897e+02 3.497430110000000241e+02
1.508099980000000073e+02 4.276749879999999848e+02
1.837500000000000000e+01 3.146530149999999821e+02
5.338299899999999809e+01 4.013959960000000251e+02
1.674259950000000003e+02 2.805249939999999924e+02
5.844100199999999745e+01 3.897370000000000232e+02
1.719190059999999960e+02 4.367189940000000092e+02
1.257580030000000022e+02 2.899509889999999928e+02
9.779299899999999468e+01 3.964169919999999934e+02
1.478130040000000065e+02 3.691849980000000073e+02
2.236899899999999874e+01 3.553009950000000003e+02
1.042890009999999990e+02 3.924370119999999815e+02
3.615399899999999889e+01 3.160950010000000248e+02
3.635200100000000134e+01 3.776459960000000251e+02
1.367299959999999999e+02 2.786889949999999772e+02
1.592850039999999865e+02 2.830480039999999917e+02
9.071199799999999414e+01 3.403850100000000225e+02
1.077580030000000022e+02 4.106120000000000232e+02
9.634699999999999420e+01 2.898949890000000096e+02
1.346589969999999994e+02 3.998800049999999828e+02
9.495900000000000318e+01 2.835849910000000023e+02
1.469609989999999868e+02 2.933940119999999752e+02
1.016920010000000048e+02 2.800969850000000179e+02
1.341770019999999874e+02 3.321059880000000248e+02
1.449539949999999919e+02 3.121459960000000251e+02
8.997899599999999509e+01 4.000589899999999943e+02
1.344429930000000013e+02 3.619549870000000169e+02
5.839099900000000076e+01 3.144389949999999772e+02
6.177899899999999889e+01 4.633070069999999987e+02
3.929700100000000162e+01 3.174209900000000175e+02
2.936300100000000057e+01 3.869970089999999914e+02
1.061760029999999944e+02 2.924559939999999756e+02
8.923999799999999993e+01 4.071489869999999769e+02
1.052099989999999963e+02 2.863439940000000092e+02
7.256600199999999745e+01 3.122460019999999759e+02
5.464099900000000076e+01 3.328110050000000228e+02
2.149599999999999866e+01 3.386019900000000007e+02
1.717640079999999898e+02 2.747839969999999994e+02
1.673170010000000048e+02 3.810610050000000228e+02
1.562859950000000140e+02 4.062529910000000086e+02
9.960500299999999640e+01 2.887829899999999839e+02
7.419599900000000048e+01 2.995159909999999854e+02
5.311299900000000207e+01 3.736300049999999828e+02
1.572680049999999881e+02 4.324549870000000169e+02
1.677499999999999858e+01 3.727399899999999775e+02
1.291069950000000119e+02 3.320220029999999838e+02
1.650619959999999935e+02 4.269479979999999841e+02
7.859200300000000539e+01 2.838340150000000222e+02
1.456609950000000140e+02 3.591629940000000261e+02
1.669199979999999925e+02 3.770000000000000000e+02
1.295039979999999957e+02 3.105809939999999756e+02
1.571089939999999956e+02 2.806889949999999772e+02
2.410000000000000142e+00 3.775740049999999997e+02
1.718289949999999919e+02 3.199590150000000222e+02
6.979200000000000159e+01 3.373089899999999943e+02
1.738200000000000145e+01 3.531910100000000057e+02
1.445859989999999868e+02 4.304909969999999930e+02
1.522259980000000041e+02 4.128550109999999904e+02
1.567689970000000130e+02 2.917090150000000222e+02
1.624389950000000056e+02 3.304020080000000235e+02
1.150199970000000036e+02 3.996900019999999927e+02
9.808000199999999325e+01 2.842470089999999914e+02
8.882499699999999621e+01 3.940180050000000165e+02
7.841200299999999856e+01 4.024649959999999851e+02
9.978500400000000070e+01 3.899719850000000179e+02
7.255200200000000166e+01 3.770979919999999765e+02
9.128299699999999461e+01 2.957890009999999847e+02
1.520390010000000132e+02 3.478840030000000070e+02
4.846799899999999894e+01 3.509070130000000063e+02
3.261399800000000226e+01 4.510230099999999993e+02
7.893000000000000682e+01 2.787390139999999974e+02
1.421289979999999957e+02 4.199890139999999974e+02
1.212899999999999956e+01 3.333299870000000169e+02
1.397819979999999873e+02 4.151149899999999775e+02
6.320999999999999730e+00 3.858850100000000225e+02
3.125499900000000153e+01 3.352680050000000165e+02
1.386820069999999987e+02 3.736229860000000258e+02
1.306820069999999987e+02 2.812349849999999947e+02
9.784200300000000539e+01 4.181570130000000063e+02
7.576799800000000573e+01 3.866659849999999778e+02
1.617090000000000032e+02 4.354750060000000076e+02
1.363329929999999877e+02 3.403280030000000238e+02
9.795200300000000482e+01 4.253469850000000179e+02
6.934400200000000325e+01 4.038340150000000222e+02
9.787599899999999309e+01 3.484429930000000013e+02
6.237699899999999786e+01 4.013729860000000258e+02
1.680590060000000108e+02 3.663039860000000090e+02
1.561060029999999870e+02 4.342869870000000105e+02
1.282380070000000103e+02 4.290409849999999778e+02
7.201499900000000309e+01 3.842730099999999993e+02
5.940999999999999659e+01 2.809060059999999908e+02
9.297599800000000414e+01 4.052239989999999921e+02
1.259680019999999985e+02 3.180299989999999752e+02
1.132289959999999951e+02 3.885459900000000175e+02
4.320399900000000315e+01 3.558949890000000096e+02
9.578900099999999895e+01 4.140429990000000089e+02
1.404900049999999965e+02 3.566069949999999835e+02
4.163299899999999809e+01 3.004729919999999765e+02
4.367300000000000182e+01 3.225820009999999911e+02
1.493320009999999911e+02 3.220960079999999834e+02
3.513199999999999790e+01 3.106510010000000079e+02
2.036799999999999855e+01 3.515759889999999928e+02
1.222000000000000064e+01 3.600939940000000092e+02
4.520799999999999841e+01 3.124379880000000185e+02
1.579519960000000083e+02 2.920150150000000053e+02
5.650899900000000287e+01 2.998380129999999895e+02
7.970000000000000417e-01 2.900090030000000070e+02
9.899800100000000214e+01 2.752149959999999851e+02
2.264800100000000072e+01 3.018450010000000248e+02
5.869300100000000242e+01 3.077980039999999917e+02
1.534210050000000081e+02 2.711019900000000007e+02
8.636100000000000421e+01 2.808280030000000238e+02
6.775599699999999359e+01 3.909249879999999848e+02
9.655699900000000468e+01 4.217109990000000153e+02
1.366649930000000097e+02 3.721960139999999910e+02
3.249399900000000230e+01 4.281510010000000079e+02
8.576599899999999366e+01 2.979200129999999831e+02
1.591670070000000123e+02 3.612969969999999762e+02
1.229700009999999963e+02 4.059779970000000162e+02
1.354739989999999921e+02 4.196900019999999927e+02
1.184789959999999951e+02 4.170950010000000248e+02
1.294660030000000006e+02 4.241300049999999828e+02
4.790599799999999675e+01 3.836679990000000089e+02
3.372800099999999901e+01 3.685440060000000244e+02
9.295300299999999538e+01 4.109320069999999987e+02
1.676170040000000085e+02 3.561480099999999993e+02
1.535509950000000003e+02 3.416770020000000159e+02
6.691500100000000373e+01 3.856520080000000235e+02
8.662200199999999484e+01 2.917990110000000072e+02
6.652300300000000277e+01 2.837990110000000072e+02
1.496320039999999949e+02 4.331069949999999835e+02
2.572200000000000131e+01 3.159030149999999821e+02
1.206340030000000070e+02 3.983450010000000248e+02
1.580420070000000123e+02 4.301149899999999775e+02
4.797899999999999920e+01 3.780660100000000057e+02
1.544190059999999960e+02 4.340450129999999831e+02
6.460199699999999723e+01 2.809599910000000023e+02
1.424940029999999922e+02 3.366499939999999924e+02
2.550700000000000145e+01 3.178840030000000070e+02
7.036399799999999516e+01 2.870960079999999834e+02
2.053000099999999861e+01 3.670069889999999759e+02
8.247399900000000628e+01 3.568689880000000016e+02
1.234899979999999999e+02 2.860329899999999839e+02
1.022870029999999986e+02 2.726969910000000255e+02
4.195600100000000054e+01 3.370280149999999821e+02
1.385709990000000005e+02 3.714070130000000063e+02
8.717199700000000462e+01 2.841340030000000070e+02
1.616799899999999823e+01 3.269729919999999765e+02
1.090139999999999958e+02 2.975360109999999736e+02
8.028299699999999461e+01 3.988989869999999769e+02
9.637200199999999484e+01 3.178139949999999772e+02
1.443240049999999997e+02 2.742619930000000181e+02
1.680000000000000000e+02 3.646849980000000073e+02
1.342420040000000085e+02 4.197929990000000089e+02
8.334799999999999898e+01 4.050790099999999825e+02
1.612030029999999954e+02 4.151080019999999990e+02
5.156900000000000261e+01 3.210820009999999911e+02
7.322499799999999937e+01 4.673909909999999854e+02
5.281900000000000261e+01 4.036879880000000185e+02
7.227500200000000063e+01 2.896289980000000241e+02
1.598529969999999878e+02 3.423309939999999756e+02
1.434669949999999972e+02 4.257340090000000146e+02
3.848300199999999904e+01 3.090530089999999745e+02
1.576490019999999959e+02 3.254010010000000079e+02
4.339500000000000313e+01 3.001359860000000026e+02
1.594609989999999868e+02 2.728710019999999759e+02
4.492599899999999735e+01 3.053900150000000053e+02
7.685700199999999427e+01 4.206459960000000251e+02
1.715110019999999906e+02 2.819930110000000241e+02
3.170999899999999982e+01 4.527820130000000063e+02
8.314900199999999586e+01 4.133250120000000152e+02
5.333200099999999821e+01 3.317149959999999851e+02
1.045550000000000068e+02 4.180929869999999937e+02
5.992300000000000182e+01 3.570079959999999915e+02
1.264000000000000057e+01 3.404240110000000072e+02
1.653750000000000000e+02 4.000690000000000168e+02
3.320500200000000035e+01 3.251499939999999924e+02
9.339199800000000096e+01 2.893640139999999974e+02
1.124399999999999977e+01 3.647629999999999768e+02
3.698799900000000207e+01 3.888590090000000146e+02
1.179980010000000021e+02 4.000350040000000149e+02
1.823399900000000073e+01 3.864259950000000003e+02
7.597199999999999420e+01 3.728349910000000023e+02
6.942199700000000462e+01 3.112789920000000166e+02
1.458970030000000122e+02 3.285580140000000142e+02
3.243899900000000258e+01 2.830109860000000026e+02
5.133499900000000338e+01 3.668479919999999765e+02
8.084300199999999847e+01 3.769570009999999911e+02
8.950199899999999786e+01 3.025060119999999984e+02
1.647799990000000037e+02 2.726340030000000070e+02
1.290260010000000079e+02 3.536650089999999977e+02
1.254609990000000010e+02 3.315719910000000255e+02
3.162299900000000008e+01 3.263460079999999834e+02
9.548799900000000207e+01 4.488200069999999755e+02
1.452399999999999913e+01 3.536029970000000162e+02
1.582339939999999956e+02 3.169419859999999858e+02
3.125600100000000126e+01 2.832560119999999984e+02
6.644100199999999745e+01 4.634710079999999834e+02
1.663209990000000005e+02 3.421289980000000241e+02
2.388800000000000168e+01 3.522510070000000155e+02
1.511719970000000046e+02 4.170740049999999997e+02
1.697740019999999959e+02 3.346619870000000105e+02
8.743000000000000327e+00 3.389750060000000076e+02
2.662999900000000153e+01 3.380159909999999854e+02
7.636599699999999302e+01 2.964169919999999934e+02
1.321549990000000037e+02 2.886809999999999832e+02
1.290850069999999903e+02 4.261640009999999847e+02
1.241149979999999999e+02 4.152619930000000181e+02
1.516929930000000013e+02 3.790979919999999765e+02
8.375000000000000000e+00 3.441640009999999847e+02
1.317929990000000089e+02 2.866960139999999910e+02
1.181799999999999962e+01 4.297059939999999756e+02
1.518970030000000122e+02 3.245719910000000255e+02
8.126599899999999366e+01 3.815549930000000245e+02
1.315050050000000113e+02 3.576539920000000166e+02
1.035559999999999974e+02 2.815790099999999825e+02
1.345279999999999916e+02 3.637909849999999778e+02
5.201599900000000076e+01 3.086470029999999838e+02
1.710299990000000037e+02 4.032420040000000085e+02
1.504170070000000123e+02 4.345079959999999915e+02
1.661369929999999897e+02 3.242520139999999742e+02
2.481100100000000097e+01 3.558219910000000255e+02
1.182070010000000053e+02 4.699259950000000003e+02
5.042200100000000162e+01 3.150159909999999854e+02
7.715200000000000102e+01 3.106400150000000053e+02
1.261969990000000053e+02 2.907999879999999848e+02
3.468699999999999761e+01 2.986449890000000096e+02
1.412030029999999954e+02 2.869989929999999845e+02
1.587129970000000014e+02 3.343410030000000006e+02
1.477319950000000119e+02 3.391560059999999908e+02
1.574969940000000008e+02 3.716579899999999839e+02
1.010869979999999941e+02 2.869899899999999775e+02
1.147720029999999980e+02 2.910509950000000003e+02
8.128399699999999939e+01 3.830159909999999854e+02
1.539770049999999912e+02 4.265419919999999934e+02
6.520099600000000351e+01 4.004150089999999977e+02
1.539989930000000129e+02 3.725350040000000149e+02
1.564660030000000006e+02 3.542780149999999821e+02
5.335699799999999726e+01 3.851510010000000079e+02
1.117580030000000022e+02 4.076029970000000162e+02
1.663309940000000040e+02 3.484039920000000166e+02
8.495300299999999538e+01 3.915400089999999977e+02
1.645130000000000052e+02 4.376910100000000057e+02
3.578599899999999678e+01 3.504719850000000179e+02
1.473659969999999930e+02 3.791140139999999974e+02
1.343860019999999906e+02 3.669779970000000162e+02
8.497499799999999937e+01 2.999949950000000172e+02
5.286899900000000230e+01 3.894670100000000161e+02
5.576800200000000274e+01 4.242789920000000166e+02
3.636800000000000210e+01 3.033229979999999841e+02
