5.004500120000000152e+02 1.187809979999999968e+02
3.799379880000000185e+02 9.718900299999999959e+01
3.770939940000000092e+02 6.689299800000000573e+01
4.965000000000000000e+02 2.191069950000000119e+02
5.066350100000000225e+02 6.193800000000000239e+01
4.418559880000000248e+02 1.665119929999999897e+02
4.762200010000000248e+02 1.554199979999999925e+02
5.164019779999999855e+02 8.634400200000000325e+01
4.734949950000000172e+02 4.079499799999999965e+01
4.352659909999999854e+02 1.583489989999999921e+02
4.242940060000000244e+02 9.750900300000000698e+01
5.034289860000000090e+02 2.362630000000000052e+02
4.815339969999999994e+02 1.614219970000000046e+02
5.301170039999999517e+02 2.533979950000000088e+02
5.253449709999999868e+02 2.493650049999999965e+02
4.453120119999999815e+02 1.337729950000000088e+02
3.612040099999999825e+02 2.617080080000000066e+02
4.260979919999999765e+02 1.319629970000000014e+02
4.441860050000000228e+02 7.477300300000000277e+01
3.682239989999999921e+02 8.312500000000000000e+01
4.668879999999999768e+02 2.184779969999999878e+02
4.402579959999999915e+02 1.013830030000000022e+02
5.129890139999999974e+02 2.488549959999999999e+02
5.283439939999999524e+02 2.231329959999999915e+02
4.625849910000000023e+02 4.692300000000000182e+01
5.176649780000000192e+02 7.005799899999999525e+01
4.432219850000000179e+02 1.011279980000000052e+02
3.764460139999999910e+02 2.118130040000000065e+02
4.806929930000000013e+02 1.591549990000000037e+02
4.257539980000000241e+02 1.211330030000000022e+02
4.369270020000000159e+02 1.404839939999999956e+02
4.491239929999999845e+02 1.299889980000000094e+02
3.551130069999999819e+02 1.021699980000000068e+02
4.852940060000000244e+02 1.611519930000000045e+02
4.445719910000000255e+02 1.438699949999999887e+02
5.219580079999999498e+02 8.982800299999999538e+01
4.563200069999999755e+02 8.562400100000000691e+01
4.547120059999999739e+02 1.410619959999999935e+02
3.813890079999999898e+02 2.643620000000000232e+02
4.660899959999999851e+02 1.544779969999999878e+02
4.641979979999999841e+02 4.813499800000000306e+01
5.252360230000000456e+02 2.247899930000000097e+02
4.543229979999999841e+02 7.104499800000000675e+01
4.222980039999999917e+02 1.462559970000000078e+02
4.872999879999999848e+02 1.611990049999999997e+02
4.610539860000000090e+02 5.812300100000000214e+01
4.899230039999999917e+02 1.569069979999999873e+02
4.233179930000000013e+02 1.490149989999999889e+02
4.585589899999999943e+02 6.491300200000000586e+01
4.977290039999999749e+02 1.790099950000000035e+02
4.621969910000000255e+02 1.487530059999999992e+02
4.599760130000000231e+02 5.918500099999999975e+01
4.293599849999999947e+02 1.084850009999999969e+02
5.178959959999999683e+02 5.544599900000000048e+01
4.768519900000000007e+02 1.791410060000000044e+02
4.295000000000000000e+02 1.578320009999999911e+02
4.412869870000000105e+02 7.508100100000000054e+01
4.931090090000000146e+02 2.225950009999999963e+02
4.474259950000000003e+02 5.831900000000000261e+01
4.871289980000000241e+02 7.148200199999999427e+01
4.722890009999999847e+02 1.702579959999999915e+02
4.392569889999999759e+02 7.456099700000000041e+01
3.771409909999999854e+02 3.302999899999999656e+01
5.084259950000000003e+02 6.192399999999999949e+01
4.449880069999999819e+02 1.635180049999999881e+02
4.236940000000000168e+02 1.345599980000000073e+02
5.025849910000000023e+02 2.466569979999999873e+02
4.506419980000000010e+02 7.015599799999999675e+01
4.471029970000000162e+02 1.423359989999999868e+02
4.370159909999999854e+02 1.084850009999999969e+02
4.603330080000000066e+02 8.726399999999999579e+01
4.890310059999999908e+02 6.912500000000000000e+01
5.027430110000000241e+02 8.363400300000000698e+01
4.461300049999999828e+02 9.292199700000000462e+01
5.188469850000000179e+02 2.255650019999999927e+02
4.376379999999999768e+02 1.202460020000000043e+02
5.133449709999999868e+02 1.535729980000000126e+02
5.011430050000000165e+02 1.184349979999999931e+02
4.974070130000000063e+02 2.583859860000000026e+02
5.024519960000000083e+02 1.350840000000000032e+02
4.639710079999999834e+02 6.267499899999999968e+01
4.933110050000000228e+02 1.322799990000000037e+02
4.850060119999999984e+02 2.458229980000000126e+02
4.975820009999999911e+02 1.571230009999999879e+02
4.231279910000000086e+02 1.358350069999999903e+02
4.903760070000000155e+02 6.023899800000000226e+01
4.257489929999999845e+02 8.565300000000000580e+01
4.846329959999999915e+02 2.256219940000000008e+02
3.499989929999999845e+02 2.676099849999999947e+02
3.599700010000000248e+02 1.401510010000000079e+02
4.917000120000000152e+02 2.355980069999999955e+02
5.313640139999999974e+02 1.418849950000000035e+02
4.231730039999999917e+02 1.236039959999999951e+02
3.579299930000000245e+02 2.620039980000000241e+02
3.913879999999999768e+02 2.113569950000000119e+02
5.010100100000000225e+02 5.618199899999999758e+01
4.469890139999999974e+02 6.066799900000000179e+01
4.538240049999999997e+02 5.645500200000000035e+01
4.361600040000000149e+02 9.951000200000000007e+01
4.372229919999999765e+02 8.901599899999999366e+01
4.731849980000000073e+02 2.359029999999999916e+02
4.970480039999999917e+02 8.824700199999999484e+01
5.056040039999999749e+02 8.058699799999999414e+01
3.705239869999999769e+02 2.595809939999999756e+02
4.482560119999999984e+02 2.283189999999999884e+02
5.089479979999999841e+02 2.157830050000000028e+02
4.286430050000000165e+02 1.465509950000000003e+02
4.564519960000000083e+02 7.010399599999999509e+01
5.283759770000000344e+02 1.352489930000000129e+02
5.251909789999999703e+02 8.766200299999999856e+01
5.237020260000000462e+02 1.263369979999999941e+02
3.542760010000000079e+02 2.660989989999999921e+02
4.890780030000000238e+02 1.617630000000000052e+02
4.312090150000000222e+02 1.470429990000000089e+02
3.622380069999999819e+02 2.677160030000000006e+02
5.000199890000000096e+02 1.385200040000000001e+02
4.274670100000000161e+02 1.056289979999999957e+02
5.046839899999999943e+02 1.185640029999999996e+02
5.136069949999999835e+02 1.200240019999999959e+02
5.153579710000000205e+02 1.196849979999999931e+02
5.234660030000000006e+02 6.777300300000000277e+01
4.738460079999999834e+02 1.957839969999999994e+02
5.130859990000000153e+02 5.053799800000000175e+01
4.955719910000000255e+02 7.874500299999999697e+01
4.848599849999999947e+02 2.285209959999999967e+02
4.543099980000000073e+02 5.957799899999999838e+01
4.734289860000000090e+02 5.429700100000000162e+01
4.846530149999999821e+02 7.814700299999999800e+01
3.677149959999999851e+02 2.611510010000000079e+02
4.827520139999999742e+02 6.154700100000000162e+01
4.636449890000000096e+02 2.154459990000000005e+02
4.698900150000000053e+02 1.572899930000000097e+02
4.541629940000000261e+02 5.739799899999999866e+01
5.185989990000000489e+02 2.438789979999999957e+02
4.991419980000000010e+02 7.543299899999999525e+01
4.785549930000000245e+02 1.761549990000000037e+02
4.973269960000000083e+02 2.244100039999999865e+02
4.428919980000000010e+02 8.768699599999999350e+01
4.212000120000000152e+02 2.448399900000000073e+01
4.677739869999999769e+02 2.082250060000000076e+02
4.415409849999999778e+02 8.412599899999999309e+01
5.080350040000000149e+02 2.153280029999999954e+02
4.515409849999999778e+02 2.066159969999999930e+02
3.648680110000000241e+02 2.433269960000000083e+02
4.980690000000000168e+02 2.459349980000000073e+02
4.426719969999999762e+02 7.761799600000000510e+01
5.110270080000000235e+02 2.483679960000000051e+02
4.903259889999999928e+02 7.466899899999999946e+01
4.946289980000000241e+02 9.307599600000000351e+01
4.615799870000000169e+02 6.066599999999999682e+01
4.310270080000000235e+02 1.980610049999999944e+02
5.226790160000000469e+02 2.207469940000000008e+02
4.879750060000000076e+02 7.636000099999999691e+01
5.280819699999999557e+02 2.379869999999999948e+02
3.886789860000000090e+02 1.999210050000000081e+02
5.172739870000000337e+02 9.057099900000000048e+01
5.032780149999999821e+02 4.434799999999999898e+01
4.526940000000000168e+02 5.814899799999999885e+01
4.635440060000000244e+02 1.697729950000000088e+02
4.908359990000000153e+02 1.661860049999999944e+02
3.844060059999999908e+02 2.254109950000000140e+02
5.043859860000000026e+02 1.172929989999999947e+02
4.535159909999999854e+02 1.502420040000000085e+02
3.502680050000000165e+02 2.269929960000000051e+02
5.195620119999999815e+02 2.346580050000000028e+02
3.652640079999999898e+02 2.615690000000000168e+02
4.638219910000000255e+02 1.440950009999999963e+02
4.412539980000000241e+02 1.698189999999999884e+02
4.772900089999999977e+02 8.231800099999999532e+01
4.324859920000000102e+02 1.988769990000000121e+02
4.911640009999999847e+02 2.257380070000000103e+02
5.240469970000000330e+02 7.331999999999999318e+01
4.730440060000000244e+02 1.693000030000000038e+02
4.747380069999999819e+02 5.416700000000000159e+01
4.690969850000000179e+02 6.340499899999999656e+01
4.419580080000000066e+02 1.968070069999999987e+02
5.204219970000000330e+02 1.372799990000000037e+02
4.563529970000000162e+02 6.424600200000000427e+01
4.277869870000000105e+02 1.012969970000000046e+02
3.665610050000000228e+02 2.524080050000000028e+02
4.736740110000000072e+02 6.955599999999999739e+01
4.618670040000000085e+02 4.088799999999999812e+01
5.241099850000000515e+02 1.423560029999999870e+02
4.846359860000000026e+02 2.431589969999999994e+02
4.295750120000000152e+02 1.242419969999999978e+02
4.843850100000000225e+02 2.439029999999999916e+02
4.844010010000000079e+02 2.359129939999999976e+02
4.969100040000000149e+02 5.455099899999999735e+01
5.300529790000000503e+02 2.358450009999999963e+02
4.267090150000000222e+02 1.259240039999999965e+02
4.292479860000000258e+02 1.386419980000000010e+02
4.577380069999999819e+02 1.479490049999999997e+02
4.729590150000000222e+02 1.991920010000000048e+02
3.763240049999999997e+02 2.326280059999999992e+02
4.925350040000000149e+02 5.623500099999999691e+01
4.933309939999999756e+02 1.570339969999999994e+02
4.824559939999999756e+02 4.175400199999999984e+01
4.989739989999999921e+02 6.252199900000000099e+01
5.043680110000000241e+02 8.623500099999999691e+01
4.595249939999999924e+02 7.562300100000000214e+01
4.578680110000000241e+02 2.128350069999999903e+02
4.814960019999999759e+02 1.567090000000000032e+02
5.267379760000000033e+02 8.044499999999999318e+01
3.771629940000000261e+02 1.424310000000000116e+02
5.275109860000000026e+02 9.364299800000000573e+01
4.364700010000000248e+02 1.321269990000000121e+02
4.755369870000000105e+02 1.513840030000000070e+02
5.244030149999999821e+02 1.311640010000000132e+02
3.693540039999999749e+02 7.185800199999999904e+01
4.691430050000000165e+02 7.424500299999999697e+01
4.264150089999999977e+02 1.386089939999999956e+02
4.965190119999999752e+02 2.316529999999999916e+02
4.453299870000000169e+02 1.634439999999999884e+02
4.013919980000000010e+02 2.682709960000000251e+02
5.208499759999999696e+02 7.785600300000000118e+01
4.934719850000000179e+02 1.720169980000000010e+02
5.026740110000000072e+02 6.757499699999999621e+01
4.872030030000000238e+02 1.550540009999999995e+02
4.604240110000000072e+02 5.747700100000000134e+01
4.866759950000000003e+02 2.072050020000000075e+02
5.095809939999999756e+02 2.479640049999999860e+02
3.739159849999999778e+02 2.607900089999999977e+02
3.823879999999999768e+02 1.674299929999999961e+02
4.322950129999999831e+02 1.873679960000000051e+02
5.058009950000000003e+02 2.271970059999999876e+02
4.964349980000000073e+02 1.240149990000000031e+02
4.362489929999999845e+02 1.583439940000000092e+02
3.767409969999999930e+02 2.223450009999999963e+02
4.678280030000000238e+02 1.467920070000000123e+02
3.682919919999999934e+02 2.665480039999999917e+02
5.225839839999999867e+02 1.072440030000000064e+02
5.212100219999999808e+02 1.236220019999999948e+02
4.316589969999999994e+02 1.236600040000000007e+02
4.286650089999999977e+02 1.267949980000000068e+02
5.040329899999999839e+02 2.538609920000000102e+02
4.211300049999999828e+02 4.855400099999999952e+01
4.420010070000000155e+02 1.338910060000000044e+02
4.334249879999999848e+02 8.911399799999999516e+01
5.273969730000000027e+02 7.547100100000000111e+01
4.817699890000000096e+02 5.976499900000000309e+01
3.599079899999999839e+02 2.612210079999999834e+02
4.884739989999999921e+02 8.305400099999999952e+01
5.291459959999999683e+02 2.133739930000000129e+02
3.584370119999999815e+02 2.655840150000000222e+02
4.314190060000000244e+02 1.457550050000000113e+02
5.063810119999999984e+02 5.586299900000000207e+01
3.513689880000000016e+02 2.589079899999999839e+02
5.079930110000000241e+02 2.542879939999999976e+02
4.512239989999999921e+02 1.457749939999999924e+02
4.412149959999999851e+02 8.674500299999999697e+01
4.556459960000000251e+02 7.552700000000000102e+01
5.011730039999999917e+02 2.090489959999999883e+02
3.703370059999999739e+02 1.903979950000000088e+02
4.738099980000000073e+02 1.484960020000000043e+02
3.863599849999999947e+02 2.402440029999999922e+02
4.490599980000000073e+02 9.628600299999999379e+01
4.863150019999999927e+02 7.706700100000000475e+01
4.887109990000000153e+02 2.188020019999999874e+02
4.241300049999999828e+02 9.615000200000000063e+01
5.164990229999999656e+02 1.196019969999999972e+02
4.665509950000000003e+02 5.570000100000000032e+01
4.904299930000000245e+02 1.701470030000000122e+02
4.578760070000000155e+02 5.003599899999999678e+01
4.765039980000000241e+02 2.194010010000000079e+02
4.567439880000000016e+02 1.705619959999999935e+02
5.087170100000000161e+02 1.227229999999999990e+02
4.908049930000000245e+02 2.079019930000000045e+02
5.321129760000000033e+02 1.319720000000000084e+02
3.529270020000000159e+02 2.623869930000000181e+02
4.489230039999999917e+02 6.099200100000000191e+01
4.982690119999999752e+02 2.217310029999999870e+02
4.482290039999999749e+02 7.479000100000000373e+01
4.685710139999999910e+02 1.546609950000000140e+02
4.665880129999999895e+02 1.703589939999999956e+02
5.117160030000000006e+02 8.590599799999999675e+01
5.203809810000000198e+02 1.248109970000000004e+02
4.862659909999999854e+02 2.259709929999999929e+02
5.016809999999999832e+02 2.246040040000000033e+02
4.654960019999999759e+02 1.715220030000000122e+02
4.966289980000000241e+02 1.502090000000000032e+02
4.743940119999999752e+02 9.054399899999999946e+01
5.020690000000000168e+02 8.494499999999999318e+01
5.285100099999999657e+02 1.455939940000000092e+02
5.175250240000000304e+02 1.350850069999999903e+02
4.342260130000000231e+02 1.008970029999999980e+02
5.063370059999999739e+02 5.581199999999999761e+01
4.328290099999999825e+02 1.642879939999999976e+02
4.641849980000000073e+02 2.189739989999999921e+02
4.901010130000000231e+02 5.614699900000000099e+01
5.088150019999999927e+02 5.448300199999999904e+01
5.259949950000000172e+02 1.189530029999999954e+02
4.796579899999999839e+02 2.120890049999999860e+02
5.124370119999999815e+02 2.445489959999999883e+02
4.997799989999999752e+02 1.618959959999999967e+02
3.725329899999999839e+02 8.391000400000000070e+01
4.274559939999999756e+02 1.346799929999999961e+02
4.615950010000000248e+02 6.934999799999999937e+01
5.289680180000000291e+02 1.227139970000000062e+02
4.672780149999999821e+02 1.712839969999999994e+02
3.771910100000000057e+02 1.098239970000000056e+02
5.141439820000000509e+02 1.292760010000000079e+02
5.109509889999999928e+02 1.262539979999999957e+02
5.287050169999999980e+02 1.448609920000000102e+02
3.855039980000000241e+02 2.631860050000000228e+02
3.769060059999999908e+02 1.079850009999999969e+02
5.131669920000000502e+02 8.462799800000000516e+01
5.200260009999999511e+02 2.239369959999999935e+02
5.290889889999999696e+02 8.556500200000000689e+01
4.275610050000000228e+02 1.393999939999999924e+02
4.881539920000000166e+02 1.491510010000000079e+02
4.319920040000000085e+02 5.060499999999999687e+01
5.297500000000000000e+02 9.108499899999999627e+01
5.034590150000000222e+02 9.005400099999999952e+01
5.175590210000000297e+02 2.382969970000000046e+02
3.655450129999999831e+02 2.650300000000000011e+01
3.773620000000000232e+02 1.456309970000000078e+02
5.246630249999999478e+02 2.493320009999999911e+02
4.970469969999999762e+02 9.581900000000000261e+01
4.770109860000000026e+02 4.327899899999999889e+01
5.006489869999999769e+02 2.300500030000000038e+02
5.119779970000000162e+02 6.211200000000000188e+01
4.886560059999999908e+02 4.990999999999999659e+01
3.946640009999999847e+02 2.312989959999999883e+02
4.615679930000000013e+02 7.237000299999999697e+01
4.409920040000000085e+02 6.282600000000000051e+01
4.387969969999999762e+02 1.157289959999999951e+02
5.070820009999999911e+02 1.672209929999999929e+02
4.756229860000000258e+02 4.073599999999999710e+01
4.823099980000000073e+02 2.434179990000000089e+02
4.583699950000000172e+02 8.600499700000000303e+01
4.275350040000000149e+02 1.408419949999999972e+02
5.061189880000000016e+02 9.278399699999999939e+01
5.015750120000000152e+02 2.403430020000000127e+02
4.849739989999999921e+02 2.151560059999999908e+02
4.822869870000000105e+02 7.229699700000000462e+01
5.264190059999999676e+02 1.383410030000000006e+02
3.991860050000000228e+02 7.923600000000000421e+01
5.286010129999999663e+02 8.078900099999999895e+01
4.947409969999999930e+02 1.768489989999999921e+02
4.274620059999999739e+02 2.266250000000000000e+02
4.960920100000000161e+02 2.047830050000000028e+02
4.715620119999999815e+02 6.081399900000000258e+01
5.287340090000000146e+02 1.232160030000000006e+02
4.290029910000000086e+02 8.412000299999999697e+01
4.877950129999999831e+02 2.387630000000000052e+02
5.268020020000000159e+02 9.691500100000000373e+01
5.207639769999999544e+02 2.405160060000000044e+02
4.856149899999999775e+02 9.612599899999999309e+01
5.309180300000000443e+02 1.254980010000000021e+02
4.480180050000000165e+02 1.954120029999999986e+02
4.871329959999999915e+02 2.054470059999999876e+02
3.763980099999999993e+02 2.515740049999999997e+02
4.933070069999999987e+02 2.677090150000000222e+02
4.852239989999999921e+02 6.701200099999999793e+01
4.523450010000000248e+02 1.725989989999999921e+02
4.934209900000000175e+02 1.573820039999999949e+02
3.773410030000000006e+02 2.592340090000000146e+02
5.080499879999999848e+02 5.253799800000000175e+01
4.851409909999999854e+02 7.645600100000000054e+01
4.473649899999999775e+02 1.036679989999999947e+02
5.186329960000000483e+02 2.166880040000000065e+02
4.769609990000000153e+02 1.726699979999999925e+02
5.240960079999999834e+02 1.427689970000000130e+02
4.742749939999999924e+02 2.274409939999999892e+02
5.218540040000000317e+02 1.382059940000000040e+02
4.646379999999999768e+02 5.701699800000000096e+01
4.259559939999999756e+02 7.890599799999999675e+01
4.440989989999999921e+02 7.823500099999999691e+01
4.488500060000000076e+02 1.419010010000000079e+02
5.040159909999999854e+02 1.644530029999999954e+02
4.466059880000000248e+02 1.638690029999999922e+02
4.310209960000000251e+02 2.486939999999999884e+02
4.309230039999999917e+02 1.245920030000000054e+02
4.751520080000000235e+02 2.118150019999999927e+02
4.682730099999999993e+02 1.495229950000000088e+02
4.313980099999999993e+02 6.915499900000000366e+01
3.604700010000000248e+02 2.611470029999999838e+02
4.050289920000000166e+02 1.119810030000000012e+02
5.146389769999999544e+02 2.169420010000000048e+02
5.284790040000000317e+02 1.268519969999999972e+02
4.844790039999999749e+02 2.018079989999999952e+02
4.327590030000000070e+02 7.350499700000000303e+01
5.243359990000000153e+02 2.450149989999999889e+02
4.571140139999999974e+02 7.967400399999999649e+01
5.075329899999999839e+02 4.927100000000000080e+01
4.871090090000000146e+02 1.593119959999999935e+02
4.221809999999999832e+02 1.437940059999999960e+02
5.041270139999999742e+02 1.263440020000000032e+02
5.125009770000000344e+02 1.188219990000000053e+02
4.736799930000000245e+02 7.594000200000000689e+01
5.235850219999999808e+02 1.242259980000000041e+02
4.210750120000000152e+02 1.238929980000000057e+02
4.862460019999999759e+02 4.444300100000000242e+01
4.790310059999999908e+02 1.601569979999999873e+02
4.815960079999999834e+02 1.507469940000000008e+02
5.309340210000000297e+02 9.157900200000000268e+01
4.327210079999999834e+02 1.237419969999999978e+02
4.524460139999999910e+02 1.668139950000000056e+02
4.771530149999999821e+02 1.577010040000000117e+02
4.951950069999999755e+02 7.312100200000000427e+01
4.721740110000000072e+02 2.384279940000000124e+02
4.853510130000000231e+02 1.542400049999999965e+02
4.451560059999999908e+02 8.906500200000000689e+01
5.015499879999999848e+02 6.148899800000000226e+01
4.919630129999999895e+02 2.253959959999999967e+02
5.074700010000000248e+02 5.768699999999999761e+01
3.487290039999999749e+02 2.646910100000000057e+02
5.279379880000000185e+02 3.636099999999999710e+01
4.623739929999999845e+02 1.074970019999999948e+02
4.901669919999999934e+02 1.796620029999999986e+02
4.485979919999999765e+02 1.660099950000000035e+02
5.044049989999999752e+02 7.314700299999999800e+01
4.940260010000000079e+02 1.558209990000000005e+02
4.761589969999999994e+02 2.130820009999999911e+02
4.501679990000000089e+02 1.336580050000000028e+02
4.259309999999999832e+02 9.965399899999999889e+01
5.285689700000000357e+02 1.215019989999999979e+02
3.548150019999999927e+02 2.584039920000000166e+02
5.029490049999999997e+02 2.387160030000000006e+02
4.510570069999999987e+02 1.475240019999999959e+02
4.854049989999999752e+02 1.627239989999999921e+02
4.285010070000000155e+02 1.183919980000000010e+02
3.731369930000000181e+02 1.219300000000000068e+02
4.861669919999999934e+02 1.093479999999999990e+02
4.495669859999999858e+02 1.577850039999999865e+02
3.620440060000000244e+02 2.668439940000000092e+02
4.329200129999999831e+02 1.658049929999999961e+02
4.970029910000000086e+02 1.839929960000000051e+02
5.044110109999999736e+02 1.626929930000000013e+02
3.527810059999999908e+02 2.608229979999999841e+02
4.542059939999999756e+02 8.878800200000000586e+01
4.385939940000000092e+02 9.929599799999999732e+01
4.717239989999999921e+02 1.724470059999999876e+02
5.045679930000000013e+02 1.727909999999999968e+02
4.428970029999999838e+02 1.047630000000000052e+02
4.523160100000000057e+02 9.441599999999999682e+01
5.048789980000000241e+02 2.232449949999999887e+02
4.962669980000000010e+02 2.201999969999999962e+02
4.576220089999999914e+02 7.807099900000000048e+01
5.247319949999999835e+02 2.386820069999999987e+02
4.417269900000000007e+02 2.184199979999999925e+02
4.844259950000000003e+02 1.595919949999999972e+02
4.872929990000000089e+02 1.771909939999999892e+02
5.164530029999999670e+02 2.568450010000000248e+02
3.768879999999999768e+02 7.052500200000000063e+01
4.856480099999999993e+02 1.638780059999999992e+02
4.363529970000000162e+02 9.196800199999999847e+01
5.221459959999999683e+02 4.940399899999999889e+01
5.162639769999999544e+02 8.019799799999999834e+01
5.008219910000000255e+02 7.599500299999999697e+01
4.635610050000000228e+02 8.395099600000000351e+01
5.175380249999999478e+02 5.660900099999999924e+01
4.960929869999999937e+02 2.084830019999999990e+02
3.800939940000000092e+02 5.088100099999999770e+01
5.257500000000000000e+02 9.757299799999999834e+01
5.139370119999999815e+02 7.057099900000000048e+01
4.503080140000000142e+02 1.376479950000000088e+02
4.991289980000000241e+02 1.751880040000000065e+02
5.293289790000000039e+02 3.314099900000000076e+01
5.163140260000000126e+02 5.617399999999999949e+01
4.970599980000000073e+02 2.972400100000000123e+01
5.072330019999999990e+02 2.447270049999999912e+02
5.306530149999999821e+02 1.967079929999999877e+02
4.257810059999999908e+02 2.915299999999999869e+01
5.151939700000000357e+02 2.224499969999999962e+02
4.794479979999999841e+02 1.565469970000000046e+02
4.905499879999999848e+02 2.149380040000000065e+02
3.736189880000000016e+02 5.966099899999999678e+01
3.644939880000000016e+02 5.726299999999999812e+01
4.365650019999999927e+02 6.922399900000000628e+01
5.204949950000000172e+02 6.069699899999999815e+01
4.526520080000000235e+02 1.559689940000000092e+02
4.748689880000000016e+02 2.170760040000000117e+02
5.059129940000000261e+02 1.389230039999999917e+02
4.438989869999999769e+02 1.269059979999999968e+02
3.616690060000000244e+02 1.104219970000000046e+02
3.825249939999999924e+02 2.664909969999999930e+02
4.754649959999999851e+02 1.683099980000000073e+02
5.184119869999999537e+02 2.365440059999999960e+02
3.720230099999999993e+02 2.292400049999999965e+02
4.785840150000000222e+02 5.456800100000000242e+01
4.484030149999999821e+02 1.432070009999999911e+02
3.769020080000000235e+02 2.492169949999999972e+02
4.476489869999999769e+02 1.138919980000000010e+02
5.151199950000000172e+02 6.608699799999999414e+01
5.084559939999999756e+02 2.224859920000000102e+02
4.323250120000000152e+02 4.393199899999999758e+01
3.667890009999999847e+02 2.570840150000000222e+02
3.582210079999999834e+02 2.569429930000000013e+02
5.048229979999999841e+02 1.234039989999999989e+02
3.771170040000000085e+02 6.023599999999999710e+01
5.161829830000000356e+02 8.516200299999999856e+01
4.968179930000000013e+02 3.269200099999999765e+01
4.849200129999999831e+02 2.357090000000000032e+02
4.502569889999999759e+02 1.575720059999999876e+02
4.593049930000000245e+02 7.872000099999999634e+01
4.445700069999999755e+02 1.015739970000000056e+02
5.230770260000000462e+02 1.249599989999999963e+02
3.541640009999999847e+02 2.617489929999999845e+02
4.258460079999999834e+02 7.813200399999999490e+01
5.096789860000000090e+02 5.501499900000000309e+01
4.021130069999999819e+02 1.790319979999999873e+02
5.034460139999999910e+02 7.382199900000000525e+01
4.529079899999999839e+02 1.508950040000000001e+02
5.259320069999999987e+02 8.842199700000000462e+01
4.300530089999999745e+02 1.015709990000000005e+02
4.399389949999999772e+02 1.122239990000000063e+02
4.627139890000000264e+02 4.895399900000000315e+01
4.903330080000000066e+02 1.702160030000000006e+02
4.668110050000000228e+02 3.857000000000000028e+01
5.124110110000000304e+02 7.127400199999999586e+01
5.061849980000000073e+02 1.224319990000000047e+02
5.263920289999999795e+02 2.157230069999999955e+02
4.904140009999999847e+02 2.355829929999999877e+02
4.908940119999999752e+02 2.145429990000000089e+02
4.008590090000000146e+02 2.582650150000000053e+02
5.266030269999999973e+02 6.526599899999999366e+01
4.312000120000000152e+02 9.107800299999999538e+01
4.790539860000000090e+02 1.829830019999999990e+02
5.134270020000000159e+02 5.435300099999999901e+01
5.264149780000000192e+02 2.219759980000000041e+02
5.041289980000000241e+02 1.261340030000000070e+02
3.888120119999999815e+02 2.378480069999999955e+02
4.717510070000000155e+02 6.319100199999999745e+01
3.773859860000000026e+02 1.281459959999999967e+02
5.303309940000000324e+02 2.137160030000000006e+02
4.993859860000000026e+02 1.261439969999999988e+02
5.135980220000000145e+02 2.151049959999999999e+02
5.048510130000000231e+02 2.532610019999999906e+02
4.873190000000000168e+02 5.428699900000000156e+01
4.321449890000000096e+02 8.467800099999999475e+01
4.905939940000000092e+02 2.371629939999999976e+02
3.780639949999999772e+02 2.642890009999999847e+02
5.281849979999999505e+02 2.476609950000000140e+02
4.947690119999999752e+02 8.284600100000000111e+01
4.767730099999999993e+02 2.016820069999999987e+02
4.388429869999999937e+02 1.102259980000000041e+02
4.392690119999999752e+02 7.647499799999999937e+01
4.877099910000000023e+02 2.148710020000000043e+02
3.831489869999999769e+02 1.990249939999999924e+02
4.316910100000000057e+02 1.616829989999999952e+02
4.794400019999999927e+02 2.218890079999999898e+02
5.104689940000000092e+02 1.392100069999999903e+02
5.242689820000000509e+02 7.777500200000000063e+01
4.426029970000000162e+02 1.435149989999999889e+02
4.817359920000000102e+02 1.582570039999999949e+02
4.688250120000000152e+02 5.784999799999999937e+01
3.587210079999999834e+02 2.599119870000000105e+02
4.710230099999999993e+02 2.096190029999999922e+02
4.231130069999999819e+02 1.336750030000000038e+02
4.328779910000000086e+02 2.137100069999999903e+02
4.263110050000000228e+02 1.789210050000000081e+02
4.977460019999999759e+02 8.690699800000000153e+01
4.376510010000000079e+02 9.731999999999999318e+01
5.125319819999999709e+02 2.481719970000000046e+02
4.704809880000000248e+02 1.453459929999999929e+02
4.925539860000000090e+02 1.569450070000000039e+02
4.219230039999999917e+02 1.111490019999999959e+02
4.071300049999999828e+02 2.416829989999999952e+02
4.436239929999999845e+02 2.201589969999999994e+02
4.985849910000000023e+02 2.247610019999999906e+02
4.774710079999999834e+02 1.517799990000000037e+02
5.237119750000000522e+02 7.502400199999999586e+01
4.622780149999999821e+02 1.482790070000000071e+02
4.451679990000000089e+02 1.210360029999999938e+02
4.456719969999999762e+02 1.585070039999999949e+02
4.775209960000000251e+02 2.445740049999999997e+02
3.770690000000000168e+02 7.669799799999999834e+01
3.745920100000000161e+02 1.633630070000000103e+02
4.889849849999999947e+02 4.641899899999999946e+01
3.756440119999999752e+02 2.487850039999999865e+02
4.657409969999999930e+02 4.012699899999999786e+01
4.599890139999999974e+02 4.806199999999999761e+01
4.333800049999999828e+02 1.359750060000000076e+02
3.918489989999999921e+02 6.987500000000000000e+01
4.405409849999999778e+02 1.474429930000000013e+02
5.175889889999999696e+02 5.582199899999999815e+01
4.393479919999999765e+02 1.001070019999999943e+02
4.827569889999999759e+02 1.808240049999999997e+02
4.682839969999999994e+02 5.423700000000000188e+01
3.484150089999999977e+02 1.041309969999999936e+02
4.191329959999999915e+02 1.271989970000000056e+02
4.314819949999999835e+02 2.098000030000000038e+02
4.226940000000000168e+02 2.173569950000000119e+02
4.822550049999999828e+02 8.278500400000000070e+01
4.983489989999999921e+02 1.322270049999999912e+02
4.327409969999999930e+02 2.603800049999999828e+02
4.823309939999999756e+02 7.633899700000000621e+01
4.500069889999999759e+02 2.040319979999999873e+02
5.271119999999999663e+02 1.056880040000000065e+02
5.288800049999999828e+02 8.030400099999999952e+01
4.233110050000000228e+02 2.012980039999999917e+02
3.762569889999999759e+02 1.703329929999999877e+02
4.355220029999999838e+02 1.335000000000000000e+02
4.416359860000000026e+02 6.640200000000000102e+01
5.175079960000000483e+02 2.226770019999999874e+02
4.698810119999999984e+02 1.583399960000000135e+02
3.634379880000000185e+02 2.607019960000000083e+02
3.635740049999999997e+02 2.062539979999999957e+02
3.683970029999999838e+02 2.620580140000000142e+02
5.058659969999999930e+02 1.290240019999999959e+02
4.910530089999999745e+02 6.821900200000000325e+01
4.829060059999999908e+02 1.673410030000000006e+02
5.063250120000000152e+02 2.162640079999999898e+02
3.757789920000000166e+02 2.615220029999999838e+02
4.311510010000000079e+02 1.307830050000000028e+02
3.770599980000000073e+02 1.999869999999999948e+02
4.798460079999999834e+02 5.683700199999999825e+01
4.694469910000000255e+02 2.055390010000000132e+02
4.703070069999999987e+02 2.109250030000000038e+02
4.685050049999999828e+02 6.344300100000000242e+01
5.205460209999999961e+02 1.421139980000000094e+02
5.101040039999999749e+02 1.179779970000000020e+02
4.722879940000000261e+02 6.141799900000000179e+01
5.099609990000000153e+02 8.861599699999999302e+01
3.676990049999999997e+02 1.427160030000000006e+02
3.549389949999999772e+02 1.313780059999999992e+02
4.546069949999999835e+02 1.654909969999999930e+02
4.325010070000000155e+02 8.716799899999999468e+01
4.843169859999999858e+02 2.337980039999999917e+02
5.034899899999999775e+02 2.387709959999999967e+02
4.690350040000000149e+02 1.558079989999999952e+02
3.653559880000000248e+02 1.414250030000000038e+02
3.694710079999999834e+02 2.600989989999999921e+02
5.142210079999999834e+02 1.808099980000000073e+02
4.568900150000000053e+02 6.259000000000000341e+01
4.262420040000000085e+02 1.925269930000000045e+02
5.035329899999999839e+02 1.231340030000000070e+02
4.418959960000000251e+02 9.794999699999999621e+01
4.387529910000000086e+02 1.104499969999999962e+02
4.881870119999999815e+02 6.792299699999999518e+01
4.924509889999999928e+02 1.313849950000000035e+02
5.003890079999999898e+02 1.335399930000000097e+02
4.602409969999999930e+02 2.063780059999999992e+02
4.444129940000000261e+02 7.276200099999999793e+01
5.142059940000000324e+02 1.234159999999999968e+02
5.110109860000000026e+02 2.183540040000000033e+02
4.572189940000000092e+02 6.105799900000000235e+01
5.281630249999999478e+02 2.177279969999999878e+02
5.167230220000000145e+02 1.396490019999999959e+02
4.440020139999999742e+02 7.380400099999999952e+01
5.277990109999999504e+02 1.380939940000000092e+02
4.750690000000000168e+02 2.201999969999999962e+02
5.270250240000000304e+02 1.569680020000000127e+02
4.257579959999999915e+02 1.443670040000000085e+02
5.255070190000000139e+02 1.461649930000000097e+02
4.831749879999999848e+02 5.242100099999999685e+01
4.370409849999999778e+02 8.933799700000000144e+01
5.229680180000000291e+02 8.029399899999999946e+01
4.291910100000000057e+02 1.124069980000000015e+02
3.778340150000000222e+02 1.461190029999999922e+02
5.062900089999999977e+02 1.413569950000000119e+02
4.534930110000000241e+02 7.694400000000000261e+01
4.327919919999999934e+02 1.437989959999999883e+02
4.351040039999999749e+02 1.505639950000000056e+02
4.329349980000000073e+02 1.807059940000000040e+02
4.976109920000000102e+02 2.119700009999999963e+02
4.563519900000000007e+02 7.816999800000000675e+01
4.500169980000000010e+02 1.629819950000000119e+02
5.208380130000000463e+02 2.542559970000000078e+02
4.932609860000000026e+02 5.864300200000000274e+01
5.311900020000000495e+02 8.505500000000000682e+01
4.584549870000000169e+02 1.717230069999999955e+02
4.387929990000000089e+02 7.657099900000000048e+01
4.683869930000000181e+02 1.744490049999999997e+02
5.151649780000000192e+02 6.847399900000000628e+01
4.550920100000000161e+02 6.009500100000000344e+01
4.956010130000000231e+02 2.480160060000000044e+02
5.012919919999999934e+02 1.320180049999999881e+02
5.103450010000000248e+02 1.020370029999999986e+02
5.121569819999999709e+02 1.791080019999999990e+02
4.302929990000000089e+02 1.522420040000000085e+02
4.777319949999999835e+02 7.157199900000000525e+01
4.438439940000000092e+02 8.704200000000000159e+01
4.707420040000000085e+02 1.510279999999999916e+02
4.959630129999999895e+02 1.345919949999999972e+02
4.222669980000000010e+02 1.018990019999999959e+02
4.304419859999999858e+02 1.578739930000000129e+02
4.404639890000000264e+02 7.970999899999999627e+01
4.893229979999999841e+02 5.398899800000000226e+01
5.134249879999999848e+02 2.477200009999999963e+02
3.487229919999999765e+02 2.687200010000000248e+02
4.451470029999999838e+02 1.374129939999999976e+02
4.935849910000000023e+02 2.276159969999999930e+02
5.222039790000000039e+02 2.151419980000000010e+02
4.604049989999999752e+02 1.650110019999999906e+02
4.453389890000000264e+02 5.729399899999999946e+01
5.048330080000000066e+02 8.531300400000000650e+01
4.583999939999999924e+02 2.149579929999999877e+02
3.676430050000000165e+02 2.632139890000000264e+02
4.744960019999999759e+02 4.976100199999999774e+01
4.624790039999999749e+02 7.937799800000000516e+01
4.691759950000000003e+02 2.221219940000000008e+02
4.922869870000000105e+02 1.697779999999999916e+02
4.615840150000000222e+02 7.757099900000000048e+01
4.944670100000000161e+02 8.463700099999999793e+01
4.206629940000000261e+02 1.217249979999999994e+02
3.773999939999999924e+02 9.111399799999999516e+01
3.637619930000000181e+02 2.651809999999999832e+02
4.516719969999999762e+02 4.847700100000000134e+01
5.272979739999999538e+02 1.373600010000000111e+02
5.168629760000000033e+02 2.229199979999999925e+02
4.937000120000000152e+02 8.147799700000000200e+01
4.867699890000000096e+02 6.344300100000000242e+01
4.354219969999999762e+02 1.279150010000000037e+02
4.781210019999999759e+02 1.701519930000000045e+02
4.933269960000000083e+02 1.249130020000000059e+02
4.640780030000000238e+02 1.615859989999999868e+02
4.356830140000000142e+02 1.240780029999999954e+02
5.284559940000000324e+02 1.316459959999999967e+02
4.393340150000000222e+02 1.339109950000000140e+02
5.004609990000000153e+02 1.586000060000000076e+02
4.288550109999999904e+02 1.089919969999999978e+02
5.006740110000000072e+02 7.016000400000000070e+01
4.753919980000000010e+02 1.617039949999999919e+02
3.778840030000000070e+02 2.526139980000000094e+02
4.405129999999999768e+02 1.590720059999999876e+02
5.309829710000000205e+02 1.495689999999999884e+02
4.338890079999999898e+02 1.008980030000000028e+02
4.839620059999999739e+02 2.359559940000000040e+02
3.630350040000000149e+02 2.654070130000000063e+02
5.283850099999999657e+02 1.490930020000000127e+02
4.410559999999999832e+02 1.317920070000000123e+02
4.497500000000000000e+02 1.321609950000000140e+02
4.770050049999999828e+02 1.791199949999999887e+02
4.218049930000000245e+02 9.413300300000000220e+01
4.955799870000000169e+02 2.314299929999999961e+02
5.200770260000000462e+02 2.154819950000000119e+02
4.982380069999999819e+02 1.261969990000000053e+02
5.099070130000000063e+02 6.462500000000000000e+01
4.316780089999999745e+02 7.841200299999999856e+01
5.308709720000000516e+02 2.399660030000000006e+02
4.854410100000000057e+02 2.368090060000000108e+02
4.690740049999999997e+02 2.153170010000000048e+02
4.841350100000000225e+02 2.345980069999999955e+02
4.622380069999999819e+02 7.064299800000000573e+01
4.971809999999999832e+02 1.713560029999999870e+02
4.401300049999999828e+02 1.428470000000000084e+02
5.252490229999999656e+02 8.308899700000000621e+01
5.178709720000000516e+02 2.174389950000000056e+02
3.852219850000000179e+02 1.933659969999999930e+02
4.710000000000000000e+02 4.233299999999999841e+01
4.498559880000000248e+02 9.900800300000000220e+01
5.053970029999999838e+02 1.184059979999999968e+02
4.914989929999999845e+02 1.550560000000000116e+02
3.763179930000000013e+02 1.779129939999999976e+02
5.301469730000000027e+02 1.454940029999999922e+02
5.319359739999999874e+02 8.323400100000000634e+01
4.264500120000000152e+02 5.251699800000000096e+01
4.362170100000000161e+02 1.455010069999999871e+02
4.976369930000000181e+02 2.433090060000000108e+02
4.882890009999999847e+02 1.539170070000000123e+02
3.517760010000000079e+02 2.578670040000000085e+02
4.920199890000000096e+02 1.733229980000000126e+02
5.222470090000000482e+02 2.537010040000000117e+02
4.557420040000000085e+02 7.260399599999999509e+01
5.193540040000000317e+02 1.386060029999999870e+02
4.472420040000000085e+02 1.452259980000000041e+02
4.727489929999999845e+02 1.484299929999999961e+02
5.037629999999999768e+02 1.735229950000000088e+02
3.541329959999999915e+02 2.696530149999999821e+02
5.179630130000000463e+02 2.348540040000000033e+02
5.299899900000000343e+02 8.264600400000000491e+01
5.094159849999999778e+02 1.341100010000000111e+02
4.494200129999999831e+02 1.333430020000000127e+02
3.764989929999999845e+02 1.564420010000000048e+02
3.723160100000000057e+02 3.548599999999999710e+01
4.970679930000000013e+02 3.846900200000000325e+01
4.420820009999999911e+02 1.648699949999999887e+02
4.450369870000000105e+02 2.178139950000000056e+02
4.890889890000000264e+02 2.463399960000000135e+02
5.144660030000000006e+02 1.152590030000000070e+02
4.746549989999999752e+02 2.095469970000000046e+02
4.367869870000000105e+02 1.325240019999999959e+02
3.756379999999999768e+02 2.657690119999999752e+02
3.772349849999999947e+02 1.563309940000000040e+02
4.545199890000000096e+02 1.451190029999999922e+02
5.209899900000000343e+02 2.221829989999999952e+02
4.500679930000000013e+02 1.440729980000000126e+02
4.895539860000000090e+02 6.139799899999999866e+01
5.285189820000000509e+02 2.305509950000000003e+02
3.767250060000000076e+02 2.506580050000000028e+02
5.177650149999999485e+02 1.825290070000000071e+02
5.166979979999999841e+02 1.429550020000000075e+02
3.982460019999999759e+02 2.685549930000000245e+02
4.311279910000000086e+02 1.981360019999999906e+02
4.500169980000000010e+02 6.796600300000000061e+01
5.052269900000000007e+02 9.538300300000000220e+01
5.034309999999999832e+02 2.461040040000000033e+02
3.643020020000000159e+02 2.700239869999999769e+02
4.606839899999999943e+02 1.685489959999999883e+02
3.659620059999999739e+02 2.678340150000000222e+02
3.805180050000000165e+02 2.700679930000000013e+02
4.928450010000000248e+02 8.363500200000000007e+01
3.880440060000000244e+02 6.729499800000000675e+01
4.712789920000000166e+02 1.568999939999999924e+02
3.777009889999999928e+02 4.173099899999999707e+01
4.337090150000000222e+02 1.432619929999999897e+02
5.120219730000000027e+02 2.184439999999999884e+02
4.960409849999999778e+02 1.128700029999999970e+02
4.710010070000000155e+02 2.091540070000000071e+02
4.574389949999999772e+02 1.410480039999999917e+02
4.888389890000000264e+02 1.671170040000000085e+02
4.689849849999999947e+02 1.598860019999999906e+02
4.509419859999999858e+02 6.634799999999999898e+01
4.430419919999999934e+02 7.500700399999999490e+01
5.052600100000000225e+02 1.150240019999999959e+02
4.802239989999999921e+02 2.063659969999999930e+02
5.197260129999999663e+02 6.411399799999999516e+01
4.410830080000000066e+02 1.651139980000000094e+02
3.675150150000000053e+02 2.587009889999999928e+02
5.188540040000000317e+02 2.307409969999999930e+02
4.943500060000000076e+02 1.754270019999999874e+02
4.903890079999999898e+02 4.664899799999999885e+01
4.675299989999999752e+02 7.101100200000000484e+01
5.089159849999999778e+02 2.488130040000000065e+02
4.702160030000000006e+02 8.218299899999999525e+01
5.032890009999999847e+02 1.239779970000000020e+02
4.870539860000000090e+02 2.439869999999999948e+02
4.154530030000000238e+02 2.465249939999999924e+02
5.199110110000000304e+02 1.483049929999999961e+02
4.773829959999999915e+02 2.064620060000000024e+02
5.267919920000000502e+02 1.835859989999999868e+02
3.942260130000000231e+02 1.973110049999999944e+02
4.482890009999999847e+02 1.681770019999999874e+02
4.372269900000000007e+02 1.331210020000000043e+02
4.353670040000000085e+02 1.426620029999999986e+02
4.606499939999999924e+02 8.826000200000000007e+01
4.475639949999999772e+02 9.745099600000000351e+01
5.173439939999999524e+02 2.557570039999999949e+02
4.313240049999999997e+02 2.137740019999999959e+02
5.162050169999999980e+02 7.753299699999999461e+01
5.296569819999999709e+02 2.487599950000000035e+02
4.933190000000000168e+02 1.352599950000000035e+02
4.856340030000000070e+02 4.341999799999999965e+01
4.747810059999999908e+02 3.897700100000000134e+01
5.145640260000000126e+02 2.141799929999999961e+02
4.884049989999999752e+02 1.614669949999999972e+02
5.183690189999999802e+02 8.569499999999999318e+01
4.404079899999999839e+02 1.465420070000000123e+02
4.476040039999999749e+02 5.180400099999999952e+01
3.955979919999999765e+02 2.685539860000000090e+02
4.870129999999999768e+02 2.144709929999999929e+02
4.766000060000000076e+02 4.571799899999999894e+01
3.866740110000000072e+02 2.858200100000000177e+01
3.791700129999999831e+02 2.646229860000000258e+02
4.553290099999999825e+02 7.819699900000000525e+01
5.163020020000000159e+02 9.234100300000000061e+01
3.649970089999999914e+02 2.702799989999999752e+02
4.864030149999999821e+02 1.524270019999999874e+02
4.846969910000000255e+02 4.780899800000000255e+01
4.970660100000000057e+02 2.457859950000000140e+02
5.292500000000000000e+02 7.302999900000000366e+01
5.045979919999999765e+02 1.247809979999999968e+02
5.024270020000000159e+02 2.366609950000000140e+02
4.974179990000000089e+02 1.284299929999999961e+02
5.310579830000000356e+02 2.357230069999999955e+02
4.626990049999999997e+02 1.761730039999999917e+02
3.868500060000000076e+02 2.682080080000000066e+02
5.230739750000000186e+02 2.508009950000000003e+02
4.474010010000000079e+02 5.267999999999999972e+01
5.054630129999999895e+02 1.190719990000000053e+02
4.763919980000000010e+02 4.903399999999999892e+01
3.680010070000000155e+02 2.402420040000000085e+02
4.585660100000000057e+02 7.711199999999999477e+01
5.101830140000000142e+02 1.422819979999999873e+02
4.290079959999999915e+02 1.476430049999999881e+02
4.354670100000000161e+02 7.368499799999999311e+01
3.778689880000000016e+02 1.391300050000000113e+02
5.050159909999999854e+02 5.769800200000000245e+01
4.373559880000000248e+02 1.300220030000000122e+02
4.859079899999999839e+02 1.683009950000000003e+02
5.265819699999999557e+02 7.599500299999999697e+01
3.616000060000000076e+02 2.705589899999999943e+02
4.298469850000000179e+02 8.910700199999999427e+01
4.767850040000000149e+02 2.079880070000000103e+02
5.099920040000000085e+02 7.679200000000000159e+01
4.986350100000000225e+02 1.715650019999999927e+02
4.564179990000000089e+02 1.263580019999999990e+02
5.218489990000000489e+02 4.702299899999999866e+01
4.687460019999999759e+02 2.621449890000000096e+02
5.157680050000000165e+02 2.607439880000000016e+02
4.231520080000000235e+02 1.208140029999999996e+02
4.878710019999999759e+02 6.167599899999999735e+01
3.677099910000000023e+02 2.916900100000000151e+01
3.776390079999999898e+02 2.191699979999999925e+02
3.769769900000000007e+02 1.805989989999999921e+02
4.484670100000000161e+02 1.273310010000000005e+02
4.760440060000000244e+02 1.614490049999999997e+02
4.771310119999999984e+02 5.455400099999999952e+01
4.591390079999999898e+02 8.319400000000000261e+01
4.470969850000000179e+02 1.612630000000000052e+02
4.416220089999999914e+02 8.271199799999999414e+01
5.249630130000000463e+02 8.521900200000000325e+01
4.556900019999999927e+02 1.399299929999999961e+02
5.183640139999999974e+02 2.518639980000000094e+02
5.273670039999999517e+02 1.197249979999999994e+02
4.903020020000000159e+02 5.007899900000000315e+01
4.949899899999999775e+02 1.289210050000000081e+02
4.462390139999999974e+02 6.536499799999999993e+01
4.760809939999999756e+02 7.541100299999999379e+01
4.849960019999999759e+02 2.363090060000000108e+02
5.201010129999999663e+02 5.917499899999999968e+01
3.941900019999999927e+02 1.573970030000000122e+02
4.895239869999999769e+02 2.297120060000000024e+02
4.897500000000000000e+02 2.423959959999999967e+02
4.993309939999999756e+02 1.323359989999999868e+02
4.972690119999999752e+02 2.538220059999999876e+02
4.369609990000000153e+02 1.228610000000000042e+02
5.050140079999999898e+02 1.342010040000000117e+02
4.491950069999999755e+02 7.323400100000000634e+01
4.563020020000000159e+02 5.318099999999999739e+01
4.867380069999999819e+02 7.927899899999999889e+01
4.151189880000000016e+02 1.055400010000000037e+02
4.847120059999999739e+02 2.095010069999999871e+02
3.635020139999999742e+02 1.787749939999999924e+02
3.767080080000000066e+02 1.801730039999999917e+02
4.020029910000000086e+02 2.192640079999999898e+02
5.075419919999999934e+02 2.474080050000000028e+02
4.921659849999999778e+02 8.623300199999999904e+01
4.603879999999999768e+02 6.803800200000000586e+01
4.633359990000000153e+02 1.717619929999999897e+02
5.305250240000000304e+02 2.260140079999999898e+02
4.435750120000000152e+02 7.547699699999999723e+01
4.611300049999999828e+02 1.642760010000000079e+02
4.808590090000000146e+02 2.641709900000000175e+02
5.060570069999999987e+02 1.198730010000000021e+02
4.974949950000000172e+02 1.042839969999999994e+02
4.797019960000000083e+02 2.411560059999999908e+02
3.502430110000000241e+02 1.007170030000000054e+02
4.783450010000000248e+02 1.593679960000000051e+02
4.809519960000000083e+02 1.721040040000000033e+02
5.125709839999999531e+02 7.429799699999999518e+01
4.453829959999999915e+02 7.738099699999999359e+01
3.514679869999999937e+02 2.672829899999999839e+02
4.931029970000000162e+02 2.690220029999999838e+02
4.924859920000000102e+02 2.420480039999999917e+02
5.053280030000000238e+02 2.292700040000000001e+02
4.216019900000000007e+02 1.177170030000000054e+02
3.653269960000000083e+02 1.389559940000000040e+02
4.566499939999999924e+02 5.368600099999999742e+01
4.708670040000000085e+02 1.739259950000000003e+02
4.328190000000000168e+02 2.290099950000000035e+02
3.767500000000000000e+02 1.662259980000000041e+02
4.746109920000000102e+02 2.290579989999999952e+02
4.806099849999999947e+02 2.124609989999999868e+02
4.402130129999999895e+02 1.193340000000000032e+02
4.616019900000000007e+02 5.476699800000000096e+01
4.370000000000000000e+02 1.125940020000000032e+02
4.294760130000000231e+02 1.476549990000000037e+02
4.678129880000000185e+02 6.447899599999999509e+01
5.119830019999999990e+02 5.536200000000000188e+01
4.856900019999999927e+02 2.264329989999999952e+02
5.129580079999999498e+02 2.544149930000000097e+02
5.106520080000000235e+02 2.381510010000000079e+02
4.757969969999999762e+02 2.293710020000000043e+02
4.869660030000000006e+02 1.586900019999999927e+02
4.694190060000000244e+02 1.444550020000000075e+02
5.066019900000000007e+02 2.394980009999999879e+02
4.236579899999999839e+02 1.247590030000000070e+02
4.919859920000000102e+02 5.856300000000000239e+01
5.249349979999999505e+02 1.381439970000000130e+02
4.990669859999999858e+02 2.130269930000000045e+02
4.390599980000000073e+02 1.078249969999999962e+02
5.144080199999999650e+02 1.350160060000000044e+02
4.743550109999999904e+02 1.576820069999999987e+02
4.961319889999999759e+02 1.090759960000000035e+02
3.777600100000000225e+02 2.119199979999999925e+02
4.968039860000000090e+02 1.092200009999999963e+02
4.559779970000000162e+02 5.864099900000000076e+01
5.042090150000000222e+02 5.449000199999999694e+01
4.313389890000000264e+02 1.494049990000000037e+02
4.445929869999999937e+02 1.021859970000000004e+02
4.304599910000000023e+02 8.172899599999999509e+01
4.343529970000000162e+02 1.525829929999999877e+02
4.944580080000000066e+02 1.827839969999999994e+02
4.227040099999999825e+02 1.586040040000000033e+02
4.441659849999999778e+02 7.066799899999999468e+01
5.048030089999999745e+02 6.830200200000000166e+01
4.854060059999999908e+02 1.939730069999999955e+02
4.408710019999999759e+02 1.412039949999999919e+02
5.181259770000000344e+02 2.258159939999999892e+02
4.740790099999999825e+02 4.425699999999999790e+01
4.897290039999999749e+02 7.901499900000000309e+01
4.767210079999999834e+02 1.706380000000000052e+02
5.289810179999999491e+02 7.667400399999999649e+01
4.657380069999999819e+02 2.384709929999999929e+02
4.969010010000000079e+02 2.690039980000000241e+02
5.234390260000000126e+02 1.532209929999999929e+02
4.805050049999999828e+02 5.946799899999999894e+01
5.194849850000000515e+02 6.608299999999999841e+01
4.672370000000000232e+02 1.630149989999999889e+02
4.808429869999999937e+02 4.622600200000000115e+01
5.281010129999999663e+02 1.406719970000000046e+02
4.207370000000000232e+02 1.348439940000000092e+02
4.839800109999999904e+02 7.080999799999999311e+01
4.789580080000000066e+02 2.088829959999999915e+02
4.505289920000000166e+02 7.952899899999999889e+01
4.740610050000000228e+02 8.321900200000000325e+01
4.489460139999999910e+02 8.654499800000000675e+01
3.737980039999999917e+02 5.431499900000000025e+01
3.781669919999999934e+02 2.643150019999999927e+02
5.175469970000000330e+02 2.272729950000000088e+02
3.778229979999999841e+02 2.112619929999999897e+02
4.744230039999999917e+02 5.589199800000000096e+01
4.356470029999999838e+02 1.199509960000000035e+02
4.208970029999999838e+02 1.276569980000000015e+02
3.776839899999999943e+02 1.142549970000000030e+02
4.278450010000000248e+02 1.393809970000000078e+02
4.767370000000000232e+02 8.414800300000000277e+01
3.664209900000000175e+02 9.883799700000000144e+01
3.556040039999999749e+02 2.702090150000000222e+02
5.187440189999999802e+02 2.261069950000000119e+02
3.763500060000000076e+02 6.743299899999999525e+01
4.665719910000000255e+02 6.881900000000000261e+01
5.111979979999999841e+02 2.291510010000000079e+02
4.905499879999999848e+02 1.752059940000000040e+02
5.081669919999999934e+02 2.243520049999999912e+02
3.710929869999999937e+02 2.677049870000000169e+02
4.554169919999999934e+02 7.216899899999999946e+01
3.922739869999999769e+02 2.139490049999999997e+02
3.623349910000000023e+02 2.655820009999999911e+02
5.055029910000000086e+02 1.624499969999999962e+02
4.653859860000000026e+02 2.114680020000000127e+02
4.287780149999999821e+02 1.314609989999999868e+02
4.750629880000000185e+02 1.620509950000000003e+02
4.804710079999999834e+02 2.233249969999999962e+02
5.165369869999999537e+02 9.071499599999999930e+01
4.792959900000000175e+02 2.310440059999999960e+02
4.832919919999999934e+02 2.666120000000000232e+02
4.726040039999999749e+02 4.175199899999999786e+01
4.958309939999999756e+02 2.425859989999999868e+02
4.965010070000000155e+02 4.489400100000000293e+01
5.155770260000000462e+02 1.261630020000000059e+02
5.278989870000000337e+02 7.088999900000000309e+01
5.307529909999999518e+02 2.183170010000000048e+02
5.229299929999999677e+02 6.630899800000000255e+01
4.623689880000000016e+02 1.726909939999999892e+02
3.776390079999999898e+02 8.765799699999999461e+01
3.823070069999999987e+02 1.707109989999999868e+02
4.932839969999999994e+02 1.296130070000000103e+02
4.201570130000000063e+02 1.191029970000000020e+02
4.561199950000000172e+02 5.219300100000000242e+01
3.760889890000000264e+02 2.210249939999999924e+02
4.471149899999999775e+02 6.204399899999999946e+01
5.062879940000000261e+02 1.239260029999999944e+02
4.856640009999999847e+02 2.382279969999999878e+02
3.763399959999999851e+02 1.690330050000000028e+02
4.711700129999999831e+02 8.228099799999999675e+01
3.778500060000000076e+02 6.247399899999999917e+01
3.747229919999999765e+02 2.644270020000000159e+02
5.245930180000000291e+02 2.549649960000000135e+02
4.896940000000000168e+02 5.346900200000000325e+01
5.186019900000000007e+02 8.725399799999999573e+01
4.893869930000000181e+02 1.703399960000000135e+02
4.528370059999999739e+02 6.724700199999999484e+01
5.161259770000000344e+02 1.279729999999999990e+02
4.743850100000000225e+02 1.662109989999999868e+02
4.563030089999999745e+02 1.450769960000000083e+02
4.949819949999999835e+02 7.017800099999999475e+01
4.724240110000000072e+02 2.233739930000000129e+02
4.791440119999999752e+02 1.669459990000000005e+02
4.955350040000000149e+02 7.942199700000000462e+01
4.964939880000000016e+02 1.515789949999999919e+02
4.239760130000000231e+02 1.445379939999999976e+02
4.530580140000000142e+02 1.501479950000000088e+02
4.731409909999999854e+02 2.265010069999999871e+02
4.288210139999999910e+02 1.081989970000000056e+02
4.890790099999999825e+02 9.698500099999999691e+01
5.091260070000000155e+02 2.337489930000000129e+02
4.391189880000000016e+02 1.196930009999999953e+02
4.652739869999999769e+02 2.129920040000000085e+02
3.549549870000000169e+02 1.914069979999999873e+02
4.432349849999999947e+02 1.438679960000000051e+02
5.203640139999999974e+02 2.177969970000000046e+02
4.825610050000000228e+02 4.164300200000000274e+01
3.768290099999999825e+02 1.351360019999999906e+02
4.703829959999999915e+02 5.647600200000000115e+01
3.699719850000000179e+02 2.632489929999999845e+02
3.720129999999999768e+02 1.380619959999999935e+02
4.421650089999999977e+02 6.216599999999999682e+01
4.748309939999999756e+02 2.067149960000000135e+02
4.341730039999999917e+02 1.513869929999999897e+02
4.960960079999999834e+02 2.248509980000000041e+02
4.442820130000000063e+02 1.630709990000000005e+02
5.148270260000000462e+02 2.529969940000000008e+02
5.198880000000000337e+02 2.440160060000000044e+02
4.775320130000000063e+02 2.303229980000000126e+02
5.144340210000000297e+02 2.063950040000000001e+02
4.467439880000000016e+02 1.691340030000000070e+02
5.174390260000000126e+02 8.657700300000000482e+01
3.503519900000000007e+02 2.678410030000000006e+02
4.897019960000000083e+02 2.241499939999999924e+02
5.221900020000000495e+02 2.342120060000000024e+02
5.238870239999999967e+02 8.284899900000000628e+01
5.292059940000000324e+02 1.410449979999999925e+02
4.592890009999999847e+02 1.399739989999999921e+02
5.232969970000000330e+02 1.304069979999999873e+02
4.387629999999999768e+02 9.804599799999999732e+01
5.062680050000000165e+02 2.349859920000000102e+02
5.064970089999999914e+02 1.713910060000000044e+02
4.323169859999999858e+02 1.606620029999999986e+02
4.533609920000000102e+02 1.626759950000000003e+02
3.581369930000000181e+02 2.502680049999999881e+02
4.912380069999999819e+02 8.573600000000000421e+01
4.567290039999999749e+02 1.740829929999999877e+02
5.208259890000000496e+02 9.470600100000000054e+01
4.531749879999999848e+02 2.700960079999999834e+02
3.970220029999999838e+02 2.664830019999999990e+02
5.157999879999999848e+02 1.423399960000000135e+02
4.458179930000000013e+02 1.306190029999999922e+02
4.587839969999999994e+02 1.487899930000000097e+02
3.903110050000000228e+02 2.666279910000000086e+02
5.320549929999999677e+02 1.227239990000000063e+02
5.192890009999999847e+02 2.527350010000000111e+02
5.025119930000000181e+02 1.598840030000000070e+02
4.421260070000000155e+02 2.077669980000000010e+02
5.243519900000000007e+02 1.320769960000000083e+02
4.514970089999999914e+02 9.414199800000000096e+01
4.468710019999999759e+02 1.477590030000000070e+02
5.073429869999999937e+02 1.348300020000000075e+02
4.922399899999999775e+02 1.271670000000000016e+02
4.970509950000000003e+02 1.081110000000000042e+02
4.516459960000000251e+02 1.485359950000000140e+02
5.285759890000000496e+02 9.406400299999999959e+01
4.310400089999999977e+02 6.958899700000000621e+01
3.863909909999999854e+02 2.668779910000000086e+02
4.337279970000000162e+02 1.405429990000000089e+02
4.311820069999999987e+02 5.020999900000000338e+01
5.227089839999999867e+02 2.444179990000000089e+02
4.792179869999999937e+02 1.533359989999999868e+02
3.778529970000000162e+02 5.324200100000000191e+01
4.349410100000000057e+02 1.132880020000000059e+02
4.611719969999999762e+02 2.428209990000000005e+02
3.853640139999999974e+02 2.676589969999999994e+02
4.261029970000000162e+02 1.708910060000000044e+02
4.993569949999999835e+02 1.770829929999999877e+02
3.506950069999999755e+02 2.693859860000000026e+02
5.198699950000000172e+02 5.599200100000000191e+01
3.552770080000000235e+02 7.660099800000000414e+01
3.829670100000000161e+02 9.380599999999999739e+01
5.236519779999999855e+02 1.156380000000000052e+02
4.186690060000000244e+02 2.690119930000000181e+02
4.833169859999999858e+02 1.649600069999999903e+02
5.055480039999999917e+02 6.554699700000000462e+01
4.647860109999999736e+02 1.451419980000000010e+02
4.525509950000000003e+02 2.820999899999999982e+01
4.972879940000000261e+02 1.168619999999999948e+02
4.355499879999999848e+02 1.453950040000000001e+02
4.427390139999999974e+02 1.536990049999999997e+02
4.848959960000000251e+02 2.013320009999999911e+02
4.747420040000000085e+02 1.615180049999999881e+02
