6.534689939999999524e+02 3.707279970000000162e+02
5.985859990000000153e+02 2.848829959999999915e+02
5.730629880000000185e+02 2.945629880000000185e+02
5.786300049999999828e+02 4.559469910000000255e+02
5.614650269999999637e+02 3.971929930000000013e+02
5.964869999999999663e+02 2.995899959999999851e+02
5.452529909999999518e+02 3.967219850000000179e+02
5.893989870000000337e+02 4.537529910000000086e+02
5.726420289999999795e+02 3.096849980000000073e+02
5.649769900000000007e+02 4.058089899999999943e+02
6.261680300000000443e+02 3.253580019999999990e+02
6.414580079999999498e+02 4.024270020000000159e+02
6.265969850000000179e+02 4.087430110000000241e+02
6.000560299999999643e+02 4.274620059999999739e+02
5.472999879999999848e+02 4.545060119999999984e+02
5.581859739999999874e+02 3.278800049999999828e+02
5.552739870000000337e+02 2.801629940000000261e+02
6.788699950000000172e+02 4.399849849999999947e+02
6.685209959999999683e+02 4.412149959999999851e+02
5.674110110000000304e+02 2.810580140000000142e+02
5.849899900000000343e+02 4.018609920000000102e+02
5.902100219999999808e+02 2.887690119999999752e+02
5.612780149999999821e+02 2.959479979999999841e+02
6.051580199999999650e+02 3.940750120000000152e+02
6.066640009999999847e+02 4.279739989999999921e+02
6.579539790000000039e+02 3.808460079999999834e+02
6.521840210000000297e+02 3.695889890000000264e+02
5.607390139999999974e+02 3.440400089999999977e+02
6.066729739999999538e+02 3.937900089999999977e+02
5.984660030000000006e+02 3.755369870000000105e+02
6.233140260000000126e+02 4.167850040000000149e+02
5.768569949999999835e+02 3.193559880000000248e+02
6.590930180000000291e+02 3.069370119999999815e+02
6.377579960000000483e+02 3.467579959999999915e+02
6.030789790000000039e+02 4.045939940000000092e+02
6.571170039999999517e+02 4.526650089999999977e+02
6.671400149999999485e+02 3.640329899999999839e+02
5.838670039999999517e+02 4.538529970000000162e+02
6.657550049999999828e+02 3.275669859999999858e+02
6.310109860000000026e+02 4.439620059999999739e+02
6.320939939999999524e+02 4.268290099999999825e+02
5.632680050000000165e+02 3.180379940000000261e+02
6.657769779999999855e+02 4.416860050000000228e+02
6.735949709999999868e+02 4.150849910000000023e+02
6.186630249999999478e+02 3.096289980000000241e+02
6.551119999999999663e+02 3.371120000000000232e+02
6.533449709999999868e+02 4.396679990000000089e+02
6.703140260000000126e+02 3.212969969999999762e+02
6.398670039999999517e+02 3.067370000000000232e+02
5.488950200000000450e+02 3.534270020000000159e+02
6.107830199999999650e+02 4.205069889999999759e+02
6.668250120000000152e+02 4.305190119999999752e+02
6.063889769999999544e+02 3.743359990000000153e+02
6.811630249999999478e+02 4.333580019999999990e+02
6.836710209999999961e+02 4.225050049999999828e+02
6.375200200000000450e+02 3.466960139999999910e+02
5.541979979999999841e+02 3.091870119999999815e+02
5.950159909999999854e+02 4.364119870000000105e+02
6.621970209999999497e+02 3.571239929999999845e+02
6.256989750000000186e+02 3.362460019999999759e+02
6.750219730000000027e+02 4.419039920000000166e+02
6.081719970000000330e+02 4.523370059999999739e+02
6.618270260000000462e+02 3.336780089999999745e+02
5.930780029999999670e+02 4.033169859999999858e+02
5.786950070000000323e+02 4.108919980000000010e+02
5.519459839999999531e+02 3.212669980000000010e+02
6.287559810000000198e+02 2.819939880000000016e+02
6.799849850000000515e+02 3.415469969999999762e+02
5.978820190000000139e+02 4.435039980000000241e+02
5.724260249999999814e+02 4.625109860000000026e+02
6.180750120000000152e+02 4.560740049999999997e+02
6.247020260000000462e+02 4.136120000000000232e+02
5.484799799999999550e+02 4.163139949999999772e+02
5.658599850000000515e+02 4.594540099999999825e+02
5.490659789999999703e+02 3.855969850000000179e+02
5.606649780000000192e+02 4.226870119999999815e+02
6.697609860000000026e+02 3.393949890000000096e+02
5.712899780000000192e+02 2.797200010000000248e+02
5.617310179999999491e+02 2.992590030000000070e+02
6.248549799999999550e+02 3.604240110000000072e+02
5.765380249999999478e+02 4.066319889999999759e+02
6.743670039999999517e+02 3.454479979999999841e+02
5.652899780000000192e+02 4.115589899999999943e+02
5.715239870000000337e+02 4.130350040000000149e+02
6.255440059999999676e+02 2.720360109999999736e+02
6.016580199999999650e+02 3.559280089999999745e+02
5.987849730000000363e+02 2.945450129999999831e+02
6.724550169999999980e+02 3.339620059999999739e+02
6.679840090000000146e+02 3.494150089999999977e+02
5.451179809999999861e+02 3.051889949999999772e+02
5.599869999999999663e+02 2.954599910000000023e+02
5.880250240000000304e+02 4.197720029999999838e+02
6.376810299999999643e+02 4.063559880000000248e+02
6.201450200000000450e+02 3.948659969999999930e+02
6.540869750000000522e+02 4.650329899999999839e+02
5.611640009999999847e+02 3.096950069999999755e+02
5.907169800000000350e+02 2.736130069999999819e+02
6.499479979999999841e+02 3.331679990000000089e+02
5.594169920000000502e+02 3.252600100000000225e+02
6.748950200000000450e+02 3.585199890000000096e+02
5.706480099999999993e+02 4.622319949999999835e+02
6.498969730000000027e+02 3.267149959999999851e+02
5.663389889999999696e+02 4.523299870000000169e+02
5.603800049999999828e+02 4.292239989999999921e+02
5.894520260000000462e+02 3.095169980000000010e+02
5.564199830000000020e+02 4.424649959999999851e+02
6.520239870000000337e+02 3.499859920000000102e+02
6.514669800000000350e+02 4.394419859999999858e+02
6.425460209999999961e+02 4.078349910000000023e+02
5.615130000000000337e+02 4.073439940000000092e+02
6.537910160000000133e+02 4.539150089999999977e+02
5.662520140000000310e+02 3.760060119999999984e+02
6.427379760000000033e+02 3.499509889999999928e+02
6.151489870000000337e+02 2.873489989999999921e+02
5.746909789999999703e+02 4.369819949999999835e+02
5.662089839999999867e+02 3.049140009999999847e+02
6.624130249999999478e+02 4.186690060000000244e+02
6.137940059999999676e+02 4.285650019999999927e+02
5.748109739999999874e+02 2.778450010000000248e+02
6.199760129999999663e+02 3.903919980000000010e+02
5.833339839999999867e+02 4.341960139999999910e+02
5.572930300000000443e+02 4.657520139999999742e+02
5.704899900000000343e+02 3.815400089999999977e+02
6.019990229999999656e+02 3.197179869999999937e+02
5.637559810000000198e+02 3.135329899999999839e+02
5.695910030000000006e+02 3.678800049999999828e+02
5.528189700000000357e+02 3.033410030000000006e+02
5.649849850000000515e+02 4.660100100000000225e+02
6.722780149999999821e+02 4.388640139999999974e+02
5.659970090000000482e+02 4.419909969999999930e+02
5.879630130000000463e+02 2.891099849999999947e+02
5.927620239999999967e+02 2.905129999999999768e+02
5.855960079999999834e+02 2.821050109999999904e+02
5.852800290000000132e+02 2.944179990000000089e+02
6.488549799999999550e+02 4.548139949999999772e+02
5.634500120000000152e+02 4.333030089999999745e+02
6.705079960000000483e+02 4.283099980000000073e+02
6.135659789999999703e+02 2.964259950000000003e+02
6.450269779999999855e+02 4.435650019999999927e+02
6.374390260000000126e+02 3.182890009999999847e+02
5.610109860000000026e+02 2.784020080000000235e+02
6.589240109999999504e+02 3.980669859999999858e+02
6.023729859999999690e+02 4.534719850000000179e+02
6.272139889999999696e+02 4.241860050000000228e+02
5.838179930000000013e+02 2.965939940000000092e+02
6.419749759999999696e+02 3.098569949999999835e+02
5.827589719999999716e+02 2.759590150000000222e+02
6.298629760000000033e+02 2.733099980000000073e+02
6.204730220000000145e+02 3.830620119999999815e+02
6.597559810000000198e+02 4.278290099999999825e+02
5.736630249999999478e+02 4.627049870000000169e+02
6.169010009999999511e+02 4.558469850000000179e+02
6.075709839999999531e+02 4.338429869999999937e+02
5.929160160000000133e+02 4.044809880000000248e+02
5.536480099999999993e+02 3.953959960000000251e+02
6.252169800000000350e+02 2.829710079999999834e+02
5.828099979999999505e+02 2.978569949999999835e+02
5.517169800000000350e+02 4.536530149999999821e+02
6.604320069999999987e+02 3.081950069999999755e+02
6.712910160000000133e+02 3.505249939999999924e+02
6.012069699999999557e+02 3.222529910000000086e+02
5.951699830000000020e+02 2.709880069999999819e+02
5.502210079999999834e+02 2.763099980000000073e+02
5.742399900000000343e+02 3.914379880000000185e+02
5.513200070000000323e+02 3.264030149999999821e+02
5.881950070000000323e+02 4.559389949999999772e+02
6.274589839999999867e+02 2.719549870000000169e+02
5.457969970000000330e+02 4.260660100000000057e+02
6.668930050000000165e+02 3.288250120000000152e+02
6.159420169999999644e+02 4.207479860000000258e+02
5.644229739999999538e+02 4.253750000000000000e+02
6.196820069999999987e+02 3.962619930000000181e+02
6.228660280000000284e+02 3.287579959999999915e+02
5.612769779999999855e+02 4.634509889999999928e+02
6.446040040000000317e+02 4.403710019999999759e+02
6.574869999999999663e+02 2.829469910000000255e+02
6.775360110000000304e+02 3.266319889999999759e+02
6.752700200000000450e+02 3.276080019999999990e+02
5.587509770000000344e+02 4.169159849999999778e+02
6.153750000000000000e+02 4.448479919999999765e+02
5.764390260000000126e+02 2.730650019999999927e+02
5.584390260000000126e+02 4.120910030000000006e+02
6.282670289999999795e+02 2.790409849999999778e+02
6.415000000000000000e+02 4.097860109999999736e+02
6.828629760000000033e+02 3.443460079999999834e+02
5.838140260000000126e+02 4.551159969999999930e+02
5.681019900000000007e+02 4.320060119999999984e+02
5.493629760000000033e+02 3.205950010000000248e+02
6.621480099999999993e+02 4.333590090000000146e+02
5.572709959999999683e+02 3.160270080000000235e+02
6.170280149999999821e+02 3.905700069999999755e+02
6.055739750000000186e+02 2.888999939999999924e+02
6.623270260000000462e+02 3.506090090000000146e+02
6.606240229999999656e+02 3.461969910000000255e+02
5.580380249999999478e+02 3.249830019999999990e+02
5.548079830000000356e+02 3.828770139999999742e+02
6.559719850000000179e+02 4.411390079999999898e+02
6.571290279999999484e+02 3.528930050000000165e+02
5.703709720000000516e+02 3.021220089999999914e+02
5.767340090000000146e+02 4.416250000000000000e+02
6.300399780000000192e+02 3.465679930000000013e+02
5.570540160000000469e+02 4.108169859999999858e+02
5.899130249999999478e+02 4.109689940000000092e+02
6.109509890000000496e+02 4.471279910000000086e+02
5.522849730000000363e+02 2.969949950000000172e+02
6.560219730000000027e+02 3.774920040000000085e+02
6.331309810000000198e+02 3.966180110000000241e+02
6.502230220000000145e+02 3.917070009999999911e+02
5.616950070000000323e+02 3.175559999999999832e+02
6.520289920000000166e+02 3.635719910000000255e+02
6.491199950000000172e+02 3.310010070000000155e+02
5.465809940000000324e+02 3.950499879999999848e+02
6.385020140000000310e+02 3.958500060000000076e+02
6.674940189999999802e+02 3.490549930000000245e+02
5.691719970000000330e+02 3.115060119999999984e+02
5.817719730000000027e+02 2.918359990000000153e+02
5.976810299999999643e+02 2.949729919999999765e+02
6.289739990000000489e+02 2.742229919999999765e+02
5.484390260000000126e+02 4.011180110000000241e+02
6.394660030000000006e+02 3.121619870000000105e+02
5.834470209999999497e+02 3.915669859999999858e+02
6.495560299999999643e+02 3.510320130000000063e+02
5.918590090000000146e+02 4.280010070000000155e+02
6.764840090000000146e+02 3.427500000000000000e+02
6.566279909999999518e+02 3.485010070000000155e+02
6.267609860000000026e+02 3.638110050000000228e+02
6.049949950000000172e+02 2.955989989999999921e+02
6.308900149999999485e+02 3.363219910000000255e+02
5.648939820000000509e+02 3.086220089999999914e+02
6.021630249999999478e+02 3.937810059999999908e+02
5.656149900000000343e+02 3.768030089999999745e+02
6.104000240000000304e+02 4.478080140000000142e+02
6.189359739999999874e+02 3.414089969999999994e+02
5.738020020000000159e+02 4.064230039999999917e+02
5.762579960000000483e+02 4.575650019999999927e+02
5.724699709999999868e+02 3.856329959999999915e+02
6.805739750000000186e+02 3.619530030000000238e+02
6.670729979999999841e+02 4.255899959999999851e+02
6.044390260000000126e+02 4.402219850000000179e+02
5.598569949999999835e+02 3.776210019999999759e+02
5.522890009999999847e+02 3.394719850000000179e+02
5.860549929999999677e+02 2.894119870000000105e+02
6.097249759999999696e+02 2.891560059999999908e+02
6.471640009999999847e+02 3.695100100000000225e+02
6.407810060000000476e+02 3.163330080000000066e+02
5.467360230000000456e+02 3.076929930000000013e+02
5.800449830000000020e+02 3.066050109999999904e+02
6.383289790000000039e+02 4.146010130000000231e+02
5.600130000000000337e+02 2.844320069999999987e+02
6.489660030000000006e+02 3.560480039999999917e+02
6.025120239999999967e+02 4.348439940000000092e+02
6.512089839999999867e+02 4.159270020000000159e+02
6.878599850000000515e+02 4.713659969999999930e+02
6.753679809999999861e+02 4.688750000000000000e+02
5.599470209999999497e+02 3.443129880000000185e+02
5.472109990000000153e+02 3.402179869999999937e+02
6.212080079999999498e+02 4.513840030000000070e+02
6.332999879999999848e+02 4.195580140000000142e+02
6.687199709999999868e+02 3.313479919999999765e+02
6.057369999999999663e+02 3.172720029999999838e+02
5.504069819999999709e+02 4.296279910000000086e+02
6.500540160000000469e+02 4.376359860000000026e+02
5.789479979999999841e+02 4.126379999999999768e+02
6.077910160000000133e+02 3.671400150000000053e+02
5.877700200000000450e+02 2.737130129999999895e+02
5.889790040000000317e+02 2.969930110000000241e+02
5.947700200000000450e+02 4.133500060000000076e+02
6.663610230000000456e+02 2.723900150000000053e+02
6.572890009999999847e+02 2.829230039999999917e+02
6.378519900000000007e+02 4.408800049999999828e+02
6.423660280000000284e+02 3.450629880000000185e+02
6.389470209999999497e+02 3.072860109999999736e+02
5.598809810000000198e+02 4.459299930000000245e+02
6.188909909999999854e+02 2.733819889999999759e+02
6.136580199999999650e+02 4.456010130000000231e+02
5.645440059999999676e+02 3.100939940000000092e+02
6.084520260000000462e+02 2.921310119999999984e+02
6.544799799999999550e+02 4.271319889999999759e+02
6.468750000000000000e+02 4.449930110000000241e+02
5.953839719999999716e+02 4.480409849999999778e+02
6.558740229999999656e+02 4.200820009999999911e+02
6.545200200000000450e+02 3.733479919999999765e+02
5.640100099999999657e+02 4.327300109999999904e+02
5.911300049999999828e+02 4.042739869999999769e+02
5.895469970000000330e+02 2.884509889999999928e+02
5.452459720000000516e+02 3.546839899999999943e+02
6.566849979999999505e+02 2.985299989999999752e+02
5.646010129999999663e+02 3.664429930000000013e+02
5.468590090000000146e+02 4.415199890000000096e+02
5.961300049999999828e+02 4.378919980000000010e+02
6.620560299999999643e+02 3.425289920000000166e+02
6.332449950000000172e+02 3.224920040000000085e+02
5.554769900000000007e+02 4.220299989999999752e+02
6.461270140000000310e+02 3.298620000000000232e+02
6.112839969999999994e+02 4.328940119999999752e+02
6.745750120000000152e+02 4.103299870000000169e+02
5.819970090000000482e+02 3.095369870000000105e+02
5.669639889999999696e+02 2.935069889999999759e+02
6.514229739999999538e+02 3.293370059999999739e+02
6.137369999999999663e+02 4.282049870000000169e+02
6.193959959999999683e+02 4.209240110000000072e+02
6.470560299999999643e+02 3.247659909999999854e+02
6.142429809999999861e+02 4.045129999999999768e+02
5.525460209999999961e+02 4.316629940000000261e+02
5.611959839999999531e+02 3.892049870000000169e+02
5.460919800000000350e+02 3.502460019999999759e+02
6.423720090000000482e+02 3.362170100000000161e+02
5.669379880000000185e+02 3.216270139999999742e+02
5.725839839999999867e+02 3.105780030000000238e+02
6.272540279999999484e+02 3.401659849999999778e+02
6.256939700000000357e+02 4.593779910000000086e+02
5.921610110000000304e+02 4.078540039999999749e+02
5.498519900000000007e+02 4.564089969999999994e+02
5.513699950000000172e+02 2.987290039999999749e+02
6.399210209999999961e+02 4.164849849999999947e+02
6.536259770000000344e+02 4.309700010000000248e+02
6.441179809999999861e+02 3.493859860000000026e+02
5.589580079999999498e+02 4.392690119999999752e+02
6.184810179999999491e+02 3.449689940000000092e+02
5.567089839999999867e+02 3.167909849999999778e+02
6.844699709999999868e+02 3.511950069999999755e+02
6.234739990000000489e+02 3.913529970000000162e+02
6.373629760000000033e+02 3.101120000000000232e+02
6.655250240000000304e+02 3.117449950000000172e+02
6.111209720000000516e+02 2.882720029999999838e+02
6.317760009999999511e+02 4.021690060000000244e+02
6.491699830000000020e+02 3.161740110000000072e+02
5.961220090000000482e+02 2.803569949999999835e+02
5.993740229999999656e+02 4.132929990000000089e+02
5.497100219999999808e+02 4.117929990000000089e+02
6.337680050000000165e+02 4.387179869999999937e+02
6.246599730000000363e+02 4.585440060000000244e+02
6.545269779999999855e+02 4.152139890000000264e+02
6.497990109999999504e+02 4.195729979999999841e+02
5.458029790000000503e+02 2.957349849999999947e+02
6.341140139999999974e+02 4.334500120000000152e+02
5.829210209999999961e+02 2.726900019999999927e+02
6.375319819999999709e+02 3.138340150000000222e+02
5.742520140000000310e+02 2.909729919999999765e+02
5.580839839999999867e+02 3.444089969999999994e+02
6.448170169999999644e+02 4.554010010000000079e+02
5.531380000000000337e+02 3.679620059999999739e+02
5.915629880000000185e+02 2.824930110000000241e+02
6.326370239999999967e+02 3.928349910000000023e+02
6.297440189999999802e+02 4.222390139999999974e+02
6.455750120000000152e+02 4.237919919999999934e+02
6.150490109999999504e+02 4.243640139999999974e+02
6.394160160000000133e+02 3.420350040000000149e+02
5.450499879999999848e+02 3.432990110000000072e+02
5.640880130000000463e+02 3.731610109999999736e+02
5.499429930000000013e+02 3.172789920000000166e+02
6.586010129999999663e+02 4.003399959999999851e+02
6.614299929999999677e+02 3.722760010000000079e+02
6.380759890000000496e+02 3.955190119999999752e+02
5.555919800000000350e+02 3.366780089999999745e+02
5.453640139999999974e+02 4.346489869999999769e+02
6.579929809999999861e+02 2.713250120000000152e+02
5.639660030000000006e+02 4.417890009999999847e+02
5.781909789999999703e+02 3.933819889999999759e+02
6.264609990000000153e+02 3.160530089999999745e+02
6.140859990000000153e+02 2.825679930000000013e+02
5.570139769999999544e+02 3.864880069999999819e+02
6.410590210000000297e+02 4.221019900000000007e+02
5.845399780000000192e+02 2.913689880000000016e+02
5.646370239999999967e+02 3.827239989999999921e+02
6.459290160000000469e+02 3.171080019999999990e+02
5.672609860000000026e+02 3.415390009999999847e+02
6.631040040000000317e+02 3.322189940000000092e+02
6.048070069999999987e+02 3.874240110000000072e+02
6.126719970000000330e+02 4.541499939999999924e+02
6.600430300000000443e+02 3.426510010000000079e+02
6.114920039999999517e+02 4.020350040000000149e+02
5.468959959999999683e+02 4.032629999999999768e+02
6.103150020000000495e+02 2.794060059999999908e+02
5.467420039999999517e+02 4.123049930000000245e+02
6.150520020000000159e+02 2.731059880000000248e+02
6.336580199999999650e+02 3.724490049999999997e+02
5.790180050000000165e+02 4.334630129999999895e+02
6.720750120000000152e+02 4.619280089999999745e+02
6.367869869999999537e+02 4.002609860000000026e+02
6.193070069999999987e+02 4.070140079999999898e+02
6.060390009999999847e+02 4.572380069999999819e+02
6.764970090000000482e+02 3.485150150000000053e+02
6.379219970000000330e+02 3.962600100000000225e+02
5.457429809999999861e+02 4.464330140000000142e+02
6.583220209999999497e+02 4.271059880000000248e+02
5.813159789999999703e+02 3.032579959999999915e+02
6.179680180000000291e+02 4.395499879999999848e+02
6.446469730000000027e+02 3.259049989999999752e+02
5.749550169999999980e+02 2.971130069999999819e+02
5.861820069999999987e+02 4.185650019999999927e+02
5.932860110000000304e+02 4.450379940000000261e+02
6.598079830000000356e+02 4.376860050000000228e+02
5.716140139999999974e+02 4.533309939999999756e+02
5.457579960000000483e+02 2.893760070000000155e+02
6.381229859999999690e+02 4.029479979999999841e+02
6.406110230000000456e+02 3.649159849999999778e+02
6.814660030000000006e+02 3.281010130000000231e+02
6.229279790000000503e+02 3.424590150000000222e+02
6.514000240000000304e+02 3.694230039999999917e+02
5.500729979999999841e+02 3.972720029999999838e+02
6.533619999999999663e+02 4.453770139999999742e+02
5.528200070000000323e+02 2.829670100000000161e+02
5.591820069999999987e+02 4.526820069999999987e+02
5.882529909999999518e+02 2.815690000000000168e+02
6.596220090000000482e+02 3.033810119999999984e+02
5.862509770000000344e+02 2.797239989999999921e+02
6.205590210000000297e+02 3.831549989999999752e+02
5.470089719999999716e+02 3.685239869999999769e+02
6.031740109999999504e+02 3.041400150000000053e+02
5.857550049999999828e+02 2.909039920000000166e+02
6.775889889999999696e+02 4.314809880000000248e+02
6.662150269999999637e+02 3.503949890000000096e+02
6.047579960000000483e+02 4.053129880000000185e+02
6.748209839999999531e+02 3.150929869999999937e+02
6.676829830000000356e+02 3.516289980000000241e+02
6.251699830000000020e+02 3.572770080000000235e+02
5.905850219999999808e+02 4.394790039999999749e+02
5.639010009999999511e+02 3.852629999999999768e+02
6.811359860000000026e+02 3.523039860000000090e+02
6.013270260000000462e+02 4.172430110000000241e+02
6.487990109999999504e+02 3.356289980000000241e+02
6.396209720000000516e+02 4.228840030000000070e+02
6.307239990000000489e+02 3.467420040000000085e+02
6.684429930000000013e+02 3.589129940000000261e+02
5.656669920000000502e+02 2.933169859999999858e+02
6.456500240000000304e+02 3.184140009999999847e+02
6.662620239999999967e+02 3.557179869999999937e+02
5.587830199999999650e+02 4.122579959999999915e+02
5.823079830000000356e+02 4.318269960000000083e+02
6.025460209999999961e+02 3.013229979999999841e+02
5.819130249999999478e+02 3.933959960000000251e+02
6.268829960000000483e+02 3.177309880000000248e+02
6.385590210000000297e+02 4.481350100000000225e+02
5.492890009999999847e+02 3.962869870000000105e+02
6.292589719999999716e+02 3.477659909999999854e+02
6.398880000000000337e+02 3.942449950000000172e+02
6.277260129999999663e+02 4.501499939999999924e+02
6.627529909999999518e+02 3.075650019999999927e+02
6.232520140000000310e+02 2.785260010000000079e+02
5.596459959999999683e+02 4.324530030000000238e+02
5.631599730000000363e+02 3.528250120000000152e+02
6.299260249999999814e+02 4.104970089999999914e+02
6.355209959999999683e+02 3.063320009999999911e+02
5.636380000000000337e+02 2.891140139999999974e+02
5.689019779999999855e+02 4.450929869999999937e+02
6.304169920000000502e+02 3.908699950000000172e+02
5.730109860000000026e+02 4.442969969999999762e+02
6.446290279999999484e+02 4.145950010000000248e+02
6.385830079999999498e+02 3.656499939999999924e+02
6.612150269999999637e+02 3.304240110000000072e+02
5.685609739999999874e+02 3.843080140000000142e+02
5.601030269999999973e+02 3.839849849999999947e+02
6.056599730000000363e+02 4.124920040000000085e+02
6.424210209999999961e+02 4.475249939999999924e+02
6.489110110000000304e+02 4.060320130000000063e+02
6.630499879999999848e+02 4.226369930000000181e+02
5.583829960000000483e+02 3.286629940000000261e+02
6.382680050000000165e+02 3.377470089999999914e+02
6.477559810000000198e+02 3.971130069999999819e+02
6.328930050000000165e+02 4.422600100000000225e+02
6.626740109999999504e+02 3.512730099999999993e+02
5.614509890000000496e+02 3.817370000000000232e+02
5.667169800000000350e+02 3.830339969999999994e+02
5.891480099999999993e+02 3.903930050000000165e+02
6.295809940000000324e+02 2.808399959999999851e+02
5.606290279999999484e+02 3.005079959999999915e+02
5.967849730000000363e+02 3.951910100000000057e+02
6.257109990000000153e+02 2.797860109999999736e+02
5.512150269999999637e+02 4.081919859999999858e+02
6.064340210000000297e+02 2.998989869999999769e+02
5.581079710000000205e+02 2.727219850000000179e+02
5.737890009999999847e+02 4.413729860000000258e+02
6.589849850000000515e+02 3.291589969999999994e+02
5.918629760000000033e+02 2.745719910000000255e+02
6.426430050000000165e+02 4.011510010000000079e+02
5.848469850000000179e+02 4.365650019999999927e+02
5.547160030000000006e+02 4.609079899999999839e+02
6.873449709999999868e+02 4.145440060000000244e+02
5.461119999999999663e+02 3.873900150000000053e+02
6.183239750000000186e+02 4.475790099999999825e+02
6.462730099999999993e+02 3.936679990000000089e+02
5.901979979999999841e+02 3.916619870000000105e+02
5.922650149999999485e+02 2.941619870000000105e+02
6.596539920000000166e+02 4.003349910000000023e+02
5.509160160000000133e+02 3.231480099999999993e+02
5.596400149999999485e+02 4.100299989999999752e+02
5.961110230000000456e+02 2.751560059999999908e+02
5.813300169999999980e+02 4.358720089999999914e+02
5.482869869999999537e+02 3.845469969999999762e+02
5.572280269999999973e+02 3.946270139999999742e+02
5.513750000000000000e+02 3.105100100000000225e+02
6.674299929999999677e+02 4.126759950000000003e+02
6.641799929999999677e+02 4.425129999999999768e+02
6.525120239999999967e+02 4.493439940000000092e+02
6.748179930000000013e+02 3.245480039999999917e+02
5.690939939999999524e+02 2.910109860000000026e+02
6.312130130000000463e+02 3.279500120000000152e+02
5.939630130000000463e+02 4.142609860000000026e+02
6.657730099999999993e+02 4.513330080000000066e+02
6.362130130000000463e+02 3.061740110000000072e+02
6.763339839999999867e+02 3.248840030000000070e+02
5.625079960000000483e+02 2.776109920000000102e+02
6.943120119999999815e+02 3.892149959999999851e+02
5.492189939999999524e+02 3.472879940000000261e+02
5.660109860000000026e+02 2.805260010000000079e+02
5.503770140000000310e+02 4.087940060000000244e+02
5.678449709999999868e+02 4.145469969999999762e+02
5.664719850000000179e+02 3.955899959999999851e+02
6.877869869999999537e+02 3.396940000000000168e+02
5.679270020000000159e+02 3.072510070000000155e+02
5.917080079999999498e+02 4.350750120000000152e+02
6.451760249999999814e+02 4.282550049999999828e+02
6.351510009999999511e+02 4.420690000000000168e+02
6.851430050000000165e+02 2.832059939999999756e+02
6.575700070000000323e+02 3.518210139999999910e+02
5.519249879999999848e+02 2.858999939999999924e+02
6.366879880000000185e+02 3.235190119999999752e+02
6.499290160000000469e+02 4.314089969999999994e+02
6.207769779999999855e+02 3.413399959999999851e+02
6.064420169999999644e+02 4.518779910000000086e+02
6.483400269999999637e+02 4.153760070000000155e+02
6.213439939999999524e+02 4.288569949999999835e+02
6.069279790000000503e+02 2.735599980000000073e+02
5.839270020000000159e+02 2.809089969999999994e+02
6.214580079999999498e+02 3.921740110000000072e+02
5.656060179999999491e+02 3.235260010000000079e+02
5.719879760000000033e+02 2.917470089999999914e+02
5.878280029999999670e+02 4.484899899999999775e+02
6.160969850000000179e+02 4.416480099999999993e+02
5.770819699999999557e+02 4.617309880000000248e+02
6.252089839999999867e+02 3.467709960000000251e+02
5.604769900000000007e+02 4.547409969999999930e+02
5.540759890000000496e+02 3.041109920000000102e+02
5.938480220000000145e+02 3.128229979999999841e+02
6.555040279999999484e+02 3.209159849999999778e+02
6.277219850000000179e+02 4.164760130000000231e+02
5.844349979999999505e+02 4.554790039999999749e+02
5.514639889999999696e+02 2.925440060000000244e+02
5.563159789999999703e+02 3.953020020000000159e+02
5.503359990000000153e+02 2.888529970000000162e+02
6.567630000000000337e+02 3.515799870000000169e+02
6.349899900000000343e+02 4.490280149999999821e+02
5.935590210000000297e+02 3.935409849999999778e+02
6.445939939999999524e+02 4.366099849999999947e+02
6.123759770000000344e+02 4.110289920000000166e+02
5.577800290000000132e+02 4.252070009999999911e+02
6.438540040000000317e+02 4.090220029999999838e+02
6.605430300000000443e+02 3.193500060000000076e+02
6.014479979999999841e+02 4.428439940000000092e+02
5.889479979999999841e+02 4.362940060000000244e+02
5.545089719999999716e+02 3.506440119999999752e+02
6.815319819999999709e+02 4.302850040000000149e+02
5.492769779999999855e+02 3.517059939999999756e+02
5.692210079999999834e+02 4.623489989999999921e+02
5.819089969999999994e+02 2.958399959999999851e+02
6.292230220000000145e+02 4.173699950000000172e+02
6.455130000000000337e+02 3.342130129999999895e+02
6.359190059999999676e+02 3.297690119999999752e+02
5.548120119999999815e+02 2.824209900000000175e+02
6.018880000000000337e+02 4.373020020000000159e+02
6.400830079999999498e+02 4.227359920000000102e+02
6.407830199999999650e+02 3.331449890000000096e+02
6.263179930000000013e+02 3.217799989999999752e+02
6.308159789999999703e+02 2.795960079999999834e+02
5.807399900000000343e+02 3.938370059999999739e+02
6.326170039999999517e+02 3.894500120000000152e+02
6.645059810000000198e+02 4.020440060000000244e+02
6.356959839999999531e+02 2.741560059999999908e+02
6.587589719999999716e+02 3.125939940000000092e+02
5.726229859999999690e+02 4.506069949999999835e+02
5.989609990000000153e+02 2.844389949999999772e+02
5.687360230000000456e+02 3.165299989999999752e+02
6.071649780000000192e+02 4.378330080000000066e+02
6.889039920000000166e+02 4.002650150000000053e+02
6.327630000000000337e+02 3.329689940000000092e+02
5.653220209999999497e+02 3.615969850000000179e+02
6.101400149999999485e+02 2.775039980000000241e+02
6.547239990000000489e+02 3.091480099999999993e+02
6.287189939999999524e+02 3.940899959999999851e+02
5.926849979999999505e+02 2.741499939999999924e+02
5.825430300000000443e+02 3.780209960000000251e+02
6.098220209999999497e+02 3.012820130000000063e+02
5.807930300000000443e+02 4.009150089999999977e+02
6.624199830000000020e+02 3.607200010000000248e+02
6.536370239999999967e+02 3.131050109999999904e+02
6.020520020000000159e+02 3.850700069999999755e+02
6.465869750000000522e+02 3.144849849999999947e+02
6.088530269999999973e+02 2.846669919999999934e+02
6.313649900000000343e+02 2.772200010000000248e+02
5.487399900000000343e+02 4.571950069999999755e+02
6.718270260000000462e+02 4.405369870000000105e+02
5.879349979999999505e+02 4.114750060000000076e+02
6.187429809999999861e+02 4.158150019999999927e+02
6.197230220000000145e+02 4.203250120000000152e+02
5.611890260000000126e+02 3.800960079999999834e+02
6.566389769999999544e+02 4.359679869999999937e+02
6.093209839999999531e+02 4.112969969999999762e+02
6.018159789999999703e+02 4.463049930000000245e+02
5.647630000000000337e+02 3.605849910000000023e+02
6.556350099999999657e+02 4.270060119999999984e+02
5.521920169999999644e+02 4.231510010000000079e+02
6.569699709999999868e+02 4.443089899999999943e+02
6.247670289999999795e+02 3.389330140000000142e+02
6.602269900000000007e+02 4.345899959999999851e+02
6.709099730000000363e+02 4.334330140000000142e+02
6.012130130000000463e+02 2.770759889999999928e+02
6.426950070000000323e+02 3.853219910000000255e+02
6.807009890000000496e+02 4.169370119999999815e+02
5.737500000000000000e+02 4.589240110000000072e+02
6.664249879999999848e+02 4.030100100000000225e+02
5.605850219999999808e+02 2.877430110000000241e+02
5.496199950000000172e+02 2.782839969999999994e+02
5.948679809999999861e+02 3.985119930000000181e+02
6.021680300000000443e+02 4.227250060000000076e+02
5.458150020000000495e+02 3.286610109999999736e+02
5.922000120000000152e+02 2.917890009999999847e+02
5.711779790000000503e+02 4.340440060000000244e+02
6.460949709999999868e+02 4.402739869999999769e+02
6.338350219999999808e+02 4.451159969999999930e+02
5.992919920000000502e+02 2.852529910000000086e+02
5.533889769999999544e+02 3.040690000000000168e+02
5.644749759999999696e+02 4.612479860000000258e+02
5.529390260000000126e+02 3.982120059999999739e+02
5.646519779999999855e+02 2.909150089999999977e+02
6.498319699999999557e+02 3.557900089999999977e+02
6.515009770000000344e+02 2.775920100000000161e+02
6.372189939999999524e+02 3.504339899999999943e+02
5.728099979999999505e+02 2.977799989999999752e+02
6.464840090000000146e+02 3.421510010000000079e+02
6.411179809999999861e+02 4.532370000000000232e+02
6.691510009999999511e+02 4.106730039999999917e+02
6.170689700000000357e+02 2.732290039999999749e+02
5.549669800000000350e+02 3.155079959999999915e+02
5.539290160000000469e+02 3.445790099999999825e+02
5.613040160000000469e+02 4.599309999999999832e+02
5.573699950000000172e+02 3.827829899999999839e+02
5.557369999999999663e+02 2.989030149999999821e+02
5.942849730000000363e+02 2.887990110000000072e+02
5.982500000000000000e+02 4.380700069999999755e+02
6.120469970000000330e+02 4.429400019999999927e+02
5.763809810000000198e+02 4.090950010000000248e+02
5.518939820000000509e+02 4.417000120000000152e+02
6.154349979999999505e+02 2.848370059999999739e+02
5.952100219999999808e+02 4.236650089999999977e+02
6.635510249999999814e+02 3.332650150000000053e+02
5.571550290000000132e+02 3.191029970000000162e+02
5.575889889999999696e+02 2.996570130000000063e+02
6.314240109999999504e+02 3.676159969999999930e+02
5.622180180000000291e+02 3.801510010000000079e+02
6.287630000000000337e+02 4.241059880000000248e+02
6.610000000000000000e+02 3.180809939999999756e+02
5.494869999999999663e+02 3.105660100000000057e+02
6.255579830000000356e+02 2.834219969999999762e+02
6.363469850000000179e+02 3.647030030000000238e+02
5.783499759999999696e+02 4.556900019999999927e+02
6.281049799999999550e+02 3.472130129999999895e+02
6.414660030000000006e+02 3.844679869999999937e+02
6.333900149999999485e+02 2.715000000000000000e+02
5.572369999999999663e+02 3.732699890000000096e+02
5.800750120000000152e+02 4.555809939999999756e+02
6.149320069999999987e+02 4.245759889999999928e+02
5.914279790000000503e+02 2.851310119999999984e+02
5.461060179999999491e+02 4.486919859999999858e+02
6.202100219999999808e+02 4.038670040000000085e+02
6.277739870000000337e+02 4.420020139999999742e+02
6.376090090000000146e+02 3.645029910000000086e+02
6.351040040000000317e+02 4.328280030000000238e+02
6.723610230000000456e+02 2.816149899999999775e+02
6.281560060000000476e+02 3.542160030000000006e+02
5.628040160000000469e+02 2.807969969999999762e+02
6.339249879999999848e+02 4.419309999999999832e+02
6.366929930000000013e+02 4.239639890000000264e+02
5.563699950000000172e+02 3.475209960000000251e+02
5.596430050000000165e+02 4.262130129999999895e+02
5.619160160000000133e+02 3.478340150000000222e+02
5.542490229999999656e+02 3.730989989999999921e+02
6.318430180000000291e+02 3.944270020000000159e+02
6.011270140000000310e+02 4.309010010000000079e+02
6.263510129999999663e+02 3.217279970000000162e+02
6.429929809999999861e+02 3.544360050000000228e+02
6.588759770000000344e+02 3.634580080000000066e+02
6.879219970000000330e+02 3.406610109999999736e+02
6.835399780000000192e+02 4.232609860000000026e+02
5.622000120000000152e+02 3.034500120000000152e+02
6.526560060000000476e+02 3.970469969999999762e+02
5.714130249999999478e+02 3.190969850000000179e+02
6.450070190000000139e+02 3.970960079999999834e+02
5.958430180000000291e+02 4.511109920000000102e+02
6.624609990000000153e+02 4.259590150000000222e+02
5.663330079999999498e+02 4.463689880000000016e+02
5.801770020000000159e+02 4.372579959999999915e+02
6.420020140000000310e+02 3.530559999999999832e+02
5.833309940000000324e+02 2.937770080000000235e+02
6.321719970000000330e+02 3.486480099999999993e+02
5.556560060000000476e+02 4.213879999999999768e+02
6.907570190000000139e+02 3.101109920000000102e+02
5.646140139999999974e+02 4.403120119999999815e+02
5.918369750000000522e+02 2.875180050000000165e+02
6.453319699999999557e+02 3.100409849999999778e+02
5.652440189999999802e+02 3.048489989999999921e+02
5.764749759999999696e+02 4.080790099999999825e+02
6.073309940000000324e+02 3.019830019999999990e+02
6.493590090000000146e+02 4.457839969999999994e+02
6.685349730000000363e+02 3.290599980000000073e+02
6.427910160000000133e+02 3.136359860000000026e+02
6.010969850000000179e+02 3.481279910000000086e+02
6.711760249999999814e+02 4.294729919999999765e+02
5.825310060000000476e+02 4.541109920000000102e+02
5.644639889999999696e+02 2.923510130000000231e+02
5.487429809999999861e+02 4.514719850000000179e+02
5.888820190000000139e+02 3.010820009999999911e+02
6.246279909999999518e+02 2.709599910000000023e+02
6.516049799999999550e+02 4.330260010000000079e+02
6.086309810000000198e+02 2.912730099999999993e+02
6.394349979999999505e+02 3.283150019999999927e+02
6.150349730000000363e+02 2.800360109999999736e+02
5.638120119999999815e+02 3.736589969999999994e+02
5.507719730000000027e+02 3.031239929999999845e+02
5.679199830000000020e+02 2.934209900000000175e+02
6.244630130000000463e+02 3.333420100000000161e+02
6.250980220000000145e+02 2.785480039999999917e+02
6.082470090000000482e+02 4.389540099999999825e+02
5.548109739999999874e+02 4.639289860000000090e+02
6.643939820000000509e+02 3.321229860000000258e+02
6.492109990000000153e+02 3.129630129999999895e+02
6.239290160000000469e+02 3.920629880000000185e+02
5.786699830000000020e+02 4.606099849999999947e+02
6.832150269999999637e+02 3.281679990000000089e+02
6.325269779999999855e+02 3.349349980000000073e+02
5.576420289999999795e+02 3.486140139999999974e+02
5.596149900000000343e+02 3.495669859999999858e+02
6.551220090000000482e+02 4.420060119999999984e+02
5.682589719999999716e+02 4.266770020000000159e+02
5.562020260000000462e+02 4.211530149999999821e+02
5.613430180000000291e+02 3.802770080000000235e+02
5.815910030000000006e+02 4.018869930000000181e+02
6.251010129999999663e+02 4.146900019999999927e+02
6.013369750000000522e+02 4.152130129999999895e+02
5.562399900000000343e+02 3.281700129999999831e+02
5.624910280000000284e+02 2.749179990000000089e+02
6.563040160000000469e+02 3.889010010000000079e+02
5.485469970000000330e+02 4.319049989999999752e+02
6.439849850000000515e+02 3.436010130000000231e+02
6.293179930000000013e+02 4.526610109999999736e+02
5.622459720000000516e+02 4.672720029999999838e+02
6.614790040000000317e+02 4.016650089999999977e+02
5.694860230000000456e+02 3.982539980000000241e+02
6.164450070000000323e+02 3.887000120000000152e+02
6.293380130000000463e+02 3.396170040000000085e+02
6.425579830000000356e+02 3.952160030000000006e+02
6.806300049999999828e+02 4.298590090000000146e+02
6.561040040000000317e+02 3.803380129999999895e+02
6.052299799999999550e+02 3.748999939999999924e+02
5.535859990000000153e+02 4.534620059999999739e+02
6.547509770000000344e+02 3.478810119999999984e+02
5.877479859999999690e+02 2.866560059999999908e+02
6.271259770000000344e+02 2.754530030000000238e+02
5.734609990000000153e+02 3.763640139999999974e+02
5.642689820000000509e+02 4.463460079999999834e+02
5.499279790000000503e+02 3.468699950000000172e+02
6.401229859999999690e+02 3.279920040000000085e+02
5.893220209999999497e+02 4.124830019999999990e+02
5.961770020000000159e+02 4.021830140000000142e+02
5.627039790000000039e+02 4.063240049999999997e+02
6.424069819999999709e+02 3.095650019999999927e+02
6.230130000000000337e+02 2.809159849999999778e+02
5.940910030000000006e+02 4.598559880000000248e+02
5.644569699999999557e+02 4.101919859999999858e+02
5.704769900000000007e+02 3.136690060000000244e+02
6.012080079999999498e+02 2.817810059999999908e+02
5.579589839999999867e+02 3.440660100000000057e+02
6.429370119999999815e+02 4.361239929999999845e+02
6.229819949999999835e+02 4.163989869999999769e+02
6.134039920000000166e+02 3.943909909999999854e+02
6.540859990000000153e+02 4.145820009999999911e+02
6.377390139999999974e+02 4.474219969999999762e+02
5.986719970000000330e+02 2.918659969999999930e+02
5.750700070000000323e+02 4.514570009999999911e+02
5.806079710000000205e+02 2.974769900000000007e+02
5.468880000000000337e+02 3.770320130000000063e+02
5.596950070000000323e+02 4.417090150000000222e+02
5.582189939999999524e+02 4.543099980000000073e+02
5.688159789999999703e+02 4.434920040000000085e+02
6.730889889999999696e+02 3.665369870000000105e+02
6.046370239999999967e+02 4.377000120000000152e+02
6.261829830000000356e+02 3.854630129999999895e+02
6.679219970000000330e+02 4.252799989999999752e+02
6.325029909999999518e+02 3.336359860000000026e+02
6.203549799999999550e+02 3.969440000000000168e+02
5.738610230000000456e+02 3.133410030000000006e+02
6.581069949999999835e+02 3.989419859999999858e+02
6.566589969999999994e+02 4.005230099999999993e+02
6.024719850000000179e+02 4.458460079999999834e+02
6.589489750000000186e+02 4.308989869999999769e+02
5.733179930000000013e+02 4.049710079999999834e+02
5.577189939999999524e+02 3.222749939999999924e+02
6.601510009999999511e+02 3.472900089999999977e+02
6.055960079999999834e+02 4.343190000000000168e+02
6.859400020000000495e+02 3.403890079999999898e+02
5.451300049999999828e+02 4.276289980000000241e+02
5.984279790000000503e+02 4.336589969999999994e+02
6.474400020000000495e+02 4.409689940000000092e+02
5.728829960000000483e+02 3.804899899999999775e+02
6.638480220000000145e+02 2.766839899999999943e+02
6.540700070000000323e+02 4.331059880000000248e+02
5.595360110000000304e+02 3.388439940000000092e+02
5.804890139999999974e+02 4.003869930000000181e+02
5.874030149999999821e+02 3.147820130000000063e+02
6.682269900000000007e+02 3.577539980000000241e+02
5.990960079999999834e+02 3.011809999999999832e+02
6.317369999999999663e+02 4.333330080000000066e+02
5.603900149999999485e+02 4.135769960000000083e+02
6.230640260000000126e+02 3.578500060000000076e+02
5.869749759999999696e+02 3.959880069999999819e+02
6.507680050000000165e+02 3.472820130000000063e+02
5.975150149999999485e+02 3.086379999999999768e+02
6.244489750000000186e+02 2.739110109999999736e+02
5.683239750000000186e+02 3.119840090000000146e+02
5.515590210000000297e+02 3.920840150000000222e+02
5.587069699999999557e+02 3.693919980000000010e+02
5.498729859999999690e+02 3.562550049999999828e+02
6.389080199999999650e+02 4.127999879999999848e+02
5.764550169999999980e+02 3.823110050000000228e+02
6.624260249999999814e+02 4.353879999999999768e+02
5.892730099999999993e+02 2.873460079999999834e+02
6.582449950000000172e+02 4.519540099999999825e+02
6.190260009999999511e+02 4.226440119999999752e+02
6.504299929999999677e+02 3.715719910000000255e+02
6.054530029999999670e+02 2.965350040000000149e+02
5.946560060000000476e+02 4.542839969999999994e+02
6.670339969999999994e+02 4.216619870000000105e+02
6.227880249999999478e+02 3.261409909999999854e+02
5.582150269999999637e+02 2.980180050000000165e+02
6.396209720000000516e+02 3.456090090000000146e+02
5.489899900000000343e+02 4.450559999999999832e+02
5.889140009999999847e+02 3.136940000000000168e+02
6.220700070000000323e+02 4.356919859999999858e+02
5.823920289999999795e+02 4.476659849999999778e+02
5.869420169999999644e+02 2.924049989999999752e+02
6.109039920000000166e+02 2.937390139999999974e+02
5.939890139999999974e+02 2.943989869999999769e+02
6.390349730000000363e+02 3.245230099999999993e+02
6.544790040000000317e+02 3.215209960000000251e+02
6.545170289999999795e+02 3.523980099999999993e+02
6.530789790000000039e+02 3.244339899999999943e+02
5.573380130000000463e+02 2.998150019999999927e+02
5.572189939999999524e+02 3.445530089999999745e+02
6.048250120000000152e+02 2.745379940000000261e+02
6.292020260000000462e+02 4.485400089999999977e+02
6.807780149999999821e+02 4.256740110000000072e+02
5.684680180000000291e+02 3.093739929999999845e+02
5.471950070000000323e+02 4.244320069999999987e+02
6.794370119999999815e+02 3.219159849999999778e+02
6.343189700000000357e+02 4.054270020000000159e+02
5.679949950000000172e+02 2.949089969999999994e+02
5.825889889999999696e+02 3.941260070000000155e+02
5.451079710000000205e+02 4.045929869999999937e+02
5.673389889999999696e+02 2.872319949999999835e+02
5.756939700000000357e+02 4.022860109999999736e+02
6.332299799999999550e+02 4.238320009999999911e+02
6.377249759999999696e+02 4.095629880000000185e+02
6.040449830000000020e+02 4.209020080000000235e+02
6.377650149999999485e+02 3.510220029999999838e+02
6.133499759999999696e+02 4.395580140000000142e+02
6.068070069999999987e+02 2.955039980000000241e+02
6.574349979999999505e+02 3.867359920000000102e+02
6.662540279999999484e+02 3.667380069999999819e+02
5.613419800000000350e+02 4.351679990000000089e+02
6.664379880000000185e+02 4.158009950000000003e+02
6.783599850000000515e+02 3.234719850000000179e+02
6.414929809999999861e+02 4.391130069999999819e+02
6.526030269999999973e+02 4.491029970000000162e+02
5.802910160000000133e+02 3.022879940000000261e+02
6.783200070000000323e+02 2.972359920000000102e+02
6.525850219999999808e+02 4.011120000000000232e+02
6.245269779999999855e+02 3.935260010000000079e+02
6.286849979999999505e+02 3.720000000000000000e+02
5.887659909999999854e+02 2.732090150000000222e+02
6.664420169999999644e+02 3.316369930000000181e+02
5.603560179999999491e+02 3.259200129999999831e+02
6.179619750000000522e+02 4.575509950000000003e+02
6.327760009999999511e+02 4.380669859999999858e+02
6.505269779999999855e+02 3.224509889999999928e+02
6.615800169999999980e+02 4.655830080000000066e+02
6.709400020000000495e+02 4.420769960000000083e+02
6.533010249999999814e+02 4.011419980000000010e+02
5.572089839999999867e+02 3.098620000000000232e+02
6.653729859999999690e+02 3.599289860000000090e+02
6.579680180000000291e+02 3.289769900000000007e+02
5.479080199999999650e+02 3.736109920000000102e+02
6.398380130000000463e+02 3.333739929999999845e+02
5.600839839999999867e+02 4.442319949999999835e+02
6.495170289999999795e+02 3.729800109999999904e+02
5.772210079999999834e+02 2.814419859999999858e+02
5.517260129999999663e+02 3.583819889999999759e+02
5.733389889999999696e+02 3.795140079999999898e+02
6.806699830000000020e+02 3.870360109999999736e+02
6.565419920000000502e+02 4.008179930000000013e+02
5.794669800000000350e+02 4.007959900000000175e+02
5.517999879999999848e+02 3.446650089999999977e+02
6.649390260000000126e+02 4.273020020000000159e+02
6.704219970000000330e+02 3.366069949999999835e+02
5.552550049999999828e+02 4.450100100000000225e+02
6.738339839999999867e+02 4.352539980000000241e+02
6.180239870000000337e+02 2.774719850000000179e+02
5.647589719999999716e+02 4.061619870000000105e+02
5.775659789999999703e+02 4.183399959999999851e+02
6.472169800000000350e+02 3.401069949999999835e+02
5.725250240000000304e+02 3.109479979999999841e+02
6.090130000000000337e+02 4.466530149999999821e+02
5.477739870000000337e+02 3.816289980000000241e+02
6.504340210000000297e+02 3.521799930000000245e+02
5.862659909999999854e+02 4.559249879999999848e+02
5.491439820000000509e+02 4.069540099999999825e+02
5.604660030000000006e+02 3.530409849999999778e+02
5.538380130000000463e+02 3.249440000000000168e+02
6.495629880000000185e+02 4.453689880000000016e+02
5.455889889999999696e+02 4.527210079999999834e+02
5.834829710000000205e+02 4.098460079999999834e+02
5.460040279999999484e+02 4.059549870000000169e+02
6.289080199999999650e+02 4.263370059999999739e+02
6.408330079999999498e+02 4.137990110000000072e+02
6.705839839999999867e+02 3.418309939999999756e+02
6.624550169999999980e+02 3.537569889999999759e+02
6.152410280000000284e+02 2.918080140000000142e+02
5.644849850000000515e+02 3.026019900000000007e+02
5.566900020000000495e+02 4.132510070000000155e+02
5.576959839999999531e+02 3.614710079999999834e+02
6.426160280000000284e+02 3.910029910000000086e+02
6.262890009999999847e+02 4.254849849999999947e+02
6.379160160000000133e+02 4.570039980000000241e+02
5.451240229999999656e+02 2.924719850000000179e+02
5.603939820000000509e+02 4.618689880000000016e+02
6.806270140000000310e+02 3.379209900000000175e+02
6.228629760000000033e+02 4.394140009999999847e+02
6.689069819999999709e+02 4.122090150000000222e+02
6.505120239999999967e+02 4.344909969999999930e+02
6.408720090000000482e+02 3.969540099999999825e+02
6.023070069999999987e+02 3.090620119999999815e+02
6.393109739999999874e+02 3.140820009999999911e+02
5.494379880000000185e+02 3.688150019999999927e+02
6.522650149999999485e+02 4.471029970000000162e+02
5.845919800000000350e+02 3.135539860000000090e+02
6.735059810000000198e+02 3.176480099999999993e+02
6.304509890000000496e+02 4.061669919999999934e+02
5.542639769999999544e+02 2.991270139999999742e+02
6.168980099999999993e+02 3.867179869999999937e+02
6.042940059999999676e+02 3.976700129999999831e+02
6.487630000000000337e+02 3.648240049999999997e+02
5.803469850000000179e+02 3.141799930000000245e+02
5.456339719999999716e+02 3.368070069999999987e+02
6.765819699999999557e+02 4.379930110000000241e+02
6.347650149999999485e+02 4.008729860000000258e+02
5.689840090000000146e+02 3.936400150000000053e+02
5.493300169999999980e+02 4.375700069999999755e+02
6.245330199999999650e+02 2.890249939999999924e+02
6.057570190000000139e+02 4.163299870000000169e+02
5.668140260000000126e+02 2.861449890000000096e+02
6.109069819999999709e+02 4.054039920000000166e+02
6.104849850000000515e+02 4.237590030000000070e+02
6.337340090000000146e+02 3.394339899999999943e+02
5.702369999999999663e+02 2.726080019999999990e+02
6.478040160000000469e+02 3.585750120000000152e+02
5.748909909999999854e+02 2.947300109999999904e+02
6.200109860000000026e+02 3.485379940000000261e+02
6.398099979999999505e+02 4.400119930000000181e+02
5.944819949999999835e+02 4.432219850000000179e+02
5.520120239999999967e+02 4.409890139999999974e+02
6.795490109999999504e+02 3.377120059999999739e+02
6.169110110000000304e+02 3.894920040000000085e+02
5.559149780000000192e+02 3.002810059999999908e+02
5.831179809999999861e+02 3.969209900000000175e+02
6.583729859999999690e+02 4.330799870000000169e+02
5.623339839999999867e+02 3.265910030000000006e+02
5.953939820000000509e+02 4.226419980000000010e+02
5.534639889999999696e+02 4.503569949999999835e+02
6.647119750000000522e+02 4.369129940000000261e+02
5.838300169999999980e+02 2.947890009999999847e+02
5.814160160000000133e+02 4.076679990000000089e+02
6.016019900000000007e+02 2.878169859999999858e+02
6.447050169999999980e+02 3.170910030000000006e+02
5.627030029999999670e+02 2.894679869999999937e+02
5.563259890000000496e+02 4.366379999999999768e+02
6.219829710000000205e+02 4.318269960000000083e+02
6.489060060000000476e+02 3.671480099999999993e+02
5.702930300000000443e+02 4.355729979999999841e+02
6.572969970000000330e+02 2.821400150000000053e+02
5.702760009999999511e+02 3.748900150000000053e+02
6.629210209999999961e+02 4.435650019999999927e+02
6.219030149999999821e+02 4.559920040000000085e+02
5.859730220000000145e+02 4.297059939999999756e+02
5.813640139999999974e+02 3.070780030000000238e+02
5.826790160000000469e+02 2.909779970000000162e+02
5.590310060000000476e+02 4.135710139999999910e+02
6.438410030000000006e+02 3.293399959999999851e+02
6.525830079999999498e+02 3.501789860000000090e+02
6.720560299999999643e+02 3.475480039999999917e+02
5.849279790000000503e+02 4.327619930000000181e+02
6.052979739999999538e+02 4.086759950000000003e+02
6.697890009999999847e+02 3.573970029999999838e+02
6.914630130000000463e+02 4.681759950000000003e+02
6.023010249999999814e+02 3.223909909999999854e+02
6.079450070000000323e+02 2.877149959999999851e+02
6.660390009999999847e+02 3.090729979999999841e+02
5.528280029999999670e+02 3.048590090000000146e+02
5.639849850000000515e+02 2.726600040000000149e+02
5.919099730000000363e+02 4.159909969999999930e+02
6.064559940000000324e+02 4.216159969999999930e+02
5.971680300000000443e+02 3.078810119999999984e+02
6.199450070000000323e+02 2.830100100000000225e+02
5.621810299999999643e+02 3.001940000000000168e+02
5.554840090000000146e+02 3.240369870000000105e+02
6.578079830000000356e+02 4.062860109999999736e+02
6.493679809999999861e+02 4.294500120000000152e+02
6.652399900000000343e+02 4.095950010000000248e+02
6.210939939999999524e+02 3.410060119999999984e+02
5.913209839999999531e+02 3.962890009999999847e+02
6.131060179999999491e+02 3.858150019999999927e+02
6.481489870000000337e+02 3.901390079999999898e+02
5.743530269999999973e+02 3.947929990000000089e+02
5.953380130000000463e+02 2.794020080000000235e+02
6.090399780000000192e+02 4.108670040000000085e+02
5.717399900000000343e+02 2.961470029999999838e+02
5.784769900000000007e+02 2.710509950000000003e+02
6.249429930000000013e+02 3.486409909999999854e+02
5.625050049999999828e+02 3.261059880000000248e+02
6.716069949999999835e+02 3.570050049999999828e+02
5.860709839999999531e+02 4.479299930000000245e+02
6.749149780000000192e+02 3.387969969999999762e+02
5.509160160000000133e+02 3.841059880000000248e+02
5.458070069999999987e+02 3.215669859999999858e+02
5.497890009999999847e+02 2.940889890000000264e+02
5.930570069999999987e+02 4.493620000000000232e+02
6.420050049999999828e+02 4.229460139999999910e+02
6.059520260000000462e+02 3.734700010000000248e+02
6.444420169999999644e+02 2.891260070000000155e+02
5.526300049999999828e+02 2.754540099999999825e+02
6.579990229999999656e+02 2.848829959999999915e+02
6.313330079999999498e+02 3.580969850000000179e+02
6.387219850000000179e+02 3.614970089999999914e+02
6.135300290000000132e+02 4.563789980000000241e+02
6.176400149999999485e+02 4.418479919999999765e+02
6.273889769999999544e+02 2.807659909999999854e+02
5.614140009999999847e+02 4.284660030000000006e+02
5.493549799999999550e+02 4.104750060000000076e+02
5.660739750000000186e+02 4.391969910000000255e+02
6.754240109999999504e+02 3.273599849999999947e+02
6.015709839999999531e+02 2.753940119999999752e+02
5.706879880000000185e+02 4.501319889999999759e+02
5.685590210000000297e+02 3.729410100000000057e+02
5.596569819999999709e+02 4.286690060000000244e+02
6.189190059999999676e+02 4.075809939999999756e+02
6.177260129999999663e+02 4.127149959999999851e+02
5.929190059999999676e+02 3.108859860000000026e+02
5.686539920000000166e+02 4.369280089999999745e+02
5.755529790000000503e+02 3.911459960000000251e+02
6.047119750000000522e+02 3.879419859999999858e+02
5.865789790000000039e+02 3.980100100000000225e+02
5.626690059999999676e+02 4.300239869999999769e+02
5.545170289999999795e+02 3.230849910000000023e+02
6.347160030000000006e+02 4.012439880000000016e+02
5.505150149999999485e+02 3.293349910000000023e+02
6.640789790000000039e+02 4.037019960000000083e+02
5.457589719999999716e+02 3.418720089999999914e+02
6.243060299999999643e+02 2.876120000000000232e+02
6.381160280000000284e+02 3.640459900000000175e+02
6.772630000000000337e+02 4.322349849999999947e+02
6.824780269999999973e+02 3.318580019999999990e+02
6.073369750000000522e+02 4.143190000000000168e+02
6.293020020000000159e+02 4.357869870000000105e+02
5.992299799999999550e+02 4.303789980000000241e+02
6.727540279999999484e+02 4.435849910000000023e+02
5.845339969999999994e+02 4.208179930000000013e+02
6.707550049999999828e+02 3.368510130000000231e+02
6.095640260000000126e+02 2.775989989999999921e+02
6.033679809999999861e+02 2.979670100000000161e+02
6.633250120000000152e+02 3.618859860000000026e+02
5.593829960000000483e+02 4.573340150000000222e+02
5.987700200000000450e+02 3.934440000000000168e+02
6.559279790000000503e+02 3.314110109999999736e+02
5.519780269999999973e+02 3.510280149999999821e+02
6.476129760000000033e+02 4.384700010000000248e+02
6.000800169999999980e+02 4.490629880000000185e+02
5.925729979999999841e+02 2.732399899999999775e+02
6.272420039999999517e+02 4.176759950000000003e+02
6.568889769999999544e+02 4.096149899999999775e+02
6.320440059999999676e+02 4.533739929999999845e+02
5.783469850000000179e+02 3.175769960000000083e+02
6.226790160000000469e+02 3.208429869999999937e+02
6.000109860000000026e+02 4.013670040000000085e+02
6.600000000000000000e+02 4.476130069999999819e+02
6.533670039999999517e+02 3.641679990000000089e+02
6.090889889999999696e+02 4.381510010000000079e+02
5.826209720000000516e+02 4.564490049999999997e+02
6.441090090000000146e+02 4.337430110000000241e+02
5.597119750000000522e+02 4.336940000000000168e+02
6.581500240000000304e+02 4.291310119999999984e+02
5.510380249999999478e+02 2.804609990000000153e+02
6.427160030000000006e+02 4.318269960000000083e+02
6.578170169999999644e+02 4.080700069999999755e+02
5.723850099999999657e+02 3.152539980000000241e+02
5.578939820000000509e+02 4.451969910000000255e+02
5.844050290000000132e+02 2.940119930000000181e+02
6.188140260000000126e+02 4.369230039999999917e+02
5.753079830000000356e+02 3.180310059999999908e+02
6.319329830000000356e+02 4.381839899999999943e+02
5.542860110000000304e+02 3.402330019999999990e+02
5.889790040000000317e+02 4.031929930000000013e+02
6.129879760000000033e+02 4.577560119999999984e+02
6.609760129999999663e+02 3.042250060000000076e+02
6.479769900000000007e+02 4.527619930000000181e+02
5.675570069999999987e+02 3.874750060000000076e+02
5.502379760000000033e+02 3.395260010000000079e+02
5.982979739999999538e+02 4.302090150000000222e+02
5.705050049999999828e+02 3.702749939999999924e+02
6.648220209999999497e+02 3.313659969999999930e+02
5.496619869999999537e+02 2.914020080000000235e+02
6.502459720000000516e+02 3.167869870000000105e+02
6.404769900000000007e+02 3.702999879999999848e+02
6.503599850000000515e+02 4.182479860000000258e+02
5.527609860000000026e+02 3.691799930000000245e+02
6.401160280000000284e+02 4.025280149999999821e+02
6.288200070000000323e+02 3.972260130000000231e+02
6.022849730000000363e+02 3.734500120000000152e+02
5.549920039999999517e+02 2.787090150000000222e+02
5.757109990000000153e+02 3.803909909999999854e+02
6.618759770000000344e+02 4.198739929999999845e+02
6.815789790000000039e+02 4.106979979999999841e+02
6.344110110000000304e+02 4.072600100000000225e+02
6.571240229999999656e+02 4.504809880000000248e+02
6.558319699999999557e+02 3.159939880000000016e+02
6.399589839999999867e+02 3.352420040000000085e+02
6.473460079999999834e+02 4.417470089999999914e+02
5.960789790000000039e+02 4.183640139999999974e+02
5.497459720000000516e+02 3.548129880000000185e+02
6.576630249999999478e+02 3.770620119999999815e+02
6.547399900000000343e+02 3.981780089999999745e+02
6.393640139999999974e+02 3.523410030000000006e+02
6.195170289999999795e+02 4.407149959999999851e+02
5.474769900000000007e+02 3.754460139999999910e+02
5.850100099999999657e+02 3.912479860000000258e+02
6.600139769999999544e+02 3.487539980000000241e+02
6.809780269999999973e+02 3.246690060000000244e+02
6.722680050000000165e+02 4.128039860000000090e+02
6.836719970000000330e+02 3.305339969999999994e+02
6.605230099999999993e+02 3.096130069999999819e+02
6.020729979999999841e+02 4.455969850000000179e+02
5.996320190000000139e+02 3.023259889999999928e+02
5.615440059999999676e+02 4.189630129999999895e+02
6.520280149999999821e+02 4.326539920000000166e+02
6.324190059999999676e+02 4.095020139999999742e+02
6.097379760000000033e+02 4.089060059999999908e+02
5.843839719999999716e+02 4.366749879999999848e+02
6.440029909999999518e+02 3.205650019999999927e+02
5.961539920000000166e+02 3.989570009999999911e+02
5.580930180000000291e+02 3.751010130000000231e+02
5.467940059999999676e+02 4.359249879999999848e+02
6.663920289999999795e+02 3.412439880000000016e+02
6.563809810000000198e+02 2.965599980000000073e+02
6.007760009999999511e+02 4.469689940000000092e+02
5.887299799999999550e+02 4.561759950000000003e+02
6.618449709999999868e+02 4.454460139999999910e+02
5.482719730000000027e+02 2.892239989999999921e+02
6.090449830000000020e+02 4.375029910000000086e+02
6.377810060000000476e+02 4.072099910000000023e+02
5.849769900000000007e+02 3.807049870000000169e+02
5.719710079999999834e+02 4.517510070000000155e+02
5.472609860000000026e+02 4.237229919999999765e+02
5.948250120000000152e+02 3.052219850000000179e+02
6.490599979999999505e+02 4.420050049999999828e+02
6.273239750000000186e+02 3.416029970000000162e+02
5.512269900000000007e+02 2.778349910000000023e+02
5.499949950000000172e+02 2.871180110000000241e+02
6.616359860000000026e+02 3.202090150000000222e+02
6.142940059999999676e+02 2.828380129999999895e+02
5.600529790000000503e+02 4.472720029999999838e+02
5.660650020000000495e+02 3.084559939999999756e+02
6.588099979999999505e+02 3.181489869999999769e+02
5.943850099999999657e+02 2.834020080000000235e+02
5.747869869999999537e+02 3.052030030000000238e+02
6.023300169999999980e+02 3.391900019999999927e+02
6.508220209999999497e+02 3.430140079999999898e+02
6.048599850000000515e+02 4.060950010000000248e+02
6.646480099999999993e+02 4.180400089999999977e+02
5.601320190000000139e+02 4.447000120000000152e+02
6.327000120000000152e+02 3.687139890000000264e+02
6.390079960000000483e+02 4.050920100000000161e+02
6.309030149999999821e+02 4.359460139999999910e+02
6.430280149999999821e+02 4.475929869999999937e+02
6.846329960000000483e+02 3.413859860000000026e+02
6.143549799999999550e+02 4.479630129999999895e+02
6.664500120000000152e+02 4.302330019999999990e+02
6.703090210000000297e+02 3.378590090000000146e+02
6.017990109999999504e+02 3.751619870000000105e+02
5.947800290000000132e+02 3.900050049999999828e+02
5.550709839999999531e+02 4.270390009999999847e+02
5.822880249999999478e+02 4.127850040000000149e+02
5.989119869999999537e+02 3.926050109999999904e+02
5.728909909999999854e+02 3.846250000000000000e+02
5.552369999999999663e+02 4.408930050000000165e+02
5.620800169999999980e+02 4.563959960000000251e+02
5.502960209999999961e+02 3.391310119999999984e+02
6.267780149999999821e+02 4.341369930000000181e+02
6.030319819999999709e+02 4.444630129999999895e+02
5.570729979999999841e+02 4.094700010000000248e+02
6.435999759999999696e+02 3.285419919999999934e+02
6.467000120000000152e+02 3.466809999999999832e+02
6.199710079999999834e+02 3.438399959999999851e+02
5.920839839999999867e+02 3.143739929999999845e+02
6.445469970000000330e+02 2.811130069999999819e+02
5.586630249999999478e+02 4.452600100000000225e+02
6.370809940000000324e+02 3.236189880000000016e+02
5.846469730000000027e+02 3.987520139999999742e+02
5.717150269999999637e+02 3.188420100000000161e+02
5.501119999999999663e+02 4.462850040000000149e+02
6.220289920000000166e+02 4.200979919999999765e+02
5.939450070000000323e+02 4.037950129999999831e+02
6.224949950000000172e+02 2.816050109999999904e+02
5.941870119999999815e+02 4.106050109999999904e+02
6.655689700000000357e+02 3.689679869999999937e+02
6.578759770000000344e+02 3.873540039999999749e+02
5.636149900000000343e+02 2.811099849999999947e+02
6.757689820000000509e+02 4.241979979999999841e+02
6.531760249999999814e+02 3.573879999999999768e+02
5.672780149999999821e+02 4.001570130000000063e+02
6.039920039999999517e+02 2.870379940000000261e+02
6.340930180000000291e+02 3.563739929999999845e+02
5.624910280000000284e+02 3.826440119999999752e+02
6.217030029999999670e+02 4.292470089999999914e+02
6.669940189999999802e+02 4.415859990000000153e+02
6.237449950000000172e+02 4.076510010000000079e+02
5.483480220000000145e+02 4.153169859999999858e+02
6.028090210000000297e+02 4.494299930000000245e+02
6.502769779999999855e+02 3.344320069999999987e+02
6.091959839999999531e+02 4.193620000000000232e+02
6.404840090000000146e+02 3.095920100000000161e+02
6.248510129999999663e+02 3.182550049999999828e+02
5.562830199999999650e+02 3.930419919999999934e+02
6.111069949999999835e+02 4.137120059999999739e+02
5.597150269999999637e+02 4.112999879999999848e+02
5.600620119999999815e+02 3.201950069999999755e+02
6.361480099999999993e+02 4.228640139999999974e+02
6.377910160000000133e+02 3.509030149999999821e+02
5.466669920000000502e+02 2.835889890000000264e+02
6.355520020000000159e+02 4.580379940000000261e+02
6.180490109999999504e+02 4.104630129999999895e+02
6.094479979999999841e+02 3.922170100000000161e+02
5.740330199999999650e+02 2.820419919999999934e+02
5.524149780000000192e+02 4.405759889999999928e+02
6.209760129999999663e+02 4.089739989999999921e+02
6.522760009999999511e+02 3.624700010000000248e+02
5.487810060000000476e+02 3.055620119999999815e+02
5.839199830000000020e+02 4.197860109999999736e+02
6.242059940000000324e+02 2.826719969999999762e+02
6.146489870000000337e+02 2.922349849999999947e+02
5.503400269999999637e+02 2.960360109999999736e+02
5.550910030000000006e+02 3.279849849999999947e+02
6.222000120000000152e+02 3.466700129999999831e+02
6.546649780000000192e+02 4.186480099999999993e+02
5.543889769999999544e+02 4.422900089999999977e+02
5.705390009999999847e+02 3.307290039999999749e+02
6.363040160000000469e+02 4.441099849999999947e+02
6.449940189999999802e+02 4.115100100000000225e+02
6.522680050000000165e+02 3.263890079999999898e+02
5.490460209999999961e+02 3.473250120000000152e+02
5.767609860000000026e+02 3.888309939999999756e+02
6.078850099999999657e+02 4.381960139999999910e+02
5.769190059999999676e+02 4.203649899999999775e+02
5.830449830000000020e+02 2.737340090000000146e+02
6.666439820000000509e+02 3.022690119999999752e+02
6.567960209999999961e+02 4.161109920000000102e+02
6.235449830000000020e+02 3.336369930000000181e+02
5.566359860000000026e+02 4.647579959999999915e+02
5.500330199999999650e+02 2.830920100000000161e+02
6.574869999999999663e+02 3.077399899999999775e+02
5.849730220000000145e+02 4.426279910000000086e+02
5.764589839999999867e+02 2.907760010000000079e+02
6.598380130000000463e+02 3.532619930000000181e+02
5.615319819999999709e+02 4.411919859999999858e+02
6.326879880000000185e+02 4.530490110000000072e+02
5.705180050000000165e+02 4.411990049999999997e+02
5.564639889999999696e+02 3.757160030000000006e+02
6.189899900000000343e+02 4.336619870000000105e+02
5.554609990000000153e+02 3.511520080000000235e+02
5.648439939999999524e+02 3.003169859999999858e+02
6.491589969999999994e+02 3.046809999999999832e+02
5.530289920000000166e+02 2.822590030000000070e+02
6.275159909999999854e+02 3.922049870000000169e+02
5.683900149999999485e+02 4.577550049999999828e+02
6.445260009999999511e+02 3.372210079999999834e+02
5.840449830000000020e+02 4.602950129999999831e+02
5.844609990000000153e+02 2.888120119999999815e+02
6.048740229999999656e+02 4.278479919999999765e+02
6.601339719999999716e+02 3.486709900000000175e+02
6.651909789999999703e+02 4.243150019999999927e+02
6.376770020000000159e+02 4.300710139999999910e+02
6.358099979999999505e+02 4.377650150000000053e+02
5.694959720000000516e+02 4.035539860000000090e+02
6.183020020000000159e+02 2.859190060000000244e+02
5.663740229999999656e+02 2.822390139999999974e+02
5.795239870000000337e+02 4.406340030000000070e+02
5.649479979999999841e+02 3.882510070000000155e+02
5.621640009999999847e+02 4.221210019999999759e+02
6.716849979999999505e+02 3.644800109999999904e+02
6.236339719999999716e+02 3.864660030000000006e+02
6.514970090000000482e+02 3.109870000000000232e+02
6.028850099999999657e+02 3.430620119999999815e+02
6.549110110000000304e+02 3.486440119999999752e+02
5.531190189999999802e+02 3.302919919999999934e+02
5.686779790000000503e+02 4.598869930000000181e+02
6.076939700000000357e+02 4.020759889999999928e+02
5.577479859999999690e+02 3.221260070000000155e+02
5.692810060000000476e+02 3.188059999999999832e+02
6.239229739999999538e+02 4.569599910000000023e+02
6.299849850000000515e+02 3.259620059999999739e+02
5.595679930000000013e+02 3.088930050000000165e+02
5.458410030000000006e+02 3.577130129999999895e+02
5.845499879999999848e+02 3.983139949999999772e+02
6.558159789999999703e+02 4.128320009999999911e+02
6.126309810000000198e+02 4.080039980000000241e+02
6.352730099999999993e+02 3.081570130000000063e+02
5.911950070000000323e+02 4.454140009999999847e+02
5.823859860000000026e+02 3.846099849999999947e+02
5.517910160000000133e+02 4.485859990000000153e+02
6.147650149999999485e+02 3.932690119999999752e+02
6.519799799999999550e+02 3.326080019999999990e+02
6.100640260000000126e+02 4.352460019999999759e+02
6.026820069999999987e+02 4.496749879999999848e+02
6.093099979999999505e+02 4.010000000000000000e+02
6.479929809999999861e+02 3.387890009999999847e+02
5.529219970000000330e+02 3.951799930000000245e+02
6.367000120000000152e+02 4.057420040000000085e+02
6.125349730000000363e+02 4.556229860000000258e+02
6.186820069999999987e+02 4.130899959999999851e+02
6.058930050000000165e+02 4.567699890000000096e+02
6.127819819999999709e+02 2.867500000000000000e+02
5.924340210000000297e+02 2.712990110000000072e+02
5.512000120000000152e+02 2.942980039999999917e+02
5.911719970000000330e+02 4.072070009999999911e+02
5.543380130000000463e+02 3.888429869999999937e+02
6.207470090000000482e+02 3.955000000000000000e+02
6.318579710000000205e+02 3.169079899999999839e+02
5.760339969999999994e+02 4.305310059999999908e+02
5.577509770000000344e+02 4.541830140000000142e+02
5.803870239999999967e+02 4.193169859999999858e+02
5.459879760000000033e+02 4.379639890000000264e+02
5.506749879999999848e+02 3.274479979999999841e+02
