5.395120239999999967e+02 4.119750060000000076e+02
5.092720029999999838e+02 4.291659849999999778e+02
5.312189939999999524e+02 4.685249939999999924e+02
5.438820190000000139e+02 3.197380069999999819e+02
5.427299799999999550e+02 3.070960079999999834e+02
4.307539980000000241e+02 3.876350100000000225e+02
3.748590090000000146e+02 3.461709900000000175e+02
3.866080019999999990e+02 2.891940000000000168e+02
5.315170289999999795e+02 3.931520080000000235e+02
3.889010010000000079e+02 3.865450129999999831e+02
5.129439700000000357e+02 2.711910100000000057e+02
5.063559880000000248e+02 3.404639890000000264e+02
4.569519960000000083e+02 3.093089899999999943e+02
5.367310179999999491e+02 3.426619870000000105e+02
4.731929930000000013e+02 3.181369930000000181e+02
3.533949890000000096e+02 4.174240110000000072e+02
3.597760010000000079e+02 4.235840150000000222e+02
3.692919919999999934e+02 3.639190060000000244e+02
4.968129880000000185e+02 3.533479919999999765e+02
4.102040099999999825e+02 3.991629940000000261e+02
4.279729919999999765e+02 3.138290099999999825e+02
5.444409789999999703e+02 4.465939940000000092e+02
3.900369870000000105e+02 2.786770020000000159e+02
4.198389890000000264e+02 2.909729919999999765e+02
3.757080080000000066e+02 3.996239929999999845e+02
3.617890009999999847e+02 3.499890139999999974e+02
5.230360110000000304e+02 3.990700069999999755e+02
5.134199830000000020e+02 4.140220029999999838e+02
5.174420169999999644e+02 4.060769960000000083e+02
4.471329959999999915e+02 3.125090030000000070e+02
5.221840210000000297e+02 3.663659969999999930e+02
4.287160030000000006e+02 2.792319949999999835e+02
4.234790039999999749e+02 2.925759889999999928e+02
5.224619750000000522e+02 3.968609920000000102e+02
5.179530029999999670e+02 4.349110109999999736e+02
3.688320009999999911e+02 3.548479919999999765e+02
4.359750060000000076e+02 3.035939940000000092e+02
4.035719910000000255e+02 4.021530149999999821e+02
4.031350100000000225e+02 3.079519960000000083e+02
5.265189820000000509e+02 3.730400089999999977e+02
3.495950010000000248e+02 3.610180050000000165e+02
3.686480099999999993e+02 3.215790099999999825e+02
5.444169920000000502e+02 3.048599849999999947e+02
4.261530149999999821e+02 2.925440060000000244e+02
5.219400020000000495e+02 3.193120119999999815e+02
5.129710079999999834e+02 3.466780089999999745e+02
3.774270020000000159e+02 2.773869930000000181e+02
5.081740110000000072e+02 4.298580019999999990e+02
5.185349730000000363e+02 4.398739929999999845e+02
3.828630069999999819e+02 3.869519960000000083e+02
4.760230099999999993e+02 3.416090090000000146e+02
5.233070069999999987e+02 4.335289920000000166e+02
5.182020260000000462e+02 4.243829959999999915e+02
3.756640009999999847e+02 2.739179990000000089e+02
4.338450010000000248e+02 3.538039860000000090e+02
5.230399780000000192e+02 4.472430110000000241e+02
4.027730099999999993e+02 2.842179869999999937e+02
5.394069819999999709e+02 4.273059999999999832e+02
3.582219850000000179e+02 3.390859990000000153e+02
5.090880129999999895e+02 4.201889949999999772e+02
5.109800109999999904e+02 3.878959960000000251e+02
3.678640139999999974e+02 4.043399959999999851e+02
4.094119870000000105e+02 2.962409969999999930e+02
3.491749879999999848e+02 3.632090150000000222e+02
5.140209959999999683e+02 3.507370000000000232e+02
4.062609860000000026e+02 3.785759889999999928e+02
5.378309940000000324e+02 3.860270080000000235e+02
4.762290039999999749e+02 4.264379880000000185e+02
4.381489869999999769e+02 3.591379999999999768e+02
4.408080140000000142e+02 3.336319889999999759e+02
5.419929809999999861e+02 4.308120119999999815e+02
5.307579960000000483e+02 3.388160100000000057e+02
4.090729979999999841e+02 3.982739869999999769e+02
5.389639889999999696e+02 4.558949890000000096e+02
4.960169980000000010e+02 4.109960019999999759e+02
3.542919919999999934e+02 3.522680050000000165e+02
3.836889949999999772e+02 2.931319889999999759e+02
3.961449890000000096e+02 2.878500060000000076e+02
5.374799799999999550e+02 3.721440119999999752e+02
3.546319889999999759e+02 4.183699950000000172e+02
4.182009889999999928e+02 2.856820069999999987e+02
3.948640139999999974e+02 2.868160100000000057e+02
4.455920100000000161e+02 3.596080019999999990e+02
5.157369999999999663e+02 3.546329959999999915e+02
3.886619870000000105e+02 2.979540099999999825e+02
4.115629880000000185e+02 3.479100040000000149e+02
4.085769960000000083e+02 3.007650150000000053e+02
4.654389949999999772e+02 3.257359920000000102e+02
4.495960079999999834e+02 3.379570009999999911e+02
4.145260010000000079e+02 3.841189880000000016e+02
5.224699709999999868e+02 4.118070069999999987e+02
5.370729979999999841e+02 3.433240049999999997e+02
5.350070190000000139e+02 3.548789980000000241e+02
4.235360109999999736e+02 3.970910030000000006e+02
3.586600040000000149e+02 2.766199950000000172e+02
4.374890139999999974e+02 3.088609920000000102e+02
3.825809939999999756e+02 4.193150019999999927e+02
3.658739929999999845e+02 3.667319949999999835e+02
4.313720089999999914e+02 3.640299989999999752e+02
4.464710079999999834e+02 3.035769960000000083e+02
3.533959960000000251e+02 3.291700129999999831e+02
3.954100040000000149e+02 3.903540039999999749e+02
3.702470089999999914e+02 4.004440000000000168e+02
3.931579899999999839e+02 4.140610050000000228e+02
5.239639889999999696e+02 4.389219969999999762e+02
4.107080080000000066e+02 2.859719850000000179e+02
4.209859920000000102e+02 2.927690119999999752e+02
3.761220089999999914e+02 3.005859990000000153e+02
4.493150019999999927e+02 3.163240049999999997e+02
3.761000060000000076e+02 2.998450010000000248e+02
5.091929930000000013e+02 3.610780030000000238e+02
5.328610230000000456e+02 3.662290039999999749e+02
5.245070190000000139e+02 4.524890139999999974e+02
3.659760130000000231e+02 2.777900089999999977e+02
5.406060179999999491e+02 4.601419980000000010e+02
5.222360230000000456e+02 4.354689940000000092e+02
5.366209720000000516e+02 4.485629880000000185e+02
3.981279910000000086e+02 4.139460139999999910e+02
3.760010070000000155e+02 3.030190119999999752e+02
4.064760130000000231e+02 3.762349849999999947e+02
3.540419919999999934e+02 2.712399899999999775e+02
4.648970029999999838e+02 3.436440119999999752e+02
4.390409849999999778e+02 3.852640079999999898e+02
5.438950200000000450e+02 3.202999879999999848e+02
4.273850100000000225e+02 2.819890139999999974e+02
4.706700129999999831e+02 3.296499939999999924e+02
4.471459960000000251e+02 3.567510070000000155e+02
4.596120000000000232e+02 3.536149899999999775e+02
5.072520139999999742e+02 3.543710019999999759e+02
4.507149959999999851e+02 3.413599849999999947e+02
5.337360230000000456e+02 3.191940000000000168e+02
3.827170100000000161e+02 3.187510070000000155e+02
4.612479860000000258e+02 3.682460019999999759e+02
4.819800109999999904e+02 3.278340150000000222e+02
3.827969969999999762e+02 2.909769900000000007e+02
4.445969850000000179e+02 3.453229979999999841e+02
3.519159849999999778e+02 3.587879940000000261e+02
3.778070069999999987e+02 4.124240110000000072e+02
5.291400149999999485e+02 2.981570130000000063e+02
5.035310059999999908e+02 2.973269960000000083e+02
4.421570130000000063e+02 3.119450069999999755e+02
4.962160030000000006e+02 4.155690000000000168e+02
5.358309940000000324e+02 4.396560059999999908e+02
3.730969850000000179e+02 3.407629999999999768e+02
3.764719850000000179e+02 4.330390009999999847e+02
3.647219850000000179e+02 4.176109920000000102e+02
5.017170100000000161e+02 3.410310059999999908e+02
5.346669920000000502e+02 3.797699890000000096e+02
5.044219969999999762e+02 3.401619870000000105e+02
4.384289860000000090e+02 3.447600100000000225e+02
5.373480220000000145e+02 4.072730099999999993e+02
4.293399959999999851e+02 3.983210139999999910e+02
3.856659849999999778e+02 3.230769960000000083e+02
4.094630129999999895e+02 2.784979860000000258e+02
5.163270260000000462e+02 3.767510070000000155e+02
5.404310299999999643e+02 4.468210139999999910e+02
5.168179930000000013e+02 3.434419859999999858e+02
4.500360109999999736e+02 3.026849980000000073e+02
3.801809999999999832e+02 3.892170100000000161e+02
3.897399899999999775e+02 3.018680110000000241e+02
4.181570130000000063e+02 2.830209960000000251e+02
4.752269900000000007e+02 3.395979919999999765e+02
4.352179869999999937e+02 3.212250060000000076e+02
3.897890009999999847e+02 4.161029970000000162e+02
3.670880129999999895e+02 3.606629940000000261e+02
4.357370000000000232e+02 2.933099980000000073e+02
5.211589969999999994e+02 4.104440000000000168e+02
5.127910160000000133e+02 4.388810119999999984e+02
4.107550049999999828e+02 3.831929930000000013e+02
5.225109860000000026e+02 3.027850040000000149e+02
3.764639890000000264e+02 3.782929990000000089e+02
4.687609860000000026e+02 3.700880129999999895e+02
4.438299870000000169e+02 2.984190060000000244e+02
4.113970029999999838e+02 3.824779970000000162e+02
4.807680050000000165e+02 3.510700069999999755e+02
3.775759889999999928e+02 3.178290099999999825e+02
4.325920100000000161e+02 2.788959960000000251e+02
4.662950129999999831e+02 3.609880069999999819e+02
4.120589899999999943e+02 3.909920040000000085e+02
4.354509889999999928e+02 3.291690060000000244e+02
3.698850100000000225e+02 3.251040039999999749e+02
4.125079959999999915e+02 3.976210019999999759e+02
5.417020260000000462e+02 3.583190000000000168e+02
3.721159969999999930e+02 3.369970089999999914e+02
3.770799870000000169e+02 2.919509889999999928e+02
5.180549929999999677e+02 4.339790039999999749e+02
5.328850099999999657e+02 4.072709960000000251e+02
4.270400089999999977e+02 3.642479860000000258e+02
5.066560059999999908e+02 3.895639949999999772e+02
4.089519960000000083e+02 3.979960019999999759e+02
5.105209960000000251e+02 4.265329899999999839e+02
4.233640139999999974e+02 3.886539920000000166e+02
3.574259950000000003e+02 3.980419919999999934e+02
3.624280089999999745e+02 3.001130069999999819e+02
5.308579710000000205e+02 3.556889949999999772e+02
4.359580080000000066e+02 2.926350100000000225e+02
4.461870119999999815e+02 2.919689940000000092e+02
4.190950010000000248e+02 3.169609990000000153e+02
3.618940119999999752e+02 3.933280030000000238e+02
4.628469850000000179e+02 3.337359920000000102e+02
5.298530269999999973e+02 3.712349849999999947e+02
5.277849730000000363e+02 3.703810119999999984e+02
4.359360050000000228e+02 3.369620059999999739e+02
4.389429930000000013e+02 3.118160100000000057e+02
3.532049870000000169e+02 2.929590150000000222e+02
5.130520020000000159e+02 3.274719850000000179e+02
4.729389949999999772e+02 3.338160100000000057e+02
4.326839899999999943e+02 4.082030030000000238e+02
4.506159969999999930e+02 3.094030149999999821e+02
5.193480220000000145e+02 3.852460019999999759e+02
4.522149959999999851e+02 3.859590150000000222e+02
5.443150020000000495e+02 4.100920100000000161e+02
3.709429930000000013e+02 3.446120000000000232e+02
3.719769900000000007e+02 3.350199890000000096e+02
3.949719850000000179e+02 2.953299870000000169e+02
4.092550049999999828e+02 4.065209960000000251e+02
4.576480099999999993e+02 3.614360050000000228e+02
4.358710019999999759e+02 3.799939880000000016e+02
3.681879880000000185e+02 3.418760070000000155e+02
3.890960079999999834e+02 3.706109920000000102e+02
5.342280269999999973e+02 3.580350040000000149e+02
3.640090030000000070e+02 4.036319889999999759e+02
3.862099910000000023e+02 3.869429930000000013e+02
5.281380000000000337e+02 3.464920040000000085e+02
4.070239869999999769e+02 3.878770139999999742e+02
4.364200129999999831e+02 4.014280089999999745e+02
5.324130249999999478e+02 3.602799989999999752e+02
3.662130129999999895e+02 3.245469969999999762e+02
4.896329959999999915e+02 2.772959900000000175e+02
3.639599910000000023e+02 4.102619930000000181e+02
5.449359739999999874e+02 3.170889890000000264e+02
5.051520080000000235e+02 3.457529910000000086e+02
5.329260249999999814e+02 3.596409909999999854e+02
4.415100100000000225e+02 2.906419980000000010e+02
5.270260009999999511e+02 4.165790099999999825e+02
4.236250000000000000e+02 2.786059880000000248e+02
3.926759950000000003e+02 3.565920100000000161e+02
3.984079899999999839e+02 3.831210019999999759e+02
4.499010010000000079e+02 3.835100100000000225e+02
3.625780030000000238e+02 2.745920100000000161e+02
3.715969850000000179e+02 3.474870000000000232e+02
5.376589969999999994e+02 4.530740049999999997e+02
5.288109739999999874e+02 3.431029970000000162e+02
5.290020140000000310e+02 3.750100100000000225e+02
4.762829899999999839e+02 3.625729979999999841e+02
5.420390009999999847e+02 3.434429930000000013e+02
4.242919919999999934e+02 4.059469910000000255e+02
4.159549870000000169e+02 3.083460079999999834e+02
5.051359860000000026e+02 3.538070069999999987e+02
4.072959900000000175e+02 3.812399899999999775e+02
3.570199890000000096e+02 3.451289980000000241e+02
4.259960019999999759e+02 3.670849910000000023e+02
4.027879940000000261e+02 3.994809880000000248e+02
5.347100219999999808e+02 4.324360050000000228e+02
4.635190119999999752e+02 3.314939880000000016e+02
3.902669980000000010e+02 2.882070009999999911e+02
4.272669980000000010e+02 3.158859860000000026e+02
5.339089969999999994e+02 4.473169859999999858e+02
4.686719969999999762e+02 2.905629880000000185e+02
4.463850100000000225e+02 3.757909849999999778e+02
3.657890009999999847e+02 3.924150089999999977e+02
5.300880130000000463e+02 2.964389949999999772e+02
5.175629880000000185e+02 3.426879880000000185e+02
5.162930300000000443e+02 3.964729919999999765e+02
4.961839899999999943e+02 3.087520139999999742e+02
3.518120119999999815e+02 3.681789860000000090e+02
5.419110110000000304e+02 3.207340090000000146e+02
5.237800290000000132e+02 3.536270139999999742e+02
3.718169859999999858e+02 4.220079959999999915e+02
3.559989929999999845e+02 2.841059880000000248e+02
5.441900020000000495e+02 3.514389949999999772e+02
5.175700070000000323e+02 3.073110050000000228e+02
4.121969910000000255e+02 2.980339969999999994e+02
5.415930180000000291e+02 3.767720029999999838e+02
4.141940000000000168e+02 3.153460079999999834e+02
4.534410100000000057e+02 3.174500120000000152e+02
3.556270139999999742e+02 2.905669859999999858e+02
5.240269779999999855e+02 2.993510130000000231e+02
4.148439940000000092e+02 2.928909909999999854e+02
4.420859990000000153e+02 3.095549930000000245e+02
4.644849849999999947e+02 3.355249939999999924e+02
5.446209720000000516e+02 3.830350040000000149e+02
5.067999879999999848e+02 3.516809999999999832e+02
4.437099910000000023e+02 3.678370059999999739e+02
3.507479860000000258e+02 3.238210139999999910e+02
4.502359920000000102e+02 3.437049870000000169e+02
3.546679990000000089e+02 3.413999939999999924e+02
4.976120000000000232e+02 3.460260010000000079e+02
4.294939880000000016e+02 3.558280030000000238e+02
4.125079959999999915e+02 3.932120059999999739e+02
4.356969910000000255e+02 3.357730099999999993e+02
4.106359860000000026e+02 2.937770080000000235e+02
4.126759950000000003e+02 3.047829899999999839e+02
4.477279970000000162e+02 3.520050049999999828e+02
5.291459959999999683e+02 4.401940000000000168e+02
5.028750000000000000e+02 3.406170040000000085e+02
4.600280149999999821e+02 3.162149959999999851e+02
5.403820190000000139e+02 3.722009889999999928e+02
5.319199830000000020e+02 3.555849910000000023e+02
3.510769960000000083e+02 3.153410030000000006e+02
4.041510010000000079e+02 2.908770139999999742e+02
3.957189940000000092e+02 3.861180110000000241e+02
3.558590090000000146e+02 3.944570009999999911e+02
4.962720029999999838e+02 2.788770139999999742e+02
4.248030089999999745e+02 2.894349980000000073e+02
4.676770020000000159e+02 3.269639890000000264e+02
3.674719850000000179e+02 3.425129999999999768e+02
4.569519960000000083e+02 3.006709900000000175e+02
3.958900150000000053e+02 3.795580140000000142e+02
5.260260009999999511e+02 3.048930050000000165e+02
3.754379880000000185e+02 4.266350100000000225e+02
5.390620119999999815e+02 3.541040039999999749e+02
5.124559940000000324e+02 4.169870000000000232e+02
3.677720029999999838e+02 4.676770020000000159e+02
4.212929990000000089e+02 3.680270080000000235e+02
5.108659969999999930e+02 3.496730039999999917e+02
4.354599910000000023e+02 3.481629940000000261e+02
4.238129880000000185e+02 3.413030089999999745e+02
5.432490229999999656e+02 3.478080140000000142e+02
4.584809880000000248e+02 3.367260130000000231e+02
5.228950200000000450e+02 3.187090150000000222e+02
4.368810119999999984e+02 3.650710139999999910e+02
4.005660100000000057e+02 4.017070009999999911e+02
5.341380000000000337e+02 3.370759889999999928e+02
4.324370119999999815e+02 3.113659969999999930e+02
5.428220209999999497e+02 3.309719850000000179e+02
4.301180110000000241e+02 3.660700069999999755e+02
4.593179930000000013e+02 3.047399899999999775e+02
4.295570069999999987e+02 3.708739929999999845e+02
4.039570009999999911e+02 3.072229919999999765e+02
4.038219910000000255e+02 2.980339969999999994e+02
4.263500060000000076e+02 4.167009889999999928e+02
3.838299870000000169e+02 3.982690119999999752e+02
3.611619870000000105e+02 3.526260070000000155e+02
3.641180110000000241e+02 2.751870119999999815e+02
4.568770139999999742e+02 3.092869870000000105e+02
4.538120119999999815e+02 3.303630069999999819e+02
5.436060179999999491e+02 3.764540099999999825e+02
4.960190119999999752e+02 2.998099980000000073e+02
4.783680110000000241e+02 3.573810119999999984e+02
5.442249759999999696e+02 4.147179869999999937e+02
5.443049929999999677e+02 3.928030089999999745e+02
3.691369930000000181e+02 2.874110109999999736e+02
3.851010130000000231e+02 2.886369930000000181e+02
3.921690060000000244e+02 3.914010010000000079e+02
5.147260129999999663e+02 3.523240049999999997e+02
5.274019779999999855e+02 3.948479919999999765e+02
5.277160030000000006e+02 3.072040099999999825e+02
5.394920039999999517e+02 4.404419859999999858e+02
3.716059880000000248e+02 3.349679869999999937e+02
3.997739869999999769e+02 3.816189880000000016e+02
4.445289920000000166e+02 3.765010070000000155e+02
3.837309880000000248e+02 2.812229919999999765e+02
5.233469850000000179e+02 3.073340150000000222e+02
5.168820190000000139e+02 4.083869930000000181e+02
4.462590030000000070e+02 3.367969969999999762e+02
4.724070130000000063e+02 3.626440119999999752e+02
3.583320009999999911e+02 4.262799989999999752e+02
4.295950010000000248e+02 4.196969910000000255e+02
5.438850099999999657e+02 3.159209900000000175e+02
4.073059999999999832e+02 3.802210079999999834e+02
4.330599980000000073e+02 3.488919980000000010e+02
3.768529970000000162e+02 4.127829899999999839e+02
5.157180180000000291e+02 4.193670040000000085e+02
4.409689940000000092e+02 3.018590090000000146e+02
5.248150020000000495e+02 3.265610050000000228e+02
4.069280089999999745e+02 3.046879880000000185e+02
3.575360109999999736e+02 3.956409909999999854e+02
5.065929869999999937e+02 3.807059939999999756e+02
4.472780149999999821e+02 3.590669859999999858e+02
4.306820069999999987e+02 2.934129940000000261e+02
4.398009950000000003e+02 3.810910030000000006e+02
5.353569949999999835e+02 3.336180110000000241e+02
4.494460139999999910e+02 3.871789860000000090e+02
5.223720090000000482e+02 3.765759889999999928e+02
5.237520140000000310e+02 4.008259889999999928e+02
4.868410030000000006e+02 3.622269900000000007e+02
5.213980099999999993e+02 3.361010130000000231e+02
3.834140009999999847e+02 4.152000120000000152e+02
3.815220029999999838e+02 3.868909909999999854e+02
4.219230039999999917e+02 2.847609860000000026e+02
4.590270080000000235e+02 3.090320130000000063e+02
4.627380069999999819e+02 3.001960139999999910e+02
5.415319819999999709e+02 4.622820130000000063e+02
3.749230039999999917e+02 4.506149899999999775e+02
4.000750120000000152e+02 4.040020139999999742e+02
3.708160100000000057e+02 3.281589969999999994e+02
4.294559939999999756e+02 2.804649959999999851e+02
5.314210209999999961e+02 4.308240049999999997e+02
3.513380129999999895e+02 3.097189940000000092e+02
5.060140079999999898e+02 3.368450010000000248e+02
4.015199890000000096e+02 3.090100100000000225e+02
5.061640009999999847e+02 4.045530089999999745e+02
4.003970029999999838e+02 3.979840090000000146e+02
5.309799799999999550e+02 3.352250060000000076e+02
4.166789860000000090e+02 4.640310059999999908e+02
3.489830019999999990e+02 3.982500000000000000e+02
4.874140009999999847e+02 2.916059880000000248e+02
4.216740110000000072e+02 3.197200010000000248e+02
4.968280030000000238e+02 3.865060119999999984e+02
4.745299989999999752e+02 3.644289860000000090e+02
5.188150020000000495e+02 3.498009950000000003e+02
4.070570069999999987e+02 4.062869870000000105e+02
4.965520020000000159e+02 4.297489929999999845e+02
4.663989869999999769e+02 3.177430110000000241e+02
3.567349849999999947e+02 3.172279970000000162e+02
3.521050109999999904e+02 4.018439940000000092e+02
5.252059940000000324e+02 4.102659909999999854e+02
5.101979979999999841e+02 3.913529970000000162e+02
4.628120119999999815e+02 3.331310119999999984e+02
4.275299989999999752e+02 3.692680050000000165e+02
4.967999879999999848e+02 4.190559999999999832e+02
4.300450129999999831e+02 3.242149959999999851e+02
5.443359990000000153e+02 3.650889890000000264e+02
4.442680050000000165e+02 3.581050109999999904e+02
4.324970089999999914e+02 2.797929990000000089e+02
4.966040039999999749e+02 2.940409849999999778e+02
4.314710079999999834e+02 3.079769900000000007e+02
4.972569889999999759e+02 4.127990110000000072e+02
3.561010130000000231e+02 2.938609920000000102e+02
5.314169920000000502e+02 2.978129880000000185e+02
3.996889949999999772e+02 4.121579899999999839e+02
3.673699950000000172e+02 3.221929930000000013e+02
4.206539920000000166e+02 2.781579899999999839e+02
5.180410160000000133e+02 4.182359920000000102e+02
4.351480099999999993e+02 3.231480099999999993e+02
4.964179990000000089e+02 3.863550109999999904e+02
5.397830199999999650e+02 3.085830080000000066e+02
3.906400150000000053e+02 2.939580080000000066e+02
3.874729919999999765e+02 4.126359860000000026e+02
4.441000060000000076e+02 3.492770080000000235e+02
3.831610109999999736e+02 3.922449950000000172e+02
5.433640139999999974e+02 4.206499939999999924e+02
4.762659909999999854e+02 3.214110109999999736e+02
3.800079959999999915e+02 3.681610109999999736e+02
4.575599980000000073e+02 3.098710019999999759e+02
4.143590090000000146e+02 3.039010010000000079e+02
5.345750120000000152e+02 3.596979979999999841e+02
4.477950129999999831e+02 3.816950069999999755e+02
5.220880130000000463e+02 3.195129999999999768e+02
4.697009889999999928e+02 3.592940060000000244e+02
4.629899899999999775e+02 3.385280149999999821e+02
4.072019960000000083e+02 4.023299870000000169e+02
4.335220029999999838e+02 3.879100040000000149e+02
4.052099910000000023e+02 3.761809999999999832e+02
4.329530030000000238e+02 2.895140079999999898e+02
5.310250240000000304e+02 4.095939940000000092e+02
5.186309810000000198e+02 4.335989989999999921e+02
4.376759950000000003e+02 2.942560119999999984e+02
3.955920100000000161e+02 2.993630069999999819e+02
4.222250060000000076e+02 3.763469850000000179e+02
3.648229979999999841e+02 3.232430110000000241e+02
5.172550049999999828e+02 4.079800109999999904e+02
5.188449709999999868e+02 3.939219969999999762e+02
3.499519960000000083e+02 3.242629999999999768e+02
5.392700200000000450e+02 3.436159969999999930e+02
4.597820130000000063e+02 3.694159849999999778e+02
4.666820069999999987e+02 3.117969969999999762e+02
5.380300290000000132e+02 3.107950129999999831e+02
4.082990110000000072e+02 3.807080080000000066e+02
5.346250000000000000e+02 3.037629999999999768e+02
4.915499879999999848e+02 3.310270080000000235e+02
3.815989989999999921e+02 4.159349980000000073e+02
4.430159909999999854e+02 3.493429869999999937e+02
5.290170289999999795e+02 4.074469910000000255e+02
4.155690000000000168e+02 3.824710079999999834e+02
5.313839719999999716e+02 3.440360109999999736e+02
4.648810119999999984e+02 3.309460139999999910e+02
4.372049870000000169e+02 2.888240049999999997e+02
4.236669919999999934e+02 3.907659909999999854e+02
3.863729860000000258e+02 3.970140079999999898e+02
4.271520080000000235e+02 3.630369870000000105e+02
3.803280030000000238e+02 3.860440060000000244e+02
5.100799870000000169e+02 3.677449950000000172e+02
4.351050109999999904e+02 3.313739929999999845e+02
5.365499879999999848e+02 4.367760010000000079e+02
4.462000120000000152e+02 3.768750000000000000e+02
4.415509950000000003e+02 3.452300109999999904e+02
4.065329899999999839e+02 4.003240049999999997e+02
5.072980039999999917e+02 3.431409909999999854e+02
3.596319889999999759e+02 3.362290039999999749e+02
4.316180110000000241e+02 3.406700129999999831e+02
4.360480039999999917e+02 3.112219850000000179e+02
4.340129999999999768e+02 3.448349910000000023e+02
5.305430300000000443e+02 3.477170100000000161e+02
5.449569699999999557e+02 3.382780149999999821e+02
5.177160030000000006e+02 3.973810119999999984e+02
3.490539860000000090e+02 3.606090090000000146e+02
5.357680050000000165e+02 2.952539980000000241e+02
4.118399959999999851e+02 2.930039980000000241e+02
3.564179990000000089e+02 2.852250060000000076e+02
5.179589839999999867e+02 4.096430050000000165e+02
4.403219910000000255e+02 3.595969850000000179e+02
4.254639890000000264e+02 2.817409969999999930e+02
3.925960079999999834e+02 3.164259950000000003e+02
4.962460019999999759e+02 2.905939940000000092e+02
5.156240229999999656e+02 3.033359990000000153e+02
4.975750120000000152e+02 3.236730039999999917e+02
3.503219910000000255e+02 2.708399959999999851e+02
5.000790099999999825e+02 3.920840150000000222e+02
5.167089839999999867e+02 3.429670100000000161e+02
5.412000120000000152e+02 4.172099910000000023e+02
4.019660030000000006e+02 2.903580019999999990e+02
3.645129999999999768e+02 3.304630129999999895e+02
3.824320069999999987e+02 3.921239929999999845e+02
5.253610230000000456e+02 4.191640009999999847e+02
3.586489869999999769e+02 3.527059939999999756e+02
4.649150089999999977e+02 3.525910030000000006e+02
3.848550109999999904e+02 3.071979979999999841e+02
5.414119869999999537e+02 3.613529970000000162e+02
4.038219910000000255e+02 3.797799989999999752e+02
4.034859920000000102e+02 2.797279970000000162e+02
3.637690119999999752e+02 4.246069949999999835e+02
5.417319949999999835e+02 3.219979860000000258e+02
5.350980220000000145e+02 4.575780030000000238e+02
4.241300049999999828e+02 3.099500120000000152e+02
4.900910030000000006e+02 4.365000000000000000e+02
5.094110109999999736e+02 3.830790099999999825e+02
5.362109990000000153e+02 3.684339899999999943e+02
3.538439940000000092e+02 3.138800049999999828e+02
5.269849850000000515e+02 3.745180050000000165e+02
4.978919980000000010e+02 2.746669919999999934e+02
5.423439939999999524e+02 3.171730039999999917e+02
4.970109860000000026e+02 3.880339969999999994e+02
5.375750120000000152e+02 3.751459960000000251e+02
4.740220029999999838e+02 3.624159849999999778e+02
5.117030030000000238e+02 4.151799930000000245e+02
5.203959959999999683e+02 4.472189940000000092e+02
5.187410280000000284e+02 3.687309880000000248e+02
5.135310060000000476e+02 3.339429930000000013e+02
3.590029910000000086e+02 2.784970089999999914e+02
5.161719970000000330e+02 3.206099849999999947e+02
4.380379940000000261e+02 3.223259889999999928e+02
4.748540039999999749e+02 3.348729860000000258e+02
5.296489870000000337e+02 3.942879940000000261e+02
3.902229919999999765e+02 4.046430050000000165e+02
5.365280149999999821e+02 4.430969850000000179e+02
4.611279910000000086e+02 3.530289920000000166e+02
5.294699709999999868e+02 4.017640079999999898e+02
4.963550109999999904e+02 3.607340090000000146e+02
4.335299989999999752e+02 3.486099849999999947e+02
5.051099849999999947e+02 4.329840090000000146e+02
3.890440060000000244e+02 4.009360050000000228e+02
4.252470089999999914e+02 3.233989869999999769e+02
3.714630129999999895e+02 3.352080080000000066e+02
4.529779970000000162e+02 3.123659969999999930e+02
3.957950129999999831e+02 2.904209900000000175e+02
3.660150150000000053e+02 3.979769900000000007e+02
4.565400089999999977e+02 3.022059939999999756e+02
4.240360109999999736e+02 3.628169859999999858e+02
4.382680050000000165e+02 3.789010010000000079e+02
5.314310299999999643e+02 3.389299930000000245e+02
4.502080080000000066e+02 3.674230039999999917e+02
5.404970090000000482e+02 3.532919919999999934e+02
5.435629880000000185e+02 3.291499939999999924e+02
4.269360050000000228e+02 3.836459960000000251e+02
3.661120000000000232e+02 2.822040099999999825e+02
3.493779910000000086e+02 3.425929869999999937e+02
3.668290099999999825e+02 4.240239869999999769e+02
4.489100040000000149e+02 3.212860109999999736e+02
4.199490049999999997e+02 3.754010010000000079e+02
4.924169919999999934e+02 3.696759950000000003e+02
5.332819819999999709e+02 3.317290039999999749e+02
4.571419980000000010e+02 3.466560059999999908e+02
4.232269900000000007e+02 3.058120119999999815e+02
3.800429990000000089e+02 4.194609990000000153e+02
3.846629940000000261e+02 2.950849910000000023e+02
3.792229919999999765e+02 2.729970089999999914e+02
3.749530030000000238e+02 3.464159849999999778e+02
5.353389889999999696e+02 3.854840090000000146e+02
4.019259950000000003e+02 3.020199890000000096e+02
5.355930180000000291e+02 4.143009950000000003e+02
4.445889890000000264e+02 3.707340090000000146e+02
3.989689940000000092e+02 3.799590150000000222e+02
4.344190060000000244e+02 3.013070069999999987e+02
4.433670040000000085e+02 3.555700069999999755e+02
5.149050290000000132e+02 4.361709900000000175e+02
4.116979979999999841e+02 4.036359860000000026e+02
4.220969850000000179e+02 4.543670040000000085e+02
3.515190119999999752e+02 2.925559999999999832e+02
4.398940119999999752e+02 3.850140079999999898e+02
4.705329899999999839e+02 3.548200069999999755e+02
5.386240229999999656e+02 3.942990110000000072e+02
5.405570069999999987e+02 4.427300109999999904e+02
3.714370119999999815e+02 3.568340150000000222e+02
4.203550109999999904e+02 4.642919919999999934e+02
3.701549989999999752e+02 3.893359990000000153e+02
3.778160100000000057e+02 3.314880069999999819e+02
3.972680050000000165e+02 3.938190000000000168e+02
4.729450069999999755e+02 3.479110109999999736e+02
4.160559999999999832e+02 2.753380129999999895e+02
4.814590150000000222e+02 3.461589969999999994e+02
3.494549870000000169e+02 4.265239869999999769e+02
4.111510010000000079e+02 3.145350040000000149e+02
3.827380069999999819e+02 4.127109990000000153e+02
5.161749879999999848e+02 3.404230039999999917e+02
5.439450070000000323e+02 4.151059880000000248e+02
4.967139890000000264e+02 4.221860050000000228e+02
5.235939939999999524e+02 4.125409849999999778e+02
4.593580019999999990e+02 3.137309880000000248e+02
4.450559999999999832e+02 3.727829899999999839e+02
4.037680050000000165e+02 4.128559880000000248e+02
4.120129999999999768e+02 2.730390009999999847e+02
3.758919980000000010e+02 3.941109920000000102e+02
4.203970029999999838e+02 3.994570009999999911e+02
5.203309940000000324e+02 3.609649959999999851e+02
5.372039790000000039e+02 4.339309999999999832e+02
5.210170289999999795e+02 3.740440060000000244e+02
4.752479860000000258e+02 3.442479860000000258e+02
4.119819949999999835e+02 3.744630129999999895e+02
4.204880069999999819e+02 2.781390079999999898e+02
5.090010070000000155e+02 4.391610109999999736e+02
5.189509890000000496e+02 4.094389949999999772e+02
4.241510010000000079e+02 3.960029910000000086e+02
4.528739929999999845e+02 3.526690060000000244e+02
3.873110050000000228e+02 2.717690119999999752e+02
3.585740049999999997e+02 3.484280089999999745e+02
4.076090090000000146e+02 2.850220029999999838e+02
4.430390009999999847e+02 3.770570069999999987e+02
3.530660100000000057e+02 3.285790099999999825e+02
5.425549929999999677e+02 3.267739869999999769e+02
4.505799870000000169e+02 3.505979919999999765e+02
4.284630129999999895e+02 3.106279910000000086e+02
3.557250060000000076e+02 3.297370000000000232e+02
5.324799799999999550e+02 3.161149899999999775e+02
5.294940189999999802e+02 3.224200129999999831e+02
5.426779790000000503e+02 2.958290099999999825e+02
4.576010130000000231e+02 3.433150019999999927e+02
3.616849980000000073e+02 3.347579959999999915e+02
4.081220089999999914e+02 3.944660030000000006e+02
5.166119999999999663e+02 3.987520139999999742e+02
3.890880129999999895e+02 4.186830140000000142e+02
5.165750120000000152e+02 3.478190000000000168e+02
3.888900150000000053e+02 4.160780030000000238e+02
3.492739869999999769e+02 3.292760010000000079e+02
5.178439939999999524e+02 4.310790099999999825e+02
5.252310179999999491e+02 4.450629880000000185e+02
3.979630129999999895e+02 3.013120119999999815e+02
3.782810059999999908e+02 4.493359990000000153e+02
3.963359990000000153e+02 3.822520139999999742e+02
4.469410100000000057e+02 3.528489989999999921e+02
3.642179869999999937e+02 4.101310119999999984e+02
4.328919980000000010e+02 2.967080080000000066e+02
4.636789860000000090e+02 3.383039860000000090e+02
4.243670040000000085e+02 3.231189880000000016e+02
4.370780030000000238e+02 4.234590150000000222e+02
3.771969910000000255e+02 3.953420100000000161e+02
5.434060060000000476e+02 3.147820130000000063e+02
4.532279970000000162e+02 3.816579899999999839e+02
5.221870119999999815e+02 4.119140009999999847e+02
4.500140079999999898e+02 3.529859920000000102e+02
4.741319889999999759e+02 3.258930050000000165e+02
4.355360109999999736e+02 3.223559880000000248e+02
4.981489869999999769e+02 4.660119930000000181e+02
4.261279910000000086e+02 2.866820069999999987e+02
3.751549989999999752e+02 2.946449890000000096e+02
5.426199950000000172e+02 3.075769960000000083e+02
5.446309810000000198e+02 3.823389890000000264e+02
4.314760130000000231e+02 2.938680110000000241e+02
4.305379940000000261e+02 3.185520020000000159e+02
4.374209900000000175e+02 2.944450069999999755e+02
5.303049929999999677e+02 3.206629940000000261e+02
5.208909909999999854e+02 3.031560059999999908e+02
5.237789920000000166e+02 3.914530030000000238e+02
4.140710139999999910e+02 3.164469910000000255e+02
3.938869930000000181e+02 3.868620000000000232e+02
4.698659969999999930e+02 3.509379880000000185e+02
4.448840030000000070e+02 3.018900150000000053e+02
3.564159849999999778e+02 4.448460079999999834e+02
3.899450069999999755e+02 2.981990049999999997e+02
3.730830080000000066e+02 3.894849849999999947e+02
4.040239869999999769e+02 4.072139890000000264e+02
5.198449709999999868e+02 4.081730039999999917e+02
5.424080199999999650e+02 3.914379880000000185e+02
5.365560299999999643e+02 4.174169919999999934e+02
4.013460079999999834e+02 2.783850100000000225e+02
5.193220209999999497e+02 3.202040099999999825e+02
3.653389890000000264e+02 3.205589899999999943e+02
3.660159909999999854e+02 3.290599980000000073e+02
3.625799870000000169e+02 4.132059939999999756e+02
3.578859860000000026e+02 2.810260010000000079e+02
5.449249879999999848e+02 3.490280149999999821e+02
4.011000060000000076e+02 4.023649899999999775e+02
4.436489869999999769e+02 3.569509889999999928e+02
4.296759950000000003e+02 3.994960019999999759e+02
5.253159789999999703e+02 4.320029910000000086e+02
4.897550049999999828e+02 4.496510010000000079e+02
3.506770020000000159e+02 3.576650089999999977e+02
3.994580080000000066e+02 4.105230099999999993e+02
5.101870119999999815e+02 3.320440060000000244e+02
5.418099979999999505e+02 4.141690060000000244e+02
4.776990049999999997e+02 3.332770080000000235e+02
4.215379940000000261e+02 2.974030149999999821e+02
3.881459960000000251e+02 3.860020139999999742e+02
4.323999939999999924e+02 3.882739869999999769e+02
3.577390139999999974e+02 3.210530089999999745e+02
3.961650089999999977e+02 3.855459900000000175e+02
3.734909969999999930e+02 2.907219850000000179e+02
4.485140079999999898e+02 3.614800109999999904e+02
3.702130129999999895e+02 3.348670040000000085e+02
3.928070069999999987e+02 3.815790099999999825e+02
3.909169919999999934e+02 4.057799989999999752e+02
3.762780149999999821e+02 3.861449890000000096e+02
4.466979979999999841e+02 3.733110050000000228e+02
5.330989990000000489e+02 4.004140009999999847e+02
5.064920040000000085e+02 4.114070130000000063e+02
3.668710019999999759e+02 2.817820130000000063e+02
4.113229979999999841e+02 3.031260070000000155e+02
5.209099730000000363e+02 3.131919859999999858e+02
4.619419859999999858e+02 3.403900150000000053e+02
5.244299929999999677e+02 4.344460139999999910e+02
3.627430110000000241e+02 3.597080080000000066e+02
4.679540099999999825e+02 4.176929930000000013e+02
5.277399900000000343e+02 3.707409969999999930e+02
5.126290279999999484e+02 3.599750060000000076e+02
3.946029970000000162e+02 3.812130129999999895e+02
4.155509950000000003e+02 3.816180110000000241e+02
4.484970089999999914e+02 3.649169919999999934e+02
3.514899899999999775e+02 3.728120119999999815e+02
5.231350099999999657e+02 4.040329899999999839e+02
3.577300109999999904e+02 2.785050049999999828e+02
5.225750120000000152e+02 3.140830080000000066e+02
5.168660280000000284e+02 3.401220089999999914e+02
3.673710019999999759e+02 4.132619930000000181e+02
5.200689700000000357e+02 4.428770139999999742e+02
5.058989869999999769e+02 4.304190060000000244e+02
4.740280149999999821e+02 3.370230099999999993e+02
4.527820130000000063e+02 3.530039980000000241e+02
5.263930050000000165e+02 3.627799989999999752e+02
4.966700129999999831e+02 2.836189880000000016e+02
4.215360109999999736e+02 3.646170040000000085e+02
3.711679990000000089e+02 3.450960079999999834e+02
5.104570009999999911e+02 3.347569889999999759e+02
5.190159909999999854e+02 3.122839969999999994e+02
4.007470089999999914e+02 3.903089899999999943e+02
4.608649899999999775e+02 3.606050109999999904e+02
5.118160100000000057e+02 4.398569949999999835e+02
5.412919920000000502e+02 4.214119870000000105e+02
4.077950129999999831e+02 4.008540039999999749e+02
3.561189880000000016e+02 2.784679869999999937e+02
4.978240049999999997e+02 3.093439940000000092e+02
4.468930050000000165e+02 3.029630129999999895e+02
4.102539980000000241e+02 2.745280149999999821e+02
5.370869750000000522e+02 3.877669980000000010e+02
3.534039920000000166e+02 4.234079899999999839e+02
3.967909849999999778e+02 2.849530030000000238e+02
5.381459959999999683e+02 4.067239989999999921e+02
5.190729979999999841e+02 4.319949950000000172e+02
3.624450069999999755e+02 4.171170040000000085e+02
3.822590030000000070e+02 3.964190060000000244e+02
3.585539860000000090e+02 3.760350040000000149e+02
4.030799870000000169e+02 3.801990049999999997e+02
5.330310060000000476e+02 3.422579959999999915e+02
4.502929990000000089e+02 4.576300049999999828e+02
5.223460079999999834e+02 3.609840090000000146e+02
4.393750000000000000e+02 3.340150150000000053e+02
5.446160280000000284e+02 3.684649959999999851e+02
3.553389890000000264e+02 3.458320009999999911e+02
3.781789860000000090e+02 2.895079959999999915e+02
3.775280149999999821e+02 4.278999939999999924e+02
4.477019960000000083e+02 4.212980039999999917e+02
4.348680110000000241e+02 3.902560119999999984e+02
5.266550290000000132e+02 3.432269900000000007e+02
5.062820130000000063e+02 3.472560119999999984e+02
3.722359920000000102e+02 3.542850040000000149e+02
4.978800049999999828e+02 3.445159909999999854e+02
4.079960019999999759e+02 2.860079959999999915e+02
4.174620059999999739e+02 3.851449890000000096e+02
4.561579899999999839e+02 3.262449950000000172e+02
4.365950010000000248e+02 3.222520139999999742e+02
4.967789920000000166e+02 4.720809939999999756e+02
5.171240229999999656e+02 3.488389890000000264e+02
5.140130000000000337e+02 3.866629940000000261e+02
4.495390009999999847e+02 3.705559999999999832e+02
4.405270080000000235e+02 3.443620000000000232e+02
4.359920040000000085e+02 3.913059999999999832e+02
4.335710139999999910e+02 4.018590090000000146e+02
4.270759889999999928e+02 3.606050109999999904e+02
3.699979860000000258e+02 3.393450010000000248e+02
5.346979979999999841e+02 3.633070069999999987e+02
5.316409909999999854e+02 3.061480099999999993e+02
4.160759889999999928e+02 3.401560059999999908e+02
4.469620059999999739e+02 3.244360050000000228e+02
3.627629999999999768e+02 3.549070130000000063e+02
5.206920169999999644e+02 3.684230039999999917e+02
5.212880249999999478e+02 3.160660100000000057e+02
5.142130130000000463e+02 4.059450069999999755e+02
4.741889949999999772e+02 3.899840090000000146e+02
3.528039860000000090e+02 2.914819949999999835e+02
5.124240109999999504e+02 3.180239869999999769e+02
3.586619870000000105e+02 4.061130069999999819e+02
3.630129999999999768e+02 3.596369930000000181e+02
4.723200069999999755e+02 4.087019960000000083e+02
5.341380000000000337e+02 4.274440000000000168e+02
5.243599850000000515e+02 3.707399899999999775e+02
3.564429930000000013e+02 3.121849980000000073e+02
5.252800290000000132e+02 4.489429930000000013e+02
5.447630000000000337e+02 4.166489869999999769e+02
4.188789980000000241e+02 3.069509889999999928e+02
5.088290099999999825e+02 4.331709900000000175e+02
5.120659789999999703e+02 4.292229919999999765e+02
4.818890079999999898e+02 3.474739989999999921e+02
5.096239929999999845e+02 3.981279910000000086e+02
4.440840150000000222e+02 3.777579959999999915e+02
4.721719969999999762e+02 3.249909969999999930e+02
3.642600100000000225e+02 2.736839899999999943e+02
3.880799870000000169e+02 2.920759889999999928e+02
3.745159909999999854e+02 3.015809939999999756e+02
3.970729979999999841e+02 4.123919980000000010e+02
4.463829959999999915e+02 3.843380129999999895e+02
5.450380249999999478e+02 4.404970089999999914e+02
3.770740049999999997e+02 3.818590090000000146e+02
4.204870000000000232e+02 3.143930050000000165e+02
5.318150020000000495e+02 4.124750060000000076e+02
4.237590030000000070e+02 2.833649899999999775e+02
5.241430050000000165e+02 4.409119870000000105e+02
4.639559939999999756e+02 3.549200129999999831e+02
4.531019900000000007e+02 3.661910100000000057e+02
4.975299989999999752e+02 2.978179930000000013e+02
3.818949890000000096e+02 3.015740049999999997e+02
5.060490110000000072e+02 3.619719850000000179e+02
4.339460139999999910e+02 3.913460079999999834e+02
5.191790160000000469e+02 3.354649959999999851e+02
3.557640079999999898e+02 3.465060119999999984e+02
3.899370119999999815e+02 3.002330019999999990e+02
3.696589969999999994e+02 3.647189940000000092e+02
4.423840030000000070e+02 3.960669859999999858e+02
3.701189880000000016e+02 3.474320069999999987e+02
4.746669919999999934e+02 3.657969969999999762e+02
3.974750060000000076e+02 2.869129940000000261e+02
5.264959720000000516e+02 3.437560119999999984e+02
3.816690060000000244e+02 4.143299870000000169e+02
4.204570009999999911e+02 3.090849910000000023e+02
5.298339839999999867e+02 3.702909849999999778e+02
5.125120239999999967e+02 3.546489869999999769e+02
5.146389769999999544e+02 3.890360109999999736e+02
5.131270140000000310e+02 3.255759889999999928e+02
4.187300109999999904e+02 2.942460019999999759e+02
5.349400020000000495e+02 4.328020020000000159e+02
4.384620059999999739e+02 3.288039860000000090e+02
4.650390009999999847e+02 3.009089969999999994e+02
3.719410100000000057e+02 4.040880129999999895e+02
4.000050049999999828e+02 4.008410030000000006e+02
5.431740109999999504e+02 4.097239989999999921e+02
3.767850040000000149e+02 2.745339969999999994e+02
3.997109990000000153e+02 2.771120000000000232e+02
5.176820069999999987e+02 3.704859920000000102e+02
5.419039920000000166e+02 3.149209900000000175e+02
4.345480039999999917e+02 2.927940060000000244e+02
5.384829710000000205e+02 3.956340030000000070e+02
5.230650020000000495e+02 3.235989989999999921e+02
4.746180110000000241e+02 3.020610050000000228e+02
4.614299930000000245e+02 3.034259950000000003e+02
5.186660160000000133e+02 4.019819949999999835e+02
4.522999879999999848e+02 3.303330080000000066e+02
3.979389949999999772e+02 3.964240110000000072e+02
5.185560299999999643e+02 4.440589899999999943e+02
5.143280029999999670e+02 3.817479860000000258e+02
3.670620119999999815e+02 3.626019900000000007e+02
4.472940060000000244e+02 3.246849980000000073e+02
3.754110109999999736e+02 2.899830019999999990e+02
4.242500000000000000e+02 2.924150089999999977e+02
3.693099980000000073e+02 4.245339969999999994e+02
5.262830199999999650e+02 4.157789920000000166e+02
5.407739870000000337e+02 3.993320009999999911e+02
5.351190189999999802e+02 3.288439940000000092e+02
4.258779910000000086e+02 4.026969910000000255e+02
4.534429930000000013e+02 3.208550109999999904e+02
5.077200010000000248e+02 3.543059999999999832e+02
4.015129999999999768e+02 2.953439940000000092e+02
5.135269779999999855e+02 4.122699890000000096e+02
5.269899900000000343e+02 4.026700129999999831e+02
4.070230099999999993e+02 4.156730039999999917e+02
4.425360109999999736e+02 3.038150019999999927e+02
4.569509889999999928e+02 3.453129880000000185e+02
5.351989750000000186e+02 3.809060059999999908e+02
4.601029970000000162e+02 3.752560119999999984e+02
3.504400019999999927e+02 2.728070069999999987e+02
3.671950069999999755e+02 4.107659909999999854e+02
4.630230099999999993e+02 3.677909849999999778e+02
3.516700129999999831e+02 4.109509889999999928e+02
4.676600040000000149e+02 3.749849849999999947e+02
4.005639949999999772e+02 3.967189940000000092e+02
4.020050049999999828e+02 2.926260070000000155e+02
3.611929930000000013e+02 3.493720089999999914e+02
4.979070130000000063e+02 3.548900150000000053e+02
3.562460019999999759e+02 3.201090090000000146e+02
5.164050290000000132e+02 3.383770139999999742e+02
5.372299799999999550e+02 2.877839969999999994e+02
3.966010130000000231e+02 3.843219910000000255e+02
4.257789920000000166e+02 3.824559939999999756e+02
3.986520080000000235e+02 3.014020080000000235e+02
4.055109860000000026e+02 4.135280149999999821e+02
4.966180110000000241e+02 3.186329959999999915e+02
3.638059999999999832e+02 2.781350100000000225e+02
3.521459960000000251e+02 3.288620000000000232e+02
3.773940119999999752e+02 4.450230099999999993e+02
4.468859860000000026e+02 3.302550049999999828e+02
4.040090030000000070e+02 4.232629999999999768e+02
4.416700129999999831e+02 3.651749879999999848e+02
4.372780149999999821e+02 3.785929869999999937e+02
5.123289790000000039e+02 3.999700010000000248e+02
5.270949709999999868e+02 3.567009889999999928e+02
5.122119750000000522e+02 3.402149959999999851e+02
4.279890139999999974e+02 3.786640009999999847e+02
4.582120059999999739e+02 3.253580019999999990e+02
3.938699950000000172e+02 2.753590090000000146e+02
4.041820069999999987e+02 2.979609990000000153e+02
3.733420100000000161e+02 4.016579899999999839e+02
4.211430050000000165e+02 3.821650089999999977e+02
3.979119870000000105e+02 4.078200069999999755e+02
5.190910030000000006e+02 3.746140139999999974e+02
4.469479979999999841e+02 2.934790039999999749e+02
5.223900149999999485e+02 3.249309999999999832e+02
4.275669859999999858e+02 4.030360109999999736e+02
4.975530089999999745e+02 4.008840030000000070e+02
5.078169859999999858e+02 3.716549989999999752e+02
4.718299870000000169e+02 3.665799870000000169e+02
4.447730099999999993e+02 3.570249939999999924e+02
4.818729860000000258e+02 3.386310119999999984e+02
5.129979859999999690e+02 3.471340030000000070e+02
4.405280149999999821e+02 3.414419859999999858e+02
5.276420289999999795e+02 3.332749939999999924e+02
3.996669919999999934e+02 2.905039980000000241e+02
3.561489869999999769e+02 3.336419980000000010e+02
4.481459960000000251e+02 3.935020139999999742e+02
3.842279970000000162e+02 3.466159969999999930e+02
5.378579710000000205e+02 3.755339969999999994e+02
3.760239869999999769e+02 3.306189880000000016e+02
4.227019960000000083e+02 3.688989869999999769e+02
4.358630069999999819e+02 3.233469850000000179e+02
5.127290040000000317e+02 3.564320069999999987e+02
5.247810060000000476e+02 3.537430110000000241e+02
4.378779910000000086e+02 3.764309999999999832e+02
4.475029910000000086e+02 3.387300109999999904e+02
3.920260010000000079e+02 2.740409849999999778e+02
5.368389889999999696e+02 4.327969969999999762e+02
3.847730099999999993e+02 2.900629880000000185e+02
4.336189880000000016e+02 4.633160100000000057e+02
5.112879940000000261e+02 3.256610109999999736e+02
3.597510070000000155e+02 3.732179869999999937e+02
5.259650269999999637e+02 4.495289920000000166e+02
5.072590030000000070e+02 3.575539860000000090e+02
5.411290279999999484e+02 2.920400089999999977e+02
4.016919859999999858e+02 2.886960139999999910e+02
5.449929809999999861e+02 4.404049989999999752e+02
3.630750120000000152e+02 4.110150150000000053e+02
3.873250120000000152e+02 4.188980099999999993e+02
3.516279910000000086e+02 3.137170100000000161e+02
3.518869930000000181e+02 3.116029970000000162e+02
4.410809939999999756e+02 3.112690119999999752e+02
3.654989929999999845e+02 3.591629940000000261e+02
3.837160030000000006e+02 4.635679930000000013e+02
4.275150150000000053e+02 4.005270080000000235e+02
5.149149780000000192e+02 3.631589969999999994e+02
3.929140009999999847e+02 2.820499879999999848e+02
3.576759950000000003e+02 3.143110050000000228e+02
5.326300049999999828e+02 3.464630129999999895e+02
3.496120000000000232e+02 3.785280149999999821e+02
4.061109920000000102e+02 2.872969969999999762e+02
4.292709960000000251e+02 3.297749939999999924e+02
4.345570069999999987e+02 3.638099980000000073e+02
4.344469910000000255e+02 2.841180110000000241e+02
3.940429990000000089e+02 4.038370059999999739e+02
5.242709959999999683e+02 3.876619870000000105e+02
3.942810059999999908e+02 3.038129880000000185e+02
4.323620000000000232e+02 3.510799870000000169e+02
4.498330080000000066e+02 3.816449890000000096e+02
4.229299930000000245e+02 3.302160030000000006e+02
4.007900089999999977e+02 2.755530089999999745e+02
3.870620119999999815e+02 2.782080080000000066e+02
5.395449830000000020e+02 3.981419980000000010e+02
5.154899900000000343e+02 4.134989929999999845e+02
4.315320130000000063e+02 3.065589899999999943e+02
4.472059939999999756e+02 3.064039920000000166e+02
4.004739989999999921e+02 2.944089969999999994e+02
3.686940000000000168e+02 4.115870059999999739e+02
5.156170039999999517e+02 3.984620059999999739e+02
4.052829899999999839e+02 2.940220029999999838e+02
3.884530030000000238e+02 2.898150019999999927e+02
4.618150019999999927e+02 3.328630069999999819e+02
4.681560059999999908e+02 3.434190060000000244e+02
5.404699709999999868e+02 4.050849910000000023e+02
5.365809940000000324e+02 4.389209900000000175e+02
4.786140139999999974e+02 4.264960019999999759e+02
5.087349849999999947e+02 3.640849910000000023e+02
5.335620119999999815e+02 2.856740110000000072e+02
4.782000120000000152e+02 3.298630069999999819e+02
5.096860050000000228e+02 3.738049930000000245e+02
3.685390009999999847e+02 3.584540099999999825e+02
5.420100099999999657e+02 3.930289920000000166e+02
3.787470089999999914e+02 4.132860109999999736e+02
3.866830140000000142e+02 2.776830140000000142e+02
3.540690000000000168e+02 2.789270020000000159e+02
4.618179930000000013e+02 3.448280030000000238e+02
5.182589719999999716e+02 4.216950069999999755e+02
4.964249879999999848e+02 3.766229860000000258e+02
4.148169859999999858e+02 3.739500120000000152e+02
5.338729859999999690e+02 3.501199950000000172e+02
5.315679930000000013e+02 4.327149959999999851e+02
4.579100040000000149e+02 3.798630069999999819e+02
3.722319949999999835e+02 2.749440000000000168e+02
4.093080140000000142e+02 2.951300049999999828e+02
5.381199950000000172e+02 2.805750120000000152e+02
5.176680300000000443e+02 4.214729919999999765e+02
3.822560119999999984e+02 2.933059999999999832e+02
4.401149899999999775e+02 3.754599910000000023e+02
5.318690189999999802e+02 4.025129999999999768e+02
3.619840090000000146e+02 3.447279970000000162e+02
4.249410100000000057e+02 4.488500060000000076e+02
5.292390139999999974e+02 3.950599980000000073e+02
3.497009889999999928e+02 4.216520080000000235e+02
3.962820130000000063e+02 2.772829899999999839e+02
3.882919919999999934e+02 3.996430050000000165e+02
3.814580080000000066e+02 2.769890139999999974e+02
5.168469850000000179e+02 4.346109920000000102e+02
5.445059810000000198e+02 3.846799930000000245e+02
5.144260249999999814e+02 3.707200010000000248e+02
3.611809999999999832e+02 4.133599849999999947e+02
4.002900089999999977e+02 4.035830080000000066e+02
5.436770020000000159e+02 4.133729860000000258e+02
4.593919980000000010e+02 3.598859860000000026e+02
4.477839969999999994e+02 2.927040099999999825e+02
5.130510249999999814e+02 3.605759889999999928e+02
4.024790039999999749e+02 2.992229919999999765e+02
5.237979739999999538e+02 3.700390009999999847e+02
5.325780029999999670e+02 3.666619870000000105e+02
4.650029910000000086e+02 3.250190119999999752e+02
5.405499879999999848e+02 3.537099910000000023e+02
5.230250240000000304e+02 4.035350040000000149e+02
4.506549989999999752e+02 3.341719969999999762e+02
4.343739929999999845e+02 3.458670040000000085e+02
5.246049799999999550e+02 2.994389949999999772e+02
5.383790279999999484e+02 3.547099910000000023e+02
4.815979919999999765e+02 2.735669859999999858e+02
4.586359860000000026e+02 3.768640139999999974e+02
5.067479860000000258e+02 3.667730099999999993e+02
4.248410030000000006e+02 3.701830140000000142e+02
3.912749939999999924e+02 4.104330140000000142e+02
5.362730099999999993e+02 3.172189940000000092e+02
3.741170040000000085e+02 3.947820130000000063e+02
4.364169919999999934e+02 2.915459900000000175e+02
3.779609990000000153e+02 4.312009889999999928e+02
4.550199890000000096e+02 3.717070009999999911e+02
4.361040039999999749e+02 3.903710019999999759e+02
3.637040099999999825e+02 3.451740110000000072e+02
3.774200129999999831e+02 4.162330019999999990e+02
5.215809940000000324e+02 4.099410100000000057e+02
5.245369869999999537e+02 3.517709960000000251e+02
4.467799989999999752e+02 3.530060119999999984e+02
4.341270139999999742e+02 3.134819949999999835e+02
4.387919919999999934e+02 3.832919919999999934e+02
4.581489869999999769e+02 3.606159969999999930e+02
4.506470029999999838e+02 3.900299989999999752e+02
3.539119870000000105e+02 2.754169919999999934e+02
3.680750120000000152e+02 2.827049870000000169e+02
3.915320130000000063e+02 2.769179990000000089e+02
5.091950069999999755e+02 3.573349910000000023e+02
5.291970209999999497e+02 3.033330080000000066e+02
5.309790040000000317e+02 3.578479919999999765e+02
5.305529790000000503e+02 3.594049989999999752e+02
5.091449890000000096e+02 3.596749879999999848e+02
5.178189700000000357e+02 4.399639890000000264e+02
5.388670039999999517e+02 3.625520020000000159e+02
4.156539920000000166e+02 4.491719969999999762e+02
5.276770020000000159e+02 2.924530030000000238e+02
4.384549870000000169e+02 3.546979979999999841e+02
4.210100100000000225e+02 3.214330140000000142e+02
5.294450070000000323e+02 4.131379999999999768e+02
5.364370119999999815e+02 3.068569949999999835e+02
5.314739990000000489e+02 4.109110109999999736e+02
5.343540040000000317e+02 3.988240049999999997e+02
4.432760010000000079e+02 3.714209900000000175e+02
5.132169800000000350e+02 4.226250000000000000e+02
4.201730039999999917e+02 3.911789860000000090e+02
4.971910100000000057e+02 3.649110109999999736e+02
4.324490049999999997e+02 3.005929869999999937e+02
4.210759889999999928e+02 3.214479979999999841e+02
3.770459900000000175e+02 4.194549870000000169e+02
4.014519960000000083e+02 2.747380069999999819e+02
4.169870000000000232e+02 3.149970089999999914e+02
5.395670169999999644e+02 3.256350100000000225e+02
4.368829959999999915e+02 3.100570069999999987e+02
4.311300049999999828e+02 3.506409909999999854e+02
5.329940189999999802e+02 4.097179869999999937e+02
3.712070009999999911e+02 2.880329899999999839e+02
4.449800109999999904e+02 3.153030089999999745e+02
4.200499879999999848e+02 3.948120119999999815e+02
4.404429930000000013e+02 3.442179869999999937e+02
3.511910100000000057e+02 4.320190119999999752e+02
3.611470029999999838e+02 3.151149899999999775e+02
3.768670040000000085e+02 3.738959960000000251e+02
4.723900150000000053e+02 3.365230099999999993e+02
4.358250120000000152e+02 3.470809939999999756e+02
5.183519900000000007e+02 3.671549989999999752e+02
4.550790099999999825e+02 3.730910030000000006e+02
5.043259889999999928e+02 4.036520080000000235e+02
3.853200069999999755e+02 2.726000060000000076e+02
4.067640079999999898e+02 2.832460019999999759e+02
4.650090030000000070e+02 3.437139890000000264e+02
5.269769900000000007e+02 3.298250120000000152e+02
5.140029909999999518e+02 4.047149959999999851e+02
4.522799989999999752e+02 3.422990110000000072e+02
4.458989869999999769e+02 3.876040039999999749e+02
4.655969850000000179e+02 3.202520139999999742e+02
4.181340030000000070e+02 3.849030149999999821e+02
4.979299930000000245e+02 4.462919919999999934e+02
5.375109860000000026e+02 2.918120119999999815e+02
4.537059939999999756e+02 2.951650089999999977e+02
4.207619930000000181e+02 3.759089969999999994e+02
4.631130069999999819e+02 3.607109990000000153e+02
4.251350100000000225e+02 2.860650019999999927e+02
4.055729979999999841e+02 3.760639949999999772e+02
5.260109860000000026e+02 4.338330080000000066e+02
4.503169859999999858e+02 3.408410030000000006e+02
4.011239929999999845e+02 4.244100040000000149e+02
4.089880069999999819e+02 3.039249879999999848e+02
4.788670040000000085e+02 3.385610050000000228e+02
4.635969850000000179e+02 3.728879999999999768e+02
3.807040099999999825e+02 3.978399959999999851e+02
3.728340150000000222e+02 2.738420100000000161e+02
4.384769900000000007e+02 3.896440119999999752e+02
5.238569949999999835e+02 3.534410100000000057e+02
4.326080019999999990e+02 3.738710019999999759e+02
4.217019960000000083e+02 3.064469910000000255e+02
3.994519960000000083e+02 3.938550109999999904e+02
5.243079830000000356e+02 3.323450010000000248e+02
4.280450129999999831e+02 3.962070009999999911e+02
3.832789920000000166e+02 4.176359860000000026e+02
4.158169859999999858e+02 4.115830080000000066e+02
4.370109860000000026e+02 3.399620059999999739e+02
5.030989989999999921e+02 4.230390009999999847e+02
4.317539980000000241e+02 3.785450129999999831e+02
3.851589969999999994e+02 3.968179930000000013e+02
3.641229860000000258e+02 2.796619870000000105e+02
5.328140260000000126e+02 2.961140139999999974e+02
3.523460079999999834e+02 2.853919980000000010e+02
5.423740229999999656e+02 3.765979919999999765e+02
5.344739990000000489e+02 3.475499879999999848e+02
5.128010249999999814e+02 3.448689880000000016e+02
4.305859990000000153e+02 3.070409849999999778e+02
4.939859920000000102e+02 4.523590090000000146e+02
5.214569699999999557e+02 4.086250000000000000e+02
3.576379999999999768e+02 2.778139949999999772e+02
5.057730099999999993e+02 3.558739929999999845e+02
4.731690060000000244e+02 3.496820069999999987e+02
5.161640009999999847e+02 4.300830080000000066e+02
3.625650019999999927e+02 3.918120119999999815e+02
3.862929990000000089e+02 3.463309939999999756e+02
3.777040099999999825e+02 3.660039980000000241e+02
4.312569889999999759e+02 4.137709960000000251e+02
4.379830019999999990e+02 3.924559939999999756e+02
4.520079959999999915e+02 3.365790099999999825e+02
5.170070190000000139e+02 3.352959900000000175e+02
5.374719850000000179e+02 4.333810119999999984e+02
5.082179869999999937e+02 4.380650019999999927e+02
3.727219850000000179e+02 4.571140139999999974e+02
5.403850099999999657e+02 3.738219910000000255e+02
3.816650089999999977e+02 2.727319949999999835e+02
4.350480039999999917e+02 3.859429930000000013e+02
5.068689880000000016e+02 3.914689940000000092e+02
4.395549930000000245e+02 3.036910100000000057e+02
5.187800290000000132e+02 3.857510070000000155e+02
4.768659969999999930e+02 3.582370000000000232e+02
5.286680300000000443e+02 3.024460139999999910e+02
4.316619870000000105e+02 4.271600040000000149e+02
5.314500120000000152e+02 3.507929990000000089e+02
5.143800049999999828e+02 3.721539920000000166e+02
4.043439940000000092e+02 2.791579899999999839e+02
5.055910030000000006e+02 3.497219850000000179e+02
3.948269960000000083e+02 2.738640139999999974e+02
5.281149900000000343e+02 3.898850100000000225e+02
3.921099849999999947e+02 2.709729919999999765e+02
5.313889769999999544e+02 4.393080140000000142e+02
3.905499879999999848e+02 3.620409849999999778e+02
5.375900269999999637e+02 4.109620059999999739e+02
3.848399959999999851e+02 4.015650019999999927e+02
4.617210079999999834e+02 3.363559880000000248e+02
5.194400020000000495e+02 3.862940060000000244e+02
3.581669919999999934e+02 3.329370119999999815e+02
4.489070130000000063e+02 3.196480099999999993e+02
5.289000240000000304e+02 2.909419859999999858e+02
5.306610110000000304e+02 2.872470089999999914e+02
3.776849980000000073e+02 4.402090150000000222e+02
3.898640139999999974e+02 4.680069889999999759e+02
3.941700129999999831e+02 4.076279910000000086e+02
3.882900089999999977e+02 4.021870119999999815e+02
4.247860109999999736e+02 3.724509889999999928e+02
3.571300049999999828e+02 2.894450069999999755e+02
4.533500060000000076e+02 2.955230099999999993e+02
3.994909969999999930e+02 4.105729979999999841e+02
5.306790160000000469e+02 3.348810119999999984e+02
5.079389949999999772e+02 3.564240110000000072e+02
4.335310059999999908e+02 3.066990049999999997e+02
4.401659849999999778e+02 3.728970029999999838e+02
4.270440060000000244e+02 3.606809999999999832e+02
3.949540099999999825e+02 2.859030149999999821e+02
4.685180050000000165e+02 3.487999879999999848e+02
4.075880129999999895e+02 3.033129880000000185e+02
5.445209959999999683e+02 2.966870119999999815e+02
5.182940059999999676e+02 4.168670040000000085e+02
5.346079710000000205e+02 4.559590150000000222e+02
3.496329959999999915e+02 3.808609920000000102e+02
3.540150150000000053e+02 2.929030149999999821e+02
3.519729919999999765e+02 3.694540099999999825e+02
5.310739750000000186e+02 3.701929930000000013e+02
3.678529970000000162e+02 3.243810119999999984e+02
3.939530030000000238e+02 2.787869870000000105e+02
5.267310179999999491e+02 4.072189940000000092e+02
3.789840090000000146e+02 4.220039980000000241e+02
5.149310299999999643e+02 3.640270080000000235e+02
4.264039920000000166e+02 4.337770080000000235e+02
3.491319889999999759e+02 3.514549870000000169e+02
5.381090090000000146e+02 2.825589899999999943e+02
4.175950010000000248e+02 3.917789920000000166e+02
3.908729860000000258e+02 2.715509950000000003e+02
5.381569819999999709e+02 4.524179990000000089e+02
4.331270139999999742e+02 2.957269900000000007e+02
4.334989929999999845e+02 3.798030089999999745e+02
5.334790040000000317e+02 3.628680110000000241e+02
5.326240229999999656e+02 3.799609990000000153e+02
4.100570069999999987e+02 3.949859920000000102e+02
3.877200010000000248e+02 3.927430110000000241e+02
5.134600219999999808e+02 4.139979860000000258e+02
3.876650089999999977e+02 4.012210079999999834e+02
5.429479979999999841e+02 3.954649959999999851e+02
5.351799929999999677e+02 2.815140079999999898e+02
5.070799870000000169e+02 4.064989929999999845e+02
3.524719850000000179e+02 4.303789980000000241e+02
3.690109860000000026e+02 2.937059939999999756e+02
4.651950069999999755e+02 4.424649959999999851e+02
4.217340090000000146e+02 3.756860050000000228e+02
3.789609990000000153e+02 4.010719910000000255e+02
3.906480099999999993e+02 2.826419980000000010e+02
4.332669980000000010e+02 3.402919919999999934e+02
3.650409849999999778e+02 2.729179990000000089e+02
5.343090210000000297e+02 4.242059939999999756e+02
5.354140009999999847e+02 3.760780030000000238e+02
4.426629940000000261e+02 3.632709960000000251e+02
4.581510010000000079e+02 3.856010130000000231e+02
4.455700069999999755e+02 3.632810059999999908e+02
4.672669980000000010e+02 3.531830140000000142e+02
5.445219730000000027e+02 2.872130129999999895e+02
4.449049989999999752e+02 3.705660100000000057e+02
4.053540039999999749e+02 3.810150150000000053e+02
5.212860110000000304e+02 3.848420100000000161e+02
5.390510249999999814e+02 3.745459900000000175e+02
3.899649959999999851e+02 2.738309939999999756e+02
3.801730039999999917e+02 4.133640139999999974e+02
4.410509950000000003e+02 3.134179990000000089e+02
4.132430110000000241e+02 2.930710139999999910e+02
5.253289790000000039e+02 4.087770080000000235e+02
3.715650019999999927e+02 3.314049989999999752e+02
5.204060060000000476e+02 3.395050049999999828e+02
4.181359860000000026e+02 3.005580140000000142e+02
4.965620119999999815e+02 4.693689880000000016e+02
3.866279910000000086e+02 4.116180110000000241e+02
5.380029909999999518e+02 3.940979919999999765e+02
3.743340150000000222e+02 2.757579959999999915e+02
5.176389769999999544e+02 4.206260070000000155e+02
4.214580080000000066e+02 3.937569889999999759e+02
5.247310179999999491e+02 3.881390079999999898e+02
5.400050049999999828e+02 3.772909849999999778e+02
5.069129940000000261e+02 4.012600100000000225e+02
5.450209959999999683e+02 4.327019960000000083e+02
4.514649959999999851e+02 3.720820009999999911e+02
3.641629940000000261e+02 2.919060059999999908e+02
4.482579959999999915e+02 3.841589969999999994e+02
4.205469969999999762e+02 3.970589899999999943e+02
5.364229739999999538e+02 4.183850100000000225e+02
4.791239929999999845e+02 3.533469850000000179e+02
5.114010010000000079e+02 3.391770020000000159e+02
3.573729860000000258e+02 3.294159849999999778e+02
3.752149959999999851e+02 4.078340150000000222e+02
4.584849849999999947e+02 3.334660030000000006e+02
5.252570190000000139e+02 3.215549930000000245e+02
4.398110050000000228e+02 2.899159849999999778e+02
3.682820130000000063e+02 3.904609990000000153e+02
4.545239869999999769e+02 3.561359860000000026e+02
3.533320009999999911e+02 3.364639890000000264e+02
4.518850100000000225e+02 3.194419859999999858e+02
4.644909969999999930e+02 3.103089899999999943e+02
4.238949890000000096e+02 3.116409909999999854e+02
4.676499939999999924e+02 3.556640009999999847e+02
5.173029790000000503e+02 4.206629940000000261e+02
4.764219969999999762e+02 3.424580080000000066e+02
3.943070069999999987e+02 3.008139949999999772e+02
5.152670289999999795e+02 4.296520080000000235e+02
5.289869999999999663e+02 3.913810119999999984e+02
4.235870059999999739e+02 2.974989929999999845e+02
3.619689940000000092e+02 3.976220089999999914e+02
3.758630069999999819e+02 3.720870059999999739e+02
4.360469969999999762e+02 3.504670100000000161e+02
4.040509950000000003e+02 4.097269900000000007e+02
3.508340150000000222e+02 3.930150150000000053e+02
3.770750120000000152e+02 4.257699890000000096e+02
3.776279910000000086e+02 4.251860050000000228e+02
4.977909849999999778e+02 3.821140139999999974e+02
4.053989869999999769e+02 4.075969850000000179e+02
5.227160030000000006e+02 3.723959960000000251e+02
5.407369999999999663e+02 4.527669980000000010e+02
5.281320190000000139e+02 3.571870119999999815e+02
4.528070069999999987e+02 3.314370119999999815e+02
4.743269960000000083e+02 3.155769960000000083e+02
5.441420289999999795e+02 3.215950010000000248e+02
5.084479979999999841e+02 3.849079899999999839e+02
5.311320190000000139e+02 3.270809939999999756e+02
4.430690000000000168e+02 2.980129999999999768e+02
4.705320130000000063e+02 3.732449950000000172e+02
5.283359990000000153e+02 3.151459960000000251e+02
5.388969730000000027e+02 3.831910100000000057e+02
5.441019900000000007e+02 2.802590030000000070e+02
4.853699950000000172e+02 2.748290099999999825e+02
4.271159969999999930e+02 3.038680110000000241e+02
5.269539790000000039e+02 4.236600040000000149e+02
5.437030029999999670e+02 4.237070009999999911e+02
5.082510070000000155e+02 3.403940119999999752e+02
4.329970089999999914e+02 3.681260070000000155e+02
4.207269900000000007e+02 4.051979979999999841e+02
4.961640009999999847e+02 4.487600100000000225e+02
5.075289920000000166e+02 3.588829959999999915e+02
4.672609860000000026e+02 3.295759889999999928e+02
3.800249939999999924e+02 4.125580140000000142e+02
3.683919980000000010e+02 4.118039860000000090e+02
5.366820069999999987e+02 2.969479979999999841e+02
3.545799870000000169e+02 2.841260070000000155e+02
4.494270020000000159e+02 3.213859860000000026e+02
3.894660030000000006e+02 2.949400019999999927e+02
5.141010129999999663e+02 4.440180050000000165e+02
5.390089719999999716e+02 4.478330080000000066e+02
4.330360109999999736e+02 3.027619930000000181e+02
4.119590150000000222e+02 3.889939880000000016e+02
4.224039920000000166e+02 3.710710139999999910e+02
3.779590150000000222e+02 3.364140009999999847e+02
4.328179930000000013e+02 4.473410030000000006e+02
4.778510130000000231e+02 3.294419859999999858e+02
3.513750000000000000e+02 3.982049870000000169e+02
4.654689940000000092e+02 3.699219969999999762e+02
4.365469969999999762e+02 3.896470029999999838e+02
4.565929869999999937e+02 3.871860050000000228e+02
4.572780149999999821e+02 3.492250060000000076e+02
4.375929869999999937e+02 3.846459960000000251e+02
4.274559939999999756e+02 3.881369930000000181e+02
4.272869870000000105e+02 2.997709960000000251e+02
4.551019900000000007e+02 3.828110050000000228e+02
5.308959959999999683e+02 3.200190119999999752e+02
3.553580019999999990e+02 3.739899899999999775e+02
4.517839969999999994e+02 3.725440060000000244e+02
5.358350219999999808e+02 3.757659909999999854e+02
