5.344010009999999511e+02 1.910180049999999881e+02
6.427150269999999637e+02 2.419500000000000028e+01
6.349719850000000179e+02 2.689410100000000057e+02
5.764990229999999656e+02 1.964310000000000116e+02
5.332949830000000020e+02 1.527929990000000089e+02
6.424409789999999703e+02 6.510299700000000200e+01
6.578239750000000186e+02 2.284409939999999892e+02
5.342000120000000152e+02 2.672940060000000244e+02
6.574010009999999511e+02 2.692099999999999937e+01
5.322340090000000146e+02 2.106119999999999948e+02
6.753179930000000013e+02 1.351109920000000102e+02
6.428720090000000482e+02 2.670220029999999838e+02
6.173419800000000350e+02 8.576899699999999882e+01
6.628800049999999828e+02 1.145820010000000053e+02
6.963250120000000152e+02 8.225000000000000000e+01
6.445189820000000509e+02 2.606170040000000085e+02
6.948610230000000456e+02 1.692140049999999860e+02
6.014429930000000013e+02 2.547500000000000142e+01
6.943709720000000516e+02 2.566379999999999768e+02
5.330449830000000020e+02 3.497800099999999901e+01
5.637529909999999518e+02 2.312319950000000119e+02
5.994349979999999505e+02 1.650910030000000006e+02
6.876380000000000337e+02 3.758700199999999825e+01
5.785520020000000159e+02 1.761759950000000003e+02
5.325349730000000363e+02 1.249629970000000014e+02
5.784970090000000482e+02 1.701959990000000005e+02
6.660640260000000126e+02 2.630109860000000026e+02
6.620830079999999498e+02 1.084400020000000069e+02
6.766209720000000516e+02 1.409889980000000094e+02
5.339840090000000146e+02 1.225469970000000046e+02
5.982689820000000509e+02 2.282899930000000097e+02
6.384290160000000469e+02 6.983299999999999841e+01
6.180390009999999847e+02 2.698689880000000016e+02
5.741849979999999505e+02 1.615930020000000127e+02
6.578629760000000033e+02 6.583699799999999414e+01
6.164680180000000291e+02 9.408499899999999627e+01
5.559739990000000489e+02 2.406649930000000097e+02
6.016959839999999531e+02 2.853500000000000014e+01
6.913060299999999643e+02 2.338959959999999967e+02
6.299509890000000496e+02 2.699530030000000238e+02
5.343070069999999987e+02 2.091139980000000094e+02
5.350590210000000297e+02 2.450079959999999915e+02
5.487410280000000284e+02 1.851410060000000044e+02
5.828389889999999696e+02 2.483240049999999997e+02
5.510100099999999657e+02 2.565339969999999994e+02
5.988380130000000463e+02 2.247640079999999898e+02
5.513229979999999841e+02 3.490000200000000063e+01
5.341160280000000284e+02 1.545140079999999898e+02
6.124539790000000039e+02 2.676340030000000070e+02
5.328449709999999868e+02 2.276920010000000048e+02
5.984240109999999504e+02 2.312250060000000076e+02
6.157210079999999834e+02 1.015370029999999986e+02
5.324050290000000132e+02 2.558650049999999965e+02
6.302670289999999795e+02 2.667669980000000010e+02
6.578850099999999657e+02 1.732420040000000085e+02
6.774279790000000503e+02 3.525799899999999809e+01
5.330079960000000483e+02 9.139800300000000277e+01
6.905560299999999643e+02 1.075339969999999994e+02
6.731550290000000132e+02 1.490840000000000032e+02
6.944390260000000126e+02 1.634120029999999986e+02
6.577999879999999848e+02 2.249389950000000056e+02
5.333060299999999643e+02 2.189510040000000117e+02
5.350000000000000000e+02 1.557460020000000043e+02
6.428439939999999524e+02 1.726139980000000094e+02
6.013170169999999644e+02 1.846810000000000116e+02
5.787490229999999656e+02 1.551580050000000028e+02
6.844140009999999847e+02 2.426549990000000037e+02
6.579479979999999841e+02 2.639169919999999934e+02
6.009019779999999855e+02 2.131959990000000005e+02
5.987180180000000291e+02 2.269869999999999948e+02
6.605440059999999676e+02 9.750900300000000698e+01
6.443060299999999643e+02 2.594280089999999745e+02
6.611489870000000337e+02 1.127730030000000028e+02
6.606489870000000337e+02 1.460570069999999987e+02
5.568800049999999828e+02 1.293800050000000113e+02
6.911719970000000330e+02 6.683599900000000105e+01
5.594869999999999663e+02 2.305119929999999897e+02
6.014660030000000006e+02 1.911219940000000008e+02
6.163519900000000007e+02 1.204369959999999935e+02
6.193649900000000343e+02 8.989900199999999586e+01
5.709810179999999491e+02 1.399159999999999968e+02
5.326569819999999709e+02 1.329739989999999921e+02
6.574910280000000284e+02 1.896939999999999884e+02
6.029190059999999676e+02 1.693099980000000073e+02
6.577340090000000146e+02 1.926029969999999878e+02
5.882100219999999808e+02 2.478370060000000024e+02
5.574559940000000324e+02 2.575199890000000096e+02
6.577719730000000027e+02 2.053549959999999999e+02
5.333649900000000343e+02 2.527799990000000037e+02
5.339840090000000146e+02 2.139739989999999921e+02
5.774630130000000463e+02 1.706309970000000078e+02
5.785800169999999980e+02 2.190429990000000089e+02
6.288950200000000450e+02 7.709699999999999420e+01
6.025300290000000132e+02 1.605010069999999871e+02
5.854169920000000502e+02 1.541199949999999887e+02
5.468779909999999518e+02 1.636810000000000116e+02
5.352269900000000007e+02 8.510299700000000200e+01
6.307390139999999974e+02 7.579399899999999946e+01
5.425640260000000126e+02 2.601090090000000146e+02
6.578339839999999867e+02 7.150700399999999490e+01
6.543640139999999974e+02 1.645700070000000039e+02
5.322030029999999670e+02 9.601799800000000573e+01
6.605780029999999670e+02 1.186829989999999952e+02
6.303300169999999980e+02 2.665499879999999848e+02
6.839470209999999497e+02 7.462000299999999697e+01
5.519829710000000205e+02 3.824000199999999694e+01
5.338449709999999868e+02 1.233489990000000063e+02
5.785709839999999531e+02 1.538890079999999898e+02
6.678419800000000350e+02 8.095500199999999325e+01
6.250720209999999497e+02 5.906199999999999761e+01
5.983829960000000483e+02 1.251790009999999995e+02
5.857479859999999690e+02 2.679930110000000241e+02
6.468729859999999690e+02 7.021900200000000325e+01
5.384420169999999644e+02 1.206520000000000010e+02
6.016710209999999961e+02 1.931659999999999968e+02
5.870729979999999841e+02 2.688630069999999819e+02
6.010330199999999650e+02 2.009450070000000039e+02
6.787080079999999498e+02 1.859629970000000014e+02
6.162890009999999847e+02 1.024779970000000020e+02
5.805289920000000166e+02 1.525800020000000075e+02
5.510650020000000495e+02 2.425469970000000046e+02
5.545800169999999980e+02 9.503199800000000153e+01
6.252860110000000304e+02 6.130199799999999755e+01
6.305430300000000443e+02 2.669060059999999908e+02
6.528109739999999874e+02 2.820599899999999849e+01
6.005869750000000522e+02 2.124810029999999870e+02
5.527490229999999656e+02 2.513000030000000038e+02
5.444039920000000166e+02 1.973750000000000000e+02
6.150739750000000186e+02 1.218919980000000010e+02
5.546890260000000126e+02 2.370959929999999929e+02
6.652000120000000152e+02 1.367500000000000000e+02
6.253010249999999814e+02 2.320529940000000124e+02
6.534580079999999498e+02 7.761499799999999993e+01
5.689219970000000330e+02 2.177689970000000130e+02
6.078790279999999484e+02 2.671929930000000013e+02
6.013060299999999643e+02 1.437859950000000140e+02
6.282769779999999855e+02 8.709300199999999847e+01
5.786909789999999703e+02 2.157790070000000071e+02
5.523419800000000350e+02 8.667500300000000379e+01
5.692520140000000310e+02 1.504499969999999962e+02
5.357199709999999868e+02 1.343040009999999995e+02
6.593959959999999683e+02 8.901899699999999882e+01
6.097700200000000450e+02 2.271569979999999873e+02
6.135650020000000495e+02 2.645710139999999910e+02
5.487789920000000166e+02 1.869609989999999868e+02
6.560570069999999987e+02 2.431569979999999873e+02
6.418939820000000509e+02 2.608980099999999993e+02
5.652570190000000139e+02 2.252039949999999919e+02
6.568270260000000462e+02 1.705740049999999997e+02
5.528619999999999663e+02 4.133200099999999821e+01
6.361900020000000495e+02 2.369040070000000071e+02
5.844600219999999808e+02 2.654710079999999834e+02
6.718939820000000509e+02 4.397299999999999898e+01
6.612899780000000192e+02 1.260650020000000069e+02
6.772399900000000343e+02 1.713240049999999997e+02
6.026790160000000469e+02 1.873370060000000024e+02
5.733389889999999696e+02 1.993699949999999887e+02
5.774379880000000185e+02 2.692420040000000085e+02
5.371909789999999703e+02 2.119790040000000033e+02
6.015759890000000496e+02 1.949470059999999876e+02
5.932730099999999993e+02 9.179799699999999518e+01
6.419119869999999537e+02 6.942199700000000462e+01
6.021890260000000126e+02 1.741900019999999927e+02
6.024990229999999656e+02 2.323350069999999903e+02
5.726680300000000443e+02 2.702200010000000248e+02
6.568889769999999544e+02 1.837400049999999965e+02
6.604409789999999703e+02 9.757599600000000351e+01
5.903419800000000350e+02 2.497140049999999860e+02
5.986950070000000323e+02 2.682839969999999994e+02
6.381329960000000483e+02 2.644309999999999832e+02
5.457919920000000502e+02 1.982920070000000123e+02
6.081229859999999690e+02 1.542550050000000113e+02
5.742340090000000146e+02 1.919040070000000071e+02
5.555109860000000026e+02 2.363189999999999884e+02
6.691229859999999690e+02 2.524109950000000140e+02
5.667789920000000166e+02 2.701409909999999854e+02
6.120300290000000132e+02 1.472769930000000045e+02
6.287109990000000153e+02 2.878399999999999892e+01
6.505679930000000013e+02 2.455370029999999986e+02
6.230369869999999537e+02 8.480500000000000682e+01
5.360430300000000443e+02 8.247199999999999420e+01
6.579589839999999867e+02 7.423999799999999993e+01
6.609849850000000515e+02 9.401100200000000484e+01
6.042890009999999847e+02 2.427369999999999948e+02
6.648380130000000463e+02 1.833200070000000039e+02
5.347059940000000324e+02 1.117979969999999952e+02
6.218779909999999518e+02 6.782199900000000525e+01
5.643720090000000482e+02 1.186520000000000010e+02
5.340419920000000502e+02 1.334230039999999917e+02
6.590219730000000027e+02 1.474439999999999884e+02
6.489390260000000126e+02 7.088400300000000698e+01
5.342369999999999663e+02 2.311820069999999987e+02
6.573809810000000198e+02 2.066860049999999944e+02
6.149500120000000152e+02 2.372380070000000103e+02
5.763159789999999703e+02 1.298750000000000000e+02
5.329180300000000443e+02 1.291250000000000000e+02
5.918839719999999716e+02 1.850639950000000056e+02
5.737639769999999544e+02 1.611519930000000045e+02
6.748449709999999868e+02 9.143599700000000041e+01
5.498980099999999993e+02 1.829360049999999944e+02
6.309329830000000356e+02 2.610740049999999997e+02
5.345939939999999524e+02 2.521690059999999960e+02
6.626500240000000304e+02 1.368990019999999959e+02
5.997369999999999663e+02 2.216399989999999889e+02
6.569000240000000304e+02 2.547449949999999887e+02
6.399509890000000496e+02 9.234899900000000628e+01
6.766779790000000503e+02 1.500890049999999860e+02
5.906640009999999847e+02 2.673439940000000092e+02
5.515549929999999677e+02 9.520099600000000351e+01
6.138959959999999683e+02 1.171190030000000064e+02
6.574299929999999677e+02 1.873359989999999868e+02
6.157760009999999511e+02 1.235289989999999989e+02
5.360919800000000350e+02 2.432669980000000010e+02
6.060629880000000185e+02 1.388000030000000038e+02
6.399609990000000153e+02 2.565390009999999847e+02
5.357150269999999637e+02 2.145169980000000010e+02
6.378759770000000344e+02 2.340500030000000038e+02
5.443980099999999993e+02 2.020370029999999986e+02
5.751530149999999821e+02 1.666849980000000073e+02
6.569520260000000462e+02 1.505229950000000088e+02
5.504890139999999974e+02 1.693430020000000127e+02
5.514569699999999557e+02 2.391320039999999949e+02
6.438140260000000126e+02 7.036199999999999477e+01
6.137299799999999550e+02 1.807270049999999912e+02
6.616199950000000172e+02 1.504069979999999873e+02
5.405850219999999808e+02 1.561399989999999889e+02
5.367559810000000198e+02 8.425299800000000516e+01
6.571259770000000344e+02 2.176589969999999994e+02
6.127379760000000033e+02 1.378329929999999877e+02
6.538699950000000172e+02 1.941699979999999925e+02
6.485599979999999505e+02 2.952199900000000099e+01
6.436389769999999544e+02 9.418900299999999959e+01
6.023770140000000310e+02 2.130639950000000056e+02
6.622949830000000020e+02 1.384620060000000024e+02
6.426149900000000343e+02 7.023600000000000421e+01
6.513369750000000522e+02 8.252800000000000580e+01
6.101749879999999848e+02 1.642590030000000070e+02
6.010720209999999497e+02 1.088209990000000005e+02
6.028590090000000146e+02 1.070100020000000001e+02
5.518530269999999973e+02 4.310800199999999904e+01
5.356270140000000310e+02 1.408560029999999870e+02
5.342459720000000516e+02 2.194770049999999912e+02
6.029719850000000179e+02 1.507630000000000052e+02
6.008779909999999518e+02 2.187169949999999972e+02
6.442130130000000463e+02 2.245989989999999921e+02
6.593410030000000006e+02 9.680999799999999311e+01
6.479699709999999868e+02 2.353630070000000103e+02
6.576500240000000304e+02 1.606020049999999912e+02
5.747760009999999511e+02 1.496659999999999968e+02
6.621459959999999683e+02 1.652400049999999965e+02
5.858939820000000509e+02 2.628859860000000026e+02
5.743640139999999974e+02 1.795099950000000035e+02
5.843989870000000337e+02 4.085800199999999904e+01
6.408969730000000027e+02 2.039590000000000032e+02
6.490289920000000166e+02 1.989810029999999870e+02
6.392169800000000350e+02 1.079329989999999952e+02
6.198950200000000450e+02 1.073140029999999996e+02
5.970999759999999696e+02 1.461360019999999906e+02
6.252509770000000344e+02 2.297940059999999960e+02
6.062839969999999994e+02 2.663389890000000264e+02
5.585020140000000310e+02 1.316840060000000108e+02
6.307310179999999491e+02 2.660840150000000222e+02
6.178670039999999517e+02 1.225630040000000065e+02
6.570789790000000039e+02 2.196089939999999956e+02
5.338889769999999544e+02 1.274929960000000051e+02
5.528750000000000000e+02 2.279340060000000108e+02
6.352680050000000165e+02 2.592990110000000072e+02
5.964990229999999656e+02 1.039479979999999983e+02
5.353740229999999656e+02 1.249869999999999948e+02
5.384489750000000186e+02 1.236659999999999968e+02
5.352680050000000165e+02 2.482689970000000130e+02
6.280100099999999657e+02 7.984799999999999898e+01
5.349860230000000456e+02 2.518240049999999997e+02
6.105360110000000304e+02 1.327409969999999930e+02
5.328369750000000522e+02 1.422680049999999881e+02
6.190609739999999874e+02 2.261080019999999990e+02
6.371560060000000476e+02 7.119400000000000261e+01
6.178150020000000495e+02 2.257050020000000075e+02
5.497949830000000020e+02 1.661470030000000122e+02
5.474760129999999663e+02 1.620959929999999929e+02
5.663829960000000483e+02 1.045630040000000065e+02
6.058679809999999861e+02 2.660050049999999828e+02
5.354559940000000324e+02 8.744799799999999834e+01
6.237230220000000145e+02 8.680500000000000682e+01
6.318530269999999973e+02 2.610969850000000179e+02
5.377069699999999557e+02 2.288450009999999963e+02
5.446329960000000483e+02 1.574369959999999935e+02
6.467340090000000146e+02 2.343500060000000076e+02
6.488549799999999550e+02 1.673150019999999927e+02
5.438519900000000007e+02 2.054530029999999954e+02
6.019279790000000503e+02 2.054980009999999879e+02
5.952349850000000515e+02 2.419210050000000081e+02
6.122180180000000291e+02 1.347579959999999915e+02
6.501840210000000297e+02 8.712899799999999573e+01
6.613569949999999835e+02 1.407239989999999921e+02
5.723410030000000006e+02 1.837949979999999925e+02
5.516690059999999676e+02 1.199400020000000069e+02
6.221209720000000516e+02 1.366880040000000065e+02
5.884299929999999677e+02 1.179260029999999944e+02
5.902369999999999663e+02 2.531250000000000000e+02
5.340629880000000185e+02 1.284149930000000097e+02
6.434349979999999505e+02 2.548260040000000117e+02
6.125130000000000337e+02 1.431990049999999997e+02
6.190570069999999987e+02 1.191829989999999952e+02
6.325659789999999703e+02 2.617319949999999835e+02
5.493750000000000000e+02 1.856199949999999887e+02
6.574660030000000006e+02 2.470260010000000079e+02
6.392150269999999637e+02 2.054869999999999948e+02
5.769000240000000304e+02 1.437949979999999925e+02
5.413989870000000337e+02 2.545549929999999961e+02
6.008590090000000146e+02 2.354219970000000046e+02
6.203980099999999993e+02 2.212669980000000010e+02
6.477239990000000489e+02 7.080200200000000166e+01
6.179810179999999491e+02 1.869850010000000111e+02
6.452719730000000027e+02 8.961499799999999993e+01
5.712390139999999974e+02 1.042549970000000030e+02
6.013040160000000469e+02 8.780500000000000682e+01
5.606129760000000033e+02 2.003130040000000065e+02
5.719970090000000482e+02 1.852550050000000113e+02
5.523319699999999557e+02 1.707649989999999889e+02
6.047349850000000515e+02 1.508609920000000102e+02
6.266710209999999961e+02 2.549949949999999887e+02
6.122509770000000344e+02 2.192469940000000008e+02
6.457260129999999663e+02 1.690950009999999963e+02
5.357680050000000165e+02 8.793199900000000468e+01
5.971229859999999690e+02 2.519969940000000008e+02
6.097009890000000496e+02 1.712270049999999912e+02
6.074160160000000133e+02 1.883769990000000121e+02
6.024130249999999478e+02 1.942689970000000130e+02
6.565339969999999994e+02 1.271340030000000070e+02
6.050549929999999677e+02 6.533499899999999627e+01
6.271959839999999531e+02 2.524519960000000083e+02
6.303270260000000462e+02 1.900540009999999995e+02
6.072440189999999802e+02 1.646250000000000000e+02
6.174710079999999834e+02 1.279209979999999973e+02
6.275560299999999643e+02 1.561959990000000005e+02
6.598660280000000284e+02 1.456360019999999906e+02
6.191190189999999802e+02 2.628789980000000241e+02
5.640440059999999676e+02 1.595460050000000081e+02
6.324479979999999841e+02 1.927830050000000028e+02
5.401019900000000007e+02 2.522570039999999949e+02
5.457429809999999861e+02 1.222570039999999949e+02
6.051939700000000357e+02 1.987290040000000033e+02
6.234879760000000033e+02 2.171620029999999986e+02
6.455520020000000159e+02 1.673309940000000040e+02
6.026320190000000139e+02 2.134019930000000045e+02
5.480780029999999670e+02 2.216959990000000005e+02
6.077420039999999517e+02 1.802039949999999919e+02
5.364600219999999808e+02 2.528840030000000070e+02
6.023889769999999544e+02 7.478399699999999939e+01
6.152540279999999484e+02 2.431250000000000000e+02
6.029970090000000482e+02 2.240619959999999935e+02
6.450050049999999828e+02 1.673359989999999868e+02
5.705949709999999868e+02 2.089060059999999908e+02
6.071209720000000516e+02 2.458009950000000003e+02
5.448900149999999485e+02 2.442389980000000094e+02
6.390520020000000159e+02 1.104120029999999986e+02
6.321160280000000284e+02 9.524500299999999697e+01
5.647680050000000165e+02 6.011700100000000191e+01
6.508759770000000344e+02 1.654040070000000071e+02
6.589359739999999874e+02 1.454559940000000040e+02
6.272919920000000502e+02 2.254019930000000045e+02
6.023569949999999835e+02 7.393399800000000255e+01
6.574780269999999973e+02 7.572399900000000628e+01
6.291259770000000344e+02 1.737899930000000097e+02
5.405510249999999814e+02 2.085099950000000035e+02
5.518460079999999834e+02 1.258949970000000036e+02
6.471539920000000166e+02 2.450390010000000132e+02
6.348740229999999656e+02 1.380659939999999892e+02
6.608229979999999841e+02 1.353470000000000084e+02
6.496370239999999967e+02 8.258400000000000318e+01
6.170029909999999518e+02 2.398650049999999965e+02
5.630599979999999505e+02 1.624380040000000065e+02
5.419899900000000343e+02 1.210609970000000004e+02
5.433540040000000317e+02 1.271230010000000021e+02
6.562869869999999537e+02 2.291519930000000045e+02
6.111790160000000469e+02 2.347669980000000010e+02
5.480239870000000337e+02 1.954929960000000051e+02
6.251049799999999550e+02 2.269519960000000083e+02
6.458590090000000146e+02 9.037599899999999309e+01
5.539970090000000482e+02 1.710330050000000028e+02
6.181950070000000323e+02 1.326380000000000052e+02
5.630170289999999795e+02 6.269599900000000048e+01
6.422410280000000284e+02 1.766109920000000102e+02
6.099450070000000323e+02 1.586529999999999916e+02
6.371589969999999994e+02 7.338099699999999359e+01
5.657150269999999637e+02 1.395650019999999927e+02
5.348189700000000357e+02 2.198950040000000001e+02
6.329689939999999524e+02 2.619540099999999825e+02
5.600000000000000000e+02 4.034400200000000325e+01
5.560170289999999795e+02 1.290359950000000140e+02
5.597039790000000039e+02 1.337500000000000000e+02
6.763170169999999644e+02 1.720039979999999957e+02
5.360980220000000145e+02 1.498189999999999884e+02
6.338690189999999802e+02 1.882590030000000070e+02
6.509140009999999847e+02 2.148880000000000052e+02
5.521140139999999974e+02 1.747740019999999959e+02
5.653909909999999854e+02 1.624199979999999925e+02
6.204140009999999847e+02 9.215000200000000063e+01
6.283900149999999485e+02 8.857499699999999621e+01
5.407050169999999980e+02 2.254199979999999925e+02
6.506259770000000344e+02 7.438400300000000698e+01
5.552180180000000291e+02 1.556979980000000126e+02
6.072410280000000284e+02 2.595570069999999987e+02
6.529739990000000489e+02 1.986020049999999912e+02
6.026989750000000186e+02 1.402100069999999903e+02
6.090599979999999505e+02 2.261659999999999968e+02
6.021840210000000297e+02 6.496399700000000621e+01
6.022689820000000509e+02 1.088820039999999949e+02
6.589039920000000166e+02 3.254700100000000162e+01
6.045560299999999643e+02 2.207899930000000097e+02
6.430419920000000502e+02 1.022490010000000069e+02
5.757999879999999848e+02 1.450809940000000040e+02
6.595319819999999709e+02 5.280300100000000185e+01
6.460059810000000198e+02 1.018590010000000063e+02
6.312290040000000317e+02 2.347640079999999898e+02
6.599730220000000145e+02 9.918800400000000650e+01
6.305150149999999485e+02 8.143900299999999959e+01
6.440339969999999994e+02 1.720099950000000035e+02
6.018010249999999814e+02 1.264189989999999995e+02
5.407280269999999973e+02 1.542180020000000127e+02
6.216489870000000337e+02 2.203809970000000078e+02
5.422609860000000026e+02 1.213229979999999983e+02
5.896489870000000337e+02 2.624140009999999847e+02
6.028870239999999967e+02 2.383130040000000065e+02
6.207219850000000179e+02 1.693060000000000116e+02
6.541760249999999814e+02 1.688520049999999912e+02
6.528309940000000324e+02 2.022700040000000001e+02
6.487440189999999802e+02 2.396759950000000003e+02
6.507130130000000463e+02 7.252400199999999586e+01
6.324819949999999835e+02 2.669989929999999845e+02
6.027059940000000324e+02 2.432160030000000006e+02
6.106170039999999517e+02 1.671900019999999927e+02
6.446380000000000337e+02 1.022099989999999963e+02
5.714210209999999961e+02 1.536280059999999992e+02
6.088489990000000489e+02 2.483070069999999987e+02
5.688079830000000356e+02 1.671829989999999952e+02
6.434199830000000020e+02 1.756239930000000129e+02
6.566480099999999993e+02 1.236179960000000051e+02
6.585230099999999993e+02 1.253389970000000062e+02
5.701350099999999657e+02 1.813159939999999892e+02
5.672180180000000291e+02 1.461380000000000052e+02
5.419559940000000324e+02 1.256139979999999952e+02
6.233720090000000482e+02 1.125619959999999935e+02
5.381950070000000323e+02 1.299590000000000032e+02
5.512219850000000179e+02 1.010630040000000065e+02
6.140349730000000363e+02 2.124389950000000056e+02
6.379689939999999524e+02 2.119830019999999990e+02
6.152750240000000304e+02 2.525899960000000135e+02
6.272700200000000450e+02 1.546109920000000102e+02
6.568969730000000027e+02 1.856690059999999960e+02
5.504270020000000159e+02 1.407030029999999954e+02
6.294149780000000192e+02 1.145479969999999952e+02
6.387310179999999491e+02 1.834720000000000084e+02
6.243720090000000482e+02 1.325070039999999949e+02
6.150629880000000185e+02 2.223150019999999927e+02
6.469249879999999848e+02 1.817709959999999967e+02
6.232630000000000337e+02 1.849720000000000084e+02
6.384910280000000284e+02 2.634580080000000066e+02
6.436970209999999497e+02 2.338200070000000039e+02
6.514660030000000006e+02 2.125370029999999986e+02
5.551560060000000476e+02 1.401289979999999957e+02
6.039329830000000356e+02 2.190299990000000037e+02
6.110620119999999815e+02 2.367870029999999986e+02
6.279240109999999504e+02 2.033280029999999954e+02
6.309619750000000522e+02 1.642680049999999881e+02
5.575750120000000152e+02 1.951739959999999883e+02
6.257349850000000515e+02 1.297599950000000035e+02
6.468150020000000495e+02 1.325099950000000035e+02
6.447700200000000450e+02 1.298549959999999999e+02
5.592630000000000337e+02 1.436040040000000033e+02
5.373690189999999802e+02 1.354049990000000037e+02
6.459910280000000284e+02 7.643599700000000041e+01
5.503839719999999716e+02 1.391810000000000116e+02
5.670289920000000166e+02 1.555639950000000056e+02
6.265900269999999637e+02 2.258930049999999881e+02
6.451439820000000509e+02 1.002360000000000042e+02
6.035859990000000153e+02 2.244490049999999997e+02
6.420659789999999703e+02 2.003419949999999972e+02
5.720380249999999478e+02 1.959700009999999963e+02
5.518709720000000516e+02 1.639629970000000014e+02
6.112979739999999538e+02 1.689459990000000005e+02
6.254439700000000357e+02 1.455469970000000046e+02
5.466049799999999550e+02 1.516499939999999924e+02
6.267379760000000033e+02 1.528939970000000130e+02
6.106220090000000482e+02 1.763430020000000127e+02
5.365949709999999868e+02 2.437189940000000092e+02
5.520280149999999821e+02 6.516899899999999946e+01
5.646229859999999690e+02 3.900099900000000019e+01
6.465360110000000304e+02 1.138880000000000052e+02
6.166710209999999961e+02 1.578000030000000038e+02
5.410889889999999696e+02 2.498480069999999955e+02
6.432509770000000344e+02 1.789609989999999868e+02
5.506920169999999644e+02 2.143189999999999884e+02
6.396079710000000205e+02 1.234260029999999944e+02
6.299660030000000006e+02 1.180339969999999994e+02
6.260529790000000503e+02 2.208049929999999961e+02
6.502949830000000020e+02 1.775630040000000065e+02
6.340399780000000192e+02 1.413979950000000088e+02
6.390759890000000496e+02 1.818309940000000040e+02
6.463709720000000516e+02 1.125770030000000048e+02
6.343820190000000139e+02 1.330319979999999873e+02
5.690369869999999537e+02 1.896369929999999897e+02
5.723020020000000159e+02 2.058289949999999919e+02
6.452949830000000020e+02 1.052929989999999947e+02
6.164089969999999994e+02 2.418829959999999915e+02
5.607990109999999504e+02 1.368829959999999915e+02
5.907860110000000304e+02 2.599010010000000079e+02
6.205869750000000522e+02 9.295799999999999841e+01
6.390499879999999848e+02 1.204909969999999930e+02
6.393200070000000323e+02 1.413399960000000135e+02
5.542719730000000027e+02 2.350850069999999903e+02
6.463599850000000515e+02 1.572940059999999960e+02
5.978969730000000027e+02 2.527960050000000081e+02
6.136599730000000363e+02 1.961659999999999968e+02
6.239819949999999835e+02 2.256929930000000013e+02
5.583859860000000026e+02 1.813950040000000001e+02
6.143449709999999868e+02 3.615499899999999656e+01
6.336250000000000000e+02 2.337709959999999967e+02
6.192910160000000133e+02 1.697769930000000045e+02
6.353090210000000297e+02 1.528110049999999944e+02
5.577080079999999498e+02 1.438079989999999952e+02
5.633959959999999683e+02 1.549519960000000083e+02
6.408439939999999524e+02 2.273040009999999995e+02
5.499199830000000020e+02 2.378820039999999949e+02
6.279110110000000304e+02 2.230119929999999897e+02
6.091680300000000443e+02 2.450700070000000039e+02
5.418880000000000337e+02 1.451810000000000116e+02
6.284439700000000357e+02 1.180149990000000031e+02
6.136539920000000166e+02 2.175760040000000117e+02
5.640620119999999815e+02 1.500910030000000006e+02
6.512390139999999974e+02 1.717709959999999967e+02
6.505579830000000356e+02 9.282399700000000564e+01
5.571550290000000132e+02 1.538209990000000005e+02
6.022500000000000000e+02 5.337699899999999786e+01
6.352869869999999537e+02 9.220500199999999325e+01
6.400490109999999504e+02 1.093639979999999952e+02
5.522960209999999961e+02 1.130739970000000056e+02
6.012160030000000006e+02 1.189550019999999932e+02
6.139030149999999821e+02 2.386360019999999906e+02
6.157579960000000483e+02 1.840030059999999992e+02
6.136060179999999491e+02 2.221040040000000033e+02
6.314160160000000133e+02 1.857969970000000046e+02
6.244229739999999538e+02 2.059159999999999968e+02
5.923690189999999802e+02 2.494649960000000135e+02
6.511320190000000139e+02 1.742019960000000083e+02
6.544219970000000330e+02 2.313769990000000121e+02
6.305939939999999524e+02 1.009970019999999948e+02
6.398469850000000179e+02 1.460729980000000126e+02
5.642180180000000291e+02 1.543099980000000073e+02
6.078670039999999517e+02 2.579790039999999749e+02
6.230869750000000522e+02 2.216529999999999916e+02
5.655739750000000186e+02 2.198829959999999915e+02
6.254520260000000462e+02 1.479290009999999995e+02
5.546040040000000317e+02 1.564980009999999879e+02
6.579260249999999814e+02 1.109159999999999968e+02
6.154140009999999847e+02 1.703710020000000043e+02
6.427500000000000000e+02 1.269199980000000068e+02
6.504349979999999505e+02 1.694429930000000013e+02
6.393099979999999505e+02 1.126920010000000048e+02
6.292030029999999670e+02 1.504230039999999917e+02
5.491279909999999518e+02 1.941620029999999986e+02
6.343229979999999841e+02 1.517519990000000121e+02
5.461500240000000304e+02 2.026970059999999876e+02
6.121229859999999690e+02 1.630350039999999865e+02
6.205339969999999994e+02 1.640189970000000130e+02
5.445230099999999993e+02 2.032469940000000008e+02
6.438880000000000337e+02 9.006099700000000041e+01
6.186389769999999544e+02 1.439609989999999868e+02
6.377139889999999696e+02 1.226060030000000012e+02
5.644030149999999821e+02 2.017369999999999948e+02
5.374569699999999557e+02 2.318009950000000003e+02
5.479470209999999497e+02 2.189869999999999948e+02
6.360460209999999961e+02 1.816119999999999948e+02
6.505540160000000469e+02 1.719120029999999986e+02
