1.836490019999999959e+02 6.968599700000000041e+01
3.431470029999999838e+02 9.447899599999999509e+01
2.493540040000000033e+02 1.831139980000000094e+02
1.828200070000000039e+02 2.628599849999999947e+02
3.314790039999999749e+02 1.584730069999999955e+02
1.862359920000000102e+02 2.485540009999999995e+02
1.827799990000000037e+02 1.380099950000000035e+02
1.838450009999999963e+02 2.540689999999999884e+02
2.581090090000000146e+02 2.701379999999999768e+02
1.841589969999999994e+02 1.813939970000000130e+02
2.460429990000000089e+02 1.408060000000000116e+02
1.977070009999999911e+02 2.695559999999999832e+02
3.444819949999999835e+02 1.061350020000000001e+02
2.135440059999999960e+02 2.632900000000000063e+01
1.842429960000000051e+02 2.692749939999999924e+02
1.895919949999999972e+02 1.830370029999999986e+02
1.991950070000000039e+02 1.136719970000000046e+02
1.828060000000000116e+02 1.774389950000000056e+02
2.948909909999999854e+02 2.706679990000000089e+02
3.480840150000000222e+02 2.562980039999999917e+02
3.211040039999999749e+02 2.330400099999999952e+01
1.882790070000000071e+02 3.778699900000000156e+01
3.415289920000000166e+02 4.710800199999999904e+01
1.830480039999999917e+02 1.652500000000000000e+02
2.517149960000000135e+02 1.827890010000000132e+02
2.209609989999999868e+02 2.698389890000000264e+02
3.374639890000000264e+02 1.836490019999999959e+02
1.883930049999999881e+02 2.468060000000000116e+02
3.080859990000000153e+02 1.832909999999999968e+02
3.348649899999999775e+02 2.502200009999999963e+02
2.371750030000000038e+02 1.829530029999999954e+02
2.969700010000000248e+02 2.460260010000000079e+02
3.275589899999999943e+02 1.110130000000000052e+02
3.481040039999999749e+02 2.686929930000000013e+02
3.431010130000000231e+02 1.280840000000000032e+02
2.723689880000000016e+02 3.091000000000000014e+01
2.737869870000000105e+02 1.711629939999999976e+02
3.311390079999999898e+02 2.700790099999999825e+02
2.316490019999999959e+02 6.466300200000000586e+01
2.332129970000000014e+02 1.816549990000000037e+02
1.927189940000000092e+02 6.834400200000000325e+01
3.316480099999999993e+02 1.004690020000000032e+02
1.831230009999999879e+02 8.673999799999999993e+01
2.299830019999999990e+02 2.707529910000000086e+02
2.609790039999999749e+02 2.703519900000000007e+02
1.842230069999999955e+02 2.688699950000000172e+02
2.034439999999999884e+02 2.442230069999999955e+02
3.232090150000000222e+02 1.114769969999999972e+02
2.713580019999999990e+02 2.691069949999999835e+02
2.893299870000000169e+02 2.691220089999999914e+02
1.846159969999999930e+02 1.550679930000000013e+02
1.826289979999999957e+02 1.158980030000000028e+02
2.974020080000000235e+02 2.462830050000000028e+02
3.470270080000000235e+02 2.694840090000000146e+02
2.583389890000000264e+02 1.402619929999999897e+02
2.874370119999999815e+02 2.446999969999999962e+02
3.317539980000000241e+02 1.788679960000000051e+02
1.954839939999999956e+02 2.687380069999999819e+02
2.495840000000000032e+02 1.401670070000000123e+02
3.191929930000000013e+02 7.049099699999999302e+01
3.418169859999999858e+02 6.224000199999999694e+01
2.348639980000000094e+02 2.445919949999999972e+02
2.251100010000000111e+02 1.409149930000000097e+02
3.261040039999999749e+02 1.889320069999999987e+02
2.385670010000000048e+02 2.707659909999999854e+02
1.826419980000000010e+02 1.105500030000000038e+02
3.133510130000000231e+02 6.893099999999999739e+01
3.030729979999999841e+02 1.830149989999999889e+02
2.685509950000000003e+02 2.695969850000000179e+02
2.423589939999999956e+02 2.705450129999999831e+02
1.836380000000000052e+02 1.390079959999999915e+02
3.224819949999999835e+02 2.902100000000000080e+01
3.310610050000000228e+02 1.467070009999999911e+02
3.304989929999999845e+02 1.064410019999999975e+02
1.832720030000000122e+02 7.711299900000000207e+01
2.888070069999999987e+02 2.450809940000000040e+02
2.052689970000000130e+02 1.385740049999999997e+02
1.835249939999999924e+02 1.681710050000000081e+02
3.064800109999999904e+02 1.403950040000000001e+02
3.324280089999999745e+02 2.524709929999999929e+02
3.038429869999999937e+02 1.393869929999999897e+02
3.298970029999999838e+02 1.719329989999999952e+02
3.307500000000000000e+02 9.846499599999999930e+01
1.972290040000000033e+02 2.440200040000000001e+02
2.601210019999999759e+02 1.766999969999999962e+02
1.832790070000000071e+02 8.050399799999999573e+01
2.305240019999999959e+02 1.405119929999999897e+02
2.113880000000000052e+02 2.671430050000000165e+02
3.371589969999999994e+02 6.688999900000000309e+01
3.000589899999999943e+02 1.327359920000000102e+02
3.308210139999999910e+02 1.742779999999999916e+02
2.353399960000000135e+02 2.637199999999999989e+01
3.002550049999999828e+02 6.995099600000000351e+01
3.411789860000000090e+02 2.707049870000000169e+02
3.092900089999999977e+02 6.868699599999999350e+01
2.813900150000000053e+02 2.677690119999999752e+02
2.006979980000000126e+02 1.398459929999999929e+02
3.009830019999999990e+02 1.820709990000000005e+02
2.888299870000000169e+02 1.414940029999999922e+02
2.428480069999999955e+02 2.461869959999999935e+02
3.062590030000000070e+02 2.694530030000000238e+02
1.961109920000000102e+02 1.127360000000000042e+02
2.007160030000000006e+02 2.132109989999999868e+02
3.363359990000000153e+02 2.528150019999999927e+02
1.996459959999999967e+02 2.210119929999999897e+02
3.204079899999999839e+02 7.172299999999999898e+01
1.834109950000000140e+02 1.436690059999999960e+02
1.856179960000000051e+02 1.056490019999999959e+02
3.472009889999999928e+02 2.606090090000000146e+02
3.315840150000000222e+02 1.043659969999999930e+02
2.941250000000000000e+02 2.692080080000000066e+02
3.306289980000000241e+02 1.732200009999999963e+02
1.876519930000000045e+02 2.479230039999999917e+02
1.845540009999999995e+02 1.575260010000000079e+02
2.526510010000000079e+02 1.811269990000000121e+02
2.935880129999999895e+02 1.129619979999999941e+02
1.847649989999999889e+02 9.753399699999999939e+01
3.478299870000000169e+02 2.619140009999999847e+02
2.563219910000000255e+02 1.765619959999999935e+02
2.567510070000000155e+02 1.768489989999999921e+02
1.847230069999999955e+02 7.617800099999999475e+01
2.024850010000000111e+02 1.833220059999999876e+02
3.289289860000000090e+02 1.428439940000000092e+02
3.462659909999999854e+02 2.683859860000000026e+02
1.885240019999999959e+02 1.399400019999999927e+02
1.896799929999999961e+02 2.469129939999999976e+02
3.223720089999999914e+02 3.472000100000000344e+01
2.629190060000000244e+02 3.331100099999999742e+01
3.306400150000000053e+02 1.593229980000000126e+02
3.031789860000000090e+02 2.692170100000000161e+02
2.700979919999999765e+02 1.394720000000000084e+02
2.378549959999999999e+02 2.455050050000000113e+02
2.514279940000000124e+02 6.834200300000000539e+01
3.006539920000000166e+02 5.842399999999999949e+01
3.021740110000000072e+02 5.422499799999999937e+01
2.297129970000000014e+02 2.705549930000000245e+02
3.305060119999999984e+02 1.327989959999999883e+02
2.847699890000000096e+02 6.956500200000000689e+01
3.195020139999999742e+02 2.690620119999999815e+02
1.904830019999999990e+02 6.848100300000000118e+01
2.944540099999999825e+02 1.821730039999999917e+02
3.164620059999999739e+02 6.996600300000000061e+01
2.475659939999999892e+02 1.133700029999999970e+02
2.571130069999999819e+02 1.138929980000000057e+02
3.305390009999999847e+02 1.646320039999999949e+02
2.702890009999999847e+02 1.414470059999999876e+02
2.176589969999999994e+02 1.940059970000000078e+02
2.170989989999999921e+02 2.659939880000000016e+02
2.621870119999999815e+02 1.220080030000000022e+02
3.224469910000000255e+02 2.448300020000000075e+02
2.127079929999999877e+02 2.662330019999999990e+02
1.849519960000000083e+02 1.490899960000000135e+02
1.866060029999999870e+02 2.688059999999999832e+02
2.585230099999999993e+02 2.687929990000000089e+02
2.172259980000000041e+02 1.162860029999999938e+02
2.334340060000000108e+02 4.208900100000000322e+01
2.692709960000000251e+02 1.633419949999999972e+02
1.880310059999999908e+02 1.065019989999999979e+02
2.169069979999999873e+02 1.143430019999999985e+02
2.912390139999999974e+02 2.675669859999999858e+02
2.553179930000000013e+02 5.833100100000000054e+01
3.017229919999999765e+02 1.051780009999999947e+02
2.628229979999999841e+02 2.286699979999999925e+02
3.270090030000000070e+02 6.038600199999999774e+01
2.457530059999999992e+02 2.696619870000000105e+02
2.615169980000000010e+02 2.438209990000000005e+02
2.161529999999999916e+02 1.325160060000000044e+02
2.931199950000000172e+02 1.399940029999999922e+02
3.145679930000000013e+02 1.052050019999999932e+02
3.145310059999999908e+02 7.015300000000000580e+01
2.830280149999999821e+02 1.440529940000000124e+02
3.228989869999999769e+02 2.456710050000000081e+02
3.027950129999999831e+02 2.666300049999999828e+02
3.215079959999999915e+02 2.415119929999999897e+02
3.376250000000000000e+02 7.840200000000000102e+01
2.726700129999999831e+02 4.907899900000000315e+01
3.307879940000000261e+02 1.800820009999999911e+02
3.311570130000000063e+02 1.776289979999999957e+02
2.729920040000000085e+02 1.883480069999999955e+02
3.122869870000000105e+02 1.119950029999999970e+02
2.718210139999999910e+02 1.856210020000000043e+02
2.166150049999999965e+02 3.784400200000000325e+01
2.341239930000000129e+02 2.692999879999999848e+02
2.800719910000000255e+02 1.916779940000000124e+02
2.856109920000000102e+02 1.161959990000000005e+02
2.166470030000000122e+02 2.393959959999999967e+02
1.900119929999999897e+02 1.816770019999999874e+02
3.268890079999999898e+02 1.815679930000000013e+02
1.904239959999999883e+02 6.963300300000000220e+01
3.218500060000000076e+02 1.829400019999999927e+02
3.243909909999999854e+02 1.082269969999999972e+02
3.411659849999999778e+02 2.564899899999999775e+02
2.935190119999999752e+02 7.066300200000000586e+01
2.510279999999999916e+02 1.802440029999999922e+02
1.973769990000000121e+02 2.559429930000000013e+02
3.225029910000000086e+02 1.373760069999999871e+02
2.395520019999999874e+02 6.919200100000000475e+01
3.312319949999999835e+02 7.746800199999999847e+01
2.562279970000000162e+02 2.674870000000000232e+02
2.594240110000000072e+02 1.414810029999999870e+02
1.951569979999999873e+02 1.829530029999999954e+02
3.278309939999999756e+02 1.304669949999999972e+02
2.267010040000000117e+02 2.430689999999999884e+02
2.603779910000000086e+02 9.825099899999999309e+01
2.777309880000000248e+02 5.383499900000000338e+01
2.036089939999999956e+02 1.393289949999999919e+02
2.538670040000000085e+02 2.400229950000000088e+02
2.748559880000000248e+02 1.823249969999999962e+02
2.170540009999999995e+02 1.306260069999999871e+02
3.287529910000000086e+02 1.809340060000000108e+02
2.268480069999999955e+02 4.091700000000000159e+01
1.866159969999999930e+02 9.793900299999999959e+01
2.700539860000000090e+02 2.678659969999999930e+02
2.599689940000000092e+02 6.807199900000000525e+01
3.302600100000000225e+02 1.746950070000000039e+02
2.724530030000000238e+02 4.191500099999999662e+01
3.315390009999999847e+02 6.870900000000000318e+01
1.852740019999999959e+02 1.764620060000000024e+02
2.676359860000000026e+02 1.681360019999999906e+02
1.948280029999999954e+02 1.392090000000000032e+02
2.376549990000000037e+02 5.486800000000000210e+01
3.283429869999999937e+02 1.698899989999999889e+02
3.217909849999999778e+02 3.611500199999999694e+01
3.255409849999999778e+02 2.504980009999999879e+02
2.624970089999999914e+02 9.638600200000000484e+01
1.948320009999999911e+02 2.467319950000000119e+02
2.462550050000000113e+02 1.442180020000000127e+02
2.718099980000000073e+02 1.218499979999999994e+02
3.139599910000000023e+02 1.120550000000000068e+02
1.863379970000000014e+02 1.611049959999999999e+02
3.291099849999999947e+02 2.667590030000000070e+02
2.744079899999999839e+02 1.583049929999999961e+02
1.952960050000000081e+02 6.895799999999999841e+01
3.142720029999999838e+02 1.403040009999999995e+02
2.000359950000000140e+02 5.674900099999999981e+01
2.643280030000000238e+02 2.251289979999999957e+02
2.365700070000000039e+02 1.108030009999999947e+02
2.332920070000000123e+02 6.952899899999999889e+01
2.605790099999999825e+02 2.320639950000000056e+02
3.093879999999999768e+02 2.543249969999999962e+02
1.835590060000000108e+02 1.754620060000000024e+02
3.159320069999999987e+02 1.819669949999999972e+02
2.308750000000000000e+02 2.470449979999999925e+02
2.736379999999999768e+02 1.689660030000000006e+02
2.751879880000000185e+02 1.617319950000000119e+02
2.719870000000000232e+02 2.436609950000000140e+02
2.118719940000000008e+02 1.941450040000000001e+02
2.164969940000000008e+02 2.447969970000000046e+02
2.724270020000000159e+02 1.668289949999999919e+02
2.348780059999999992e+02 1.818780059999999992e+02
2.518890079999999898e+02 6.938400300000000698e+01
2.376939999999999884e+02 1.084140009999999990e+02
3.303179930000000013e+02 9.349199699999999780e+01
2.604599910000000023e+02 2.438220059999999876e+02
2.292380070000000103e+02 1.791649930000000097e+02
3.054580080000000066e+02 3.855099899999999735e+01
2.310619959999999935e+02 6.876300000000000523e+01
2.314429930000000013e+02 1.023379970000000014e+02
2.697170100000000161e+02 1.602579959999999915e+02
2.167570039999999949e+02 1.941889950000000056e+02
3.010650019999999927e+02 7.201399999999999579e+01
3.307900089999999977e+02 1.012860029999999938e+02
3.407529910000000086e+02 2.667940060000000244e+02
2.071759950000000003e+02 2.106950070000000039e+02
3.050409849999999778e+02 2.504980009999999879e+02
2.405789949999999919e+02 2.096450040000000001e+02
2.148090060000000108e+02 1.784680020000000127e+02
2.785889890000000264e+02 6.314600000000000080e+01
2.840169980000000010e+02 2.676149899999999775e+02
3.120559999999999832e+02 7.065200000000000102e+01
2.651350100000000225e+02 2.377319950000000119e+02
3.290339969999999994e+02 8.644599900000000048e+01
2.332440029999999922e+02 2.670039980000000241e+02
1.990590060000000108e+02 2.567739869999999769e+02
2.168899989999999889e+02 4.052999899999999656e+01
3.176210019999999759e+02 1.084130020000000059e+02
1.931479950000000088e+02 2.465700070000000039e+02
2.771870119999999815e+02 5.012300100000000214e+01
1.872989959999999883e+02 1.036800000000000068e+02
1.844559940000000040e+02 2.636340030000000070e+02
2.431300050000000113e+02 1.106159969999999930e+02
2.975369870000000105e+02 2.475399930000000097e+02
3.273890079999999898e+02 7.124900100000000691e+01
2.261049959999999999e+02 1.124670030000000054e+02
1.886849980000000073e+02 7.189700299999999800e+01
3.172030030000000238e+02 1.069820019999999943e+02
2.160700070000000039e+02 4.084700000000000131e+01
2.619779970000000162e+02 9.785199699999999723e+01
2.889800109999999904e+02 7.333499899999999627e+01
3.279620059999999739e+02 1.811260069999999871e+02
2.233829959999999915e+02 2.333379970000000014e+02
2.782600100000000225e+02 2.200039979999999957e+02
1.894089969999999994e+02 1.611329959999999915e+02
2.799840090000000146e+02 2.664559939999999756e+02
2.326750030000000038e+02 1.087300029999999964e+02
2.868599849999999947e+02 2.457689970000000130e+02
2.206450040000000001e+02 2.629719850000000179e+02
2.278220059999999876e+02 1.805010069999999871e+02
2.381390079999999898e+02 1.440959929999999929e+02
2.408009950000000003e+02 1.811779940000000124e+02
3.198779910000000086e+02 3.823199799999999726e+01
2.609370119999999815e+02 9.950599699999999359e+01
2.709179990000000089e+02 8.885500299999999640e+01
3.260369870000000105e+02 2.577529910000000086e+02
2.655299989999999752e+02 2.299120029999999986e+02
2.604570009999999911e+02 1.420279999999999916e+02
1.873950040000000001e+02 1.520989989999999921e+02
1.845249939999999924e+02 2.652629999999999768e+02
1.855820009999999911e+02 1.599810029999999870e+02
2.672929990000000089e+02 2.649639890000000264e+02
2.175079959999999915e+02 1.355939940000000092e+02
1.859439999999999884e+02 1.738470000000000084e+02
2.777810059999999908e+02 7.211299900000000207e+01
2.558159939999999892e+02 1.703390049999999860e+02
3.136189880000000016e+02 1.035400010000000037e+02
2.168890079999999898e+02 1.941999969999999962e+02
2.163419949999999972e+02 1.136689989999999995e+02
2.459329989999999952e+02 2.476939999999999884e+02
3.144739989999999921e+02 2.678890079999999898e+02
3.183229979999999841e+02 1.826430049999999881e+02
2.249929960000000051e+02 1.128769989999999979e+02
3.267080080000000066e+02 7.646499599999999930e+01
3.126919859999999858e+02 2.539799959999999999e+02
2.379570009999999911e+02 6.996600300000000061e+01
2.161340030000000070e+02 1.340740049999999997e+02
3.282590030000000070e+02 1.485820009999999911e+02
3.208429869999999937e+02 1.382279969999999878e+02
3.012449950000000172e+02 1.105210040000000049e+02
2.602919919999999934e+02 2.447989959999999883e+02
3.356359860000000026e+02 2.684330140000000142e+02
2.781170040000000085e+02 1.435879970000000014e+02
2.648980099999999993e+02 2.687449950000000172e+02
2.871870119999999815e+02 1.949750060000000076e+02
2.617959900000000175e+02 6.912100200000000427e+01
1.841750030000000038e+02 7.876799800000000573e+01
2.276430049999999881e+02 1.432250060000000076e+02
2.061309970000000078e+02 2.647489929999999845e+02
2.081600039999999865e+02 6.952899899999999889e+01
2.160379939999999976e+02 6.456900000000000261e+01
2.174819950000000119e+02 2.463609920000000102e+02
2.330760040000000117e+02 1.075350040000000007e+02
2.960799870000000169e+02 1.117929989999999947e+02
2.735140079999999898e+02 1.029929960000000051e+02
3.298210139999999910e+02 8.369300099999999532e+01
2.966619870000000105e+02 1.414320069999999987e+02
2.939179990000000089e+02 1.681069950000000119e+02
3.318070069999999987e+02 9.109200300000000539e+01
2.042559970000000078e+02 1.122610020000000048e+02
2.382760010000000079e+02 1.806430049999999881e+02
2.014859920000000102e+02 2.640849910000000023e+02
3.192370000000000232e+02 2.357039949999999919e+02
2.395720059999999876e+02 1.468009950000000003e+02
3.303410030000000006e+02 1.525639950000000056e+02
2.029920040000000085e+02 2.633970029999999838e+02
3.263609920000000102e+02 1.416490019999999959e+02
3.041990049999999997e+02 1.407460020000000043e+02
2.696770020000000159e+02 1.635440059999999960e+02
2.518959959999999967e+02 2.652130129999999895e+02
2.714549870000000169e+02 1.460720059999999876e+02
2.597470089999999914e+02 1.029469990000000053e+02
3.076189880000000016e+02 1.468780059999999992e+02
2.086959990000000005e+02 6.298700000000000188e+01
2.767860109999999736e+02 1.167750020000000006e+02
3.252810059999999908e+02 2.010870060000000024e+02
2.572640079999999898e+02 1.428070069999999987e+02
2.644370119999999815e+02 2.439770049999999912e+02
2.729540099999999825e+02 2.217400049999999965e+02
3.020339969999999994e+02 1.065159989999999937e+02
2.576770020000000159e+02 7.367900099999999952e+01
1.852740019999999959e+02 9.151000200000000007e+01
2.177010040000000117e+02 6.913099699999999359e+01
2.058840030000000070e+02 1.831929930000000013e+02
2.570650019999999927e+02 1.039179989999999947e+02
2.537239989999999921e+02 2.631180110000000241e+02
3.245419919999999934e+02 7.525499700000000303e+01
2.388240049999999997e+02 2.173659969999999930e+02
2.488200070000000039e+02 1.448899989999999889e+02
2.713269960000000083e+02 1.207990039999999965e+02
2.476349950000000035e+02 1.098850020000000001e+02
1.849049990000000037e+02 2.645679930000000013e+02
2.791199950000000172e+02 1.633320009999999911e+02
2.050939940000000092e+02 2.453359989999999868e+02
3.260889890000000264e+02 7.659400200000000325e+01
3.210530089999999745e+02 2.665010070000000155e+02
2.641440119999999752e+02 1.053750000000000000e+02
2.643020020000000159e+02 6.918399800000000255e+01
2.688089899999999943e+02 1.577420040000000085e+02
1.882389980000000094e+02 2.581470029999999838e+02
2.820549930000000245e+02 7.164199800000000096e+01
1.959060059999999908e+02 1.441889950000000056e+02
2.204159999999999968e+02 2.563510130000000231e+02
2.861329959999999915e+02 1.820399930000000097e+02
2.725369870000000105e+02 1.295370029999999986e+02
2.975069889999999759e+02 1.422590030000000070e+02
2.824660030000000006e+02 7.218199900000000468e+01
2.472640079999999898e+02 1.807680049999999881e+02
1.883260040000000117e+02 2.660299989999999752e+02
2.837070009999999911e+02 1.836860049999999944e+02
1.871699979999999925e+02 1.476300050000000113e+02
3.147200010000000248e+02 1.044000020000000006e+02
2.655360109999999736e+02 1.581300050000000113e+02
2.552400049999999965e+02 7.941000400000000070e+01
3.035849910000000023e+02 1.806289979999999957e+02
2.376909939999999892e+02 2.029129939999999976e+02
1.959060059999999908e+02 1.013799970000000030e+02
2.465549929999999961e+02 1.096070019999999943e+02
2.536280059999999992e+02 1.768269960000000083e+02
1.989409939999999892e+02 1.815030059999999992e+02
2.308970030000000122e+02 1.714830019999999990e+02
3.164790039999999749e+02 1.806959990000000005e+02
2.554550020000000075e+02 1.725509950000000003e+02
3.217049870000000169e+02 1.079469990000000053e+02
2.453150019999999927e+02 7.051799800000000573e+01
2.834880069999999819e+02 1.002490010000000069e+02
2.268520049999999912e+02 6.819100199999999745e+01
2.773840030000000070e+02 1.862230069999999955e+02
3.182650150000000053e+02 1.594799959999999999e+02
2.713550109999999904e+02 1.610480039999999917e+02
2.160659939999999892e+02 4.129099999999999682e+01
2.443280029999999954e+02 1.745209959999999967e+02
1.842250060000000076e+02 7.773600000000000421e+01
2.752500000000000000e+02 7.113899999999999579e+01
2.991319889999999759e+02 2.479880070000000103e+02
2.447599950000000035e+02 2.060980069999999955e+02
2.166959990000000005e+02 1.213600009999999969e+02
2.650859990000000153e+02 1.712400049999999965e+02
3.077219850000000179e+02 8.383899700000000621e+01
2.990050049999999828e+02 3.897999999999999687e+01
2.530689999999999884e+02 7.122499799999999937e+01
3.038139949999999772e+02 2.542120060000000024e+02
3.123869930000000181e+02 5.430499999999999972e+01
3.066310119999999984e+02 1.497039949999999919e+02
1.994470059999999876e+02 9.146499599999999930e+01
3.037579959999999915e+02 2.062949979999999925e+02
2.785849910000000023e+02 7.155899800000000255e+01
2.547909999999999968e+02 1.686109920000000102e+02
2.541629939999999976e+02 1.458569950000000119e+02
1.877619929999999897e+02 1.036009980000000041e+02
2.468359989999999868e+02 1.760440059999999960e+02
2.151260069999999871e+02 2.301150049999999965e+02
1.920899960000000135e+02 1.600399930000000097e+02
2.229369959999999935e+02 2.558480069999999955e+02
3.055000000000000000e+02 2.545529940000000124e+02
1.980220030000000122e+02 1.090039979999999957e+02
3.055580140000000142e+02 1.491399989999999889e+02
2.171130070000000103e+02 2.469940029999999922e+02
2.672940060000000244e+02 1.084189989999999995e+02
2.975979919999999765e+02 2.575830080000000066e+02
2.117180020000000127e+02 2.464909969999999930e+02
3.222799989999999752e+02 1.277969970000000046e+02
1.874190059999999960e+02 7.965499900000000366e+01
2.501620029999999986e+02 2.654809880000000248e+02
2.970119930000000181e+02 1.767489930000000129e+02
2.669700010000000248e+02 1.596990049999999997e+02
1.944069979999999873e+02 9.551399999999999579e+01
2.052050020000000075e+02 1.113059999999999974e+02
3.077550049999999828e+02 2.543659969999999930e+02
2.507369999999999948e+02 2.489850010000000111e+02
2.840520020000000159e+02 1.453600010000000111e+02
2.239140010000000132e+02 1.432689970000000130e+02
2.589570009999999911e+02 1.696959990000000005e+02
2.825509950000000003e+02 1.684969940000000008e+02
2.919119870000000105e+02 1.097559969999999936e+02
3.217609860000000026e+02 2.669339899999999943e+02
3.109739989999999921e+02 1.029380040000000065e+02
3.057319949999999835e+02 7.262400100000000691e+01
1.898119959999999935e+02 2.551280059999999992e+02
2.996459960000000251e+02 1.074619979999999941e+02
2.919960019999999759e+02 7.306099700000000041e+01
2.679760130000000231e+02 1.019150010000000037e+02
2.500709990000000005e+02 1.708029940000000124e+02
2.481970059999999876e+02 2.506710050000000081e+02
3.196629940000000261e+02 1.549869999999999948e+02
2.191690059999999960e+02 1.797059940000000040e+02
3.294920040000000085e+02 1.529450070000000039e+02
2.191490019999999959e+02 2.462019960000000083e+02
1.851289979999999957e+02 1.757339939999999956e+02
1.998269960000000083e+02 2.620190119999999752e+02
1.892350010000000111e+02 1.445890049999999860e+02
2.630310059999999908e+02 1.137429960000000051e+02
1.938540040000000033e+02 1.783350069999999903e+02
2.712439880000000016e+02 2.450590060000000108e+02
1.884629970000000014e+02 2.492449949999999887e+02
2.016889950000000056e+02 9.280400099999999952e+01
2.827449950000000172e+02 2.466280059999999992e+02
2.705320130000000063e+02 9.099199699999999780e+01
2.164170070000000123e+02 1.864479980000000126e+02
3.407269900000000007e+02 2.591470029999999838e+02
3.230360109999999736e+02 1.420489959999999883e+02
2.173439940000000092e+02 1.744669949999999972e+02
2.803829959999999915e+02 9.947100100000000111e+01
1.928090060000000108e+02 1.599730069999999955e+02
1.885449979999999925e+02 2.580679930000000013e+02
3.229590150000000222e+02 2.665820009999999911e+02
1.852239989999999921e+02 1.704010010000000079e+02
2.946730039999999917e+02 2.120720059999999876e+02
2.775780030000000238e+02 1.838289949999999919e+02
2.215149989999999889e+02 2.499129939999999976e+02
2.970209960000000251e+02 2.617919919999999934e+02
3.124920040000000085e+02 2.102469940000000008e+02
3.228779910000000086e+02 1.811770019999999874e+02
2.590060119999999984e+02 1.086859970000000004e+02
2.583540039999999749e+02 1.601060029999999870e+02
3.281560059999999908e+02 1.039309999999999974e+02
2.589249879999999848e+02 2.655199890000000096e+02
1.886179960000000051e+02 9.629900399999999649e+01
2.859169919999999934e+02 2.657730099999999993e+02
2.149159999999999968e+02 2.465440059999999960e+02
2.715329899999999839e+02 5.335599899999999707e+01
3.015620119999999815e+02 2.557510069999999871e+02
3.114200129999999831e+02 1.449989930000000129e+02
2.702269900000000007e+02 7.295500199999999325e+01
3.020440060000000244e+02 1.024309999999999974e+02
3.134960019999999759e+02 5.055799900000000235e+01
2.842330019999999990e+02 1.677290040000000033e+02
2.440059970000000078e+02 2.664030149999999821e+02
2.870260010000000079e+02 1.447920070000000123e+02
2.851140139999999974e+02 1.771190029999999922e+02
2.213569950000000119e+02 2.573129880000000185e+02
1.888150019999999927e+02 1.588860019999999906e+02
3.091019900000000007e+02 2.567760010000000079e+02
2.982919919999999934e+02 7.251799800000000573e+01
1.960220030000000122e+02 2.505240019999999959e+02
2.203829959999999915e+02 9.903800200000000586e+01
1.868730009999999879e+02 1.742129970000000014e+02
2.648630069999999819e+02 9.804099999999999682e+01
3.243710019999999759e+02 1.569060059999999908e+02
2.738179930000000013e+02 1.666029969999999878e+02
2.462109989999999868e+02 2.570039980000000241e+02
3.271979979999999841e+02 8.418199900000000468e+01
2.564490049999999997e+02 1.561810000000000116e+02
3.225679930000000013e+02 2.035529940000000124e+02
3.077170100000000161e+02 1.805780029999999954e+02
2.600799870000000169e+02 8.464900199999999586e+01
2.723059999999999832e+02 1.628549959999999999e+02
3.041189880000000016e+02 1.415639950000000056e+02
2.127100069999999903e+02 1.806649930000000097e+02
3.092659909999999854e+02 2.555449979999999925e+02
2.771889949999999772e+02 1.626100010000000111e+02
2.471280059999999992e+02 2.636120000000000232e+02
2.825769960000000083e+02 1.119339980000000025e+02
2.777210079999999834e+02 2.559499969999999962e+02
2.598550109999999904e+02 1.061530000000000058e+02
1.937559970000000078e+02 1.789210050000000081e+02
2.245529940000000124e+02 1.721640010000000132e+02
2.392550050000000113e+02 2.281320039999999949e+02
2.140399930000000097e+02 1.100879970000000014e+02
3.259270020000000159e+02 1.005490039999999965e+02
2.320579989999999952e+02 2.521990049999999997e+02
3.247760010000000079e+02 4.739799899999999866e+01
3.178200069999999755e+02 8.037300100000000214e+01
3.103510130000000231e+02 2.651400150000000053e+02
1.944709929999999929e+02 1.573869929999999897e+02
2.789989929999999845e+02 2.641449890000000096e+02
1.958410030000000006e+02 2.590899959999999851e+02
2.358619999999999948e+02 1.068190000000000026e+02
2.677900089999999977e+02 2.585459900000000175e+02
3.295339969999999994e+02 1.766170040000000085e+02
3.125589899999999943e+02 1.444340060000000108e+02
3.009249879999999848e+02 9.769000200000000689e+01
1.967299959999999999e+02 2.634479979999999841e+02
2.417689970000000130e+02 1.068669969999999978e+02
2.304159999999999968e+02 1.567429960000000051e+02
2.050140079999999898e+02 1.819980009999999879e+02
3.256329959999999915e+02 2.671369930000000181e+02
2.965429990000000089e+02 2.645190119999999752e+02
2.410749969999999962e+02 1.466679990000000089e+02
3.210029910000000086e+02 2.240240019999999959e+02
2.222160030000000006e+02 2.627739869999999769e+02
3.068030089999999745e+02 2.615140079999999898e+02
1.992330019999999990e+02 2.598940119999999752e+02
2.182790070000000071e+02 1.857590030000000070e+02
2.168670040000000085e+02 8.575099899999999309e+01
2.743020020000000159e+02 2.454439999999999884e+02
1.904100039999999865e+02 1.448390049999999860e+02
2.335050050000000113e+02 1.032580030000000022e+02
3.270700069999999755e+02 1.457500000000000000e+02
3.213089899999999943e+02 2.135910030000000006e+02
3.375440060000000244e+02 2.557570039999999949e+02
2.522140049999999860e+02 9.057299799999999834e+01
2.869089969999999994e+02 1.549859920000000102e+02
2.382319950000000119e+02 1.557109989999999868e+02
3.092319949999999835e+02 2.603800049999999828e+02
2.014159999999999968e+02 1.407039949999999919e+02
2.599960019999999759e+02 1.572709959999999967e+02
2.513609920000000102e+02 1.722369999999999948e+02
2.308159939999999892e+02 1.744989930000000129e+02
3.179450069999999755e+02 8.276200099999999793e+01
1.957510069999999871e+02 2.583640139999999974e+02
1.958340000000000032e+02 1.078469999999999942e+02
2.475959929999999929e+02 1.527929990000000089e+02
2.692260130000000231e+02 9.485700199999999427e+01
2.448650049999999965e+02 1.448379970000000014e+02
2.787919919999999934e+02 1.695140079999999898e+02
2.065870060000000024e+02 1.827579959999999915e+02
3.006849980000000073e+02 2.647609860000000026e+02
2.369389950000000056e+02 9.654699700000000462e+01
2.470440059999999960e+02 8.266300200000000586e+01
3.298659969999999930e+02 9.970200300000000482e+01
2.378890079999999898e+02 2.514720000000000084e+02
1.926979980000000126e+02 1.588800050000000113e+02
2.133419949999999972e+02 9.447100100000000111e+01
2.772420040000000085e+02 1.828489989999999921e+02
3.112940060000000244e+02 1.431849980000000073e+02
1.917859950000000140e+02 1.735409999999999968e+02
2.802590030000000070e+02 2.603819889999999759e+02
1.953459929999999929e+02 1.603639980000000094e+02
3.159280089999999745e+02 2.567690119999999752e+02
2.435110019999999906e+02 7.138500200000000007e+01
3.003259889999999928e+02 8.710199699999999723e+01
2.457250060000000076e+02 1.765500030000000038e+02
2.760249939999999924e+02 8.363700099999999793e+01
2.173979950000000088e+02 4.242300000000000182e+01
2.584739989999999921e+02 2.486250000000000000e+02
2.489640049999999860e+02 8.342299699999999518e+01
3.075440060000000244e+02 8.625599699999999359e+01
2.331909939999999892e+02 7.116000400000000070e+01
3.158640139999999974e+02 1.488630070000000103e+02
3.155010070000000155e+02 1.420030059999999992e+02
2.372090000000000032e+02 7.201899699999999882e+01
3.265759889999999928e+02 9.397699699999999723e+01
2.534100039999999865e+02 1.111139979999999952e+02
2.838680110000000241e+02 8.479299899999999468e+01
2.107039949999999919e+02 2.495749969999999962e+02
3.187919919999999934e+02 7.306600199999999745e+01
1.905339969999999994e+02 1.719279940000000124e+02
2.723900150000000053e+02 1.656929930000000013e+02
2.335359950000000140e+02 2.485299990000000037e+02
1.935059970000000078e+02 2.593070069999999987e+02
2.778940119999999752e+02 1.602259980000000041e+02
2.048110049999999944e+02 7.048300199999999904e+01
2.770820009999999911e+02 2.028869929999999897e+02
2.191349950000000035e+02 1.398809970000000078e+02
2.758269960000000083e+02 7.823100300000000118e+01
2.839330140000000142e+02 2.589909969999999930e+02
2.784819949999999835e+02 1.470780029999999954e+02
3.023450010000000248e+02 9.503800200000000586e+01
1.892140049999999860e+02 2.655549930000000245e+02
2.792219850000000179e+02 1.138410030000000006e+02
2.695690000000000168e+02 2.642290039999999749e+02
1.913930049999999881e+02 8.587300100000000214e+01
1.987239989999999921e+02 2.606549989999999752e+02
2.997149959999999851e+02 2.654440000000000168e+02
3.249450069999999755e+02 2.635339969999999994e+02
3.269939880000000016e+02 1.456450040000000001e+02
2.083329929999999877e+02 1.121679989999999947e+02
2.460659939999999892e+02 1.799960020000000043e+02
2.606990049999999997e+02 1.009440000000000026e+02
2.401999969999999962e+02 1.016009980000000041e+02
2.898269960000000083e+02 9.274800100000000214e+01
2.710679930000000013e+02 1.162079999999999984e+02
2.415720059999999876e+02 2.525079959999999915e+02
2.438060000000000116e+02 9.779799699999999518e+01
3.057470089999999914e+02 9.435099800000000414e+01
2.058439940000000092e+02 1.561349950000000035e+02
2.217830050000000028e+02 1.065790020000000027e+02
2.014159999999999968e+02 1.637879939999999976e+02
2.097590030000000070e+02 9.027400199999999586e+01
2.107530059999999992e+02 2.537859950000000140e+02
2.533630070000000103e+02 9.376200099999999793e+01
3.108599849999999947e+02 7.663999900000000309e+01
2.183540040000000033e+02 9.803800200000000586e+01
2.911560059999999908e+02 1.040520020000000017e+02
2.806919859999999858e+02 2.651700129999999831e+02
2.513589939999999956e+02 7.120700100000000532e+01
3.295459900000000175e+02 2.542380070000000103e+02
3.151279910000000086e+02 1.650420070000000123e+02
2.726099849999999947e+02 8.369400000000000261e+01
1.968760069999999871e+02 9.644200100000000475e+01
3.185159909999999854e+02 7.683699799999999414e+01
3.010419919999999934e+02 1.437090000000000032e+02
2.973819889999999759e+02 8.572899599999999509e+01
2.175149989999999889e+02 1.471990049999999997e+02
2.218679960000000051e+02 1.756179960000000051e+02
