5.301170039999999517e+02 2.533979950000000088e+02
3.502680050000000165e+02 2.269929960000000051e+02
4.412539980000000241e+02 1.698189999999999884e+02
4.618670040000000085e+02 4.088799999999999812e+01
5.321129760000000033e+02 1.319720000000000084e+02
4.881539920000000166e+02 1.491510010000000079e+02
3.655450129999999831e+02 2.650300000000000011e+01
4.313980099999999993e+02 6.915499900000000366e+01
4.050289920000000166e+02 1.119810030000000012e+02
5.309340210000000297e+02 9.157900200000000268e+01
5.293289790000000039e+02 3.314099900000000076e+01
4.970599980000000073e+02 2.972400100000000123e+01
4.258460079999999834e+02 7.813200399999999490e+01
5.266030269999999973e+02 6.526599899999999366e+01
5.303309940000000324e+02 2.137160030000000006e+02
3.484150089999999977e+02 1.041309969999999936e+02
4.191329959999999915e+02 1.271989970000000056e+02
4.924509889999999928e+02 1.313849950000000035e+02
5.270250240000000304e+02 1.569680020000000127e+02
3.487229919999999765e+02 2.687200010000000248e+02
4.516719969999999762e+02 4.847700100000000134e+01
5.319359739999999874e+02 8.323400100000000634e+01
3.805180050000000165e+02 2.700679930000000013e+02
4.933190000000000168e+02 1.352599950000000035e+02
3.649970089999999914e+02 2.702799989999999752e+02
4.626990049999999997e+02 1.761730039999999917e+02
5.157680050000000165e+02 2.607439880000000016e+02
3.556040039999999749e+02 2.702090150000000222e+02
4.825610050000000228e+02 4.164300200000000274e+01
5.144340210000000297e+02 2.063950040000000001e+02
5.320549929999999677e+02 1.227239990000000063e+02
4.922399899999999775e+02 1.271670000000000016e+02
4.525509950000000003e+02 2.820999899999999982e+01
4.222980039999999917e+02 1.462559970000000078e+02
4.233179930000000013e+02 1.490149989999999889e+02
4.850060119999999984e+02 2.458229980000000126e+02
5.313640139999999974e+02 1.418849950000000035e+02
4.824559939999999756e+02 4.175400199999999984e+01
5.291459959999999683e+02 2.133739930000000129e+02
4.960920100000000161e+02 2.047830050000000028e+02
4.523450010000000248e+02 1.725989989999999921e+02
4.473649899999999775e+02 1.036679989999999947e+02
4.259559939999999756e+02 7.890599799999999675e+01
3.487290039999999749e+02 2.646910100000000057e+02
5.279379880000000185e+02 3.636099999999999710e+01
4.861669919999999934e+02 1.093479999999999990e+02
4.329200129999999831e+02 1.658049929999999961e+02
4.970029910000000086e+02 1.839929960000000051e+02
5.164530029999999670e+02 2.568450010000000248e+02
4.257810059999999908e+02 2.915299999999999869e+01
4.476489869999999769e+02 1.138919980000000010e+02
3.667890009999999847e+02 2.570840150000000222e+02
4.968179930000000013e+02 3.269200099999999765e+01
4.668110050000000228e+02 3.857000000000000028e+01
4.704809880000000248e+02 1.453459929999999929e+02
4.775209960000000251e+02 2.445740049999999997e+02
3.918489989999999921e+02 6.987500000000000000e+01
4.933269960000000083e+02 1.249130020000000059e+02
5.309829710000000205e+02 1.495689999999999884e+02
4.218049930000000245e+02 9.413300300000000220e+01
5.308709720000000516e+02 2.399660030000000006e+02
4.498559880000000248e+02 9.900800300000000220e+01
3.517760010000000079e+02 2.578670040000000085e+02
4.890889890000000264e+02 2.463399960000000135e+02
5.052600100000000225e+02 1.150240019999999959e+02
5.296569819999999709e+02 2.487599950000000035e+02
4.747810059999999908e+02 3.897700100000000134e+01
5.145640260000000126e+02 2.141799929999999961e+02
4.476040039999999749e+02 5.180400099999999952e+01
5.310579830000000356e+02 2.357230069999999955e+02
4.564179990000000089e+02 1.263580019999999990e+02
4.687460019999999759e+02 2.621449890000000096e+02
3.677099910000000023e+02 2.916900100000000151e+01
4.972690119999999752e+02 2.538220059999999876e+02
4.151189880000000016e+02 1.055400010000000037e+02
3.635020139999999742e+02 1.787749939999999924e+02
3.502430110000000241e+02 1.007170030000000054e+02
4.931029970000000162e+02 2.690220029999999838e+02
4.694190060000000244e+02 1.444550020000000075e+02
4.944580080000000066e+02 1.827839969999999994e+02
4.227040099999999825e+02 1.586040040000000033e+02
4.657380069999999819e+02 2.384709929999999929e+02
4.969010010000000079e+02 2.690039980000000241e+02
4.207370000000000232e+02 1.348439940000000092e+02
4.832919919999999934e+02 2.666120000000000232e+02
5.307529909999999518e+02 2.183170010000000048e+02
4.201570130000000063e+02 1.191029970000000020e+02
5.245930180000000291e+02 2.549649960000000135e+02
4.964939880000000016e+02 1.515789949999999919e+02
3.549549870000000169e+02 1.914069979999999873e+02
4.567290039999999749e+02 1.740829929999999877e+02
4.310400089999999977e+02 6.958899700000000621e+01
3.506950069999999755e+02 2.693859860000000026e+02
4.977290039999999749e+02 1.790099950000000035e+02
4.768519900000000007e+02 1.791410060000000044e+02
4.933110050000000228e+02 1.322799990000000037e+02
3.499989929999999845e+02 2.676099849999999947e+02
3.599700010000000248e+02 1.401510010000000079e+02
4.731849980000000073e+02 2.359029999999999916e+02
5.000199890000000096e+02 1.385200040000000001e+02
4.738460079999999834e+02 1.957839969999999994e+02
4.212000120000000152e+02 2.448399900000000073e+01
5.032780149999999821e+02 4.434799999999999898e+01
4.729590150000000222e+02 1.991920010000000048e+02
4.013919980000000010e+02 2.682709960000000251e+02
5.040329899999999839e+02 2.538609920000000102e+02
4.211300049999999828e+02 4.855400099999999952e+01
3.513689880000000016e+02 2.589079899999999839e+02
5.011730039999999917e+02 2.090489959999999883e+02
4.966289980000000241e+02 1.502090000000000032e+02
4.743940119999999752e+02 9.054399899999999946e+01
4.641849980000000073e+02 2.189739989999999921e+02
5.259949950000000172e+02 1.189530029999999954e+02
5.070820009999999911e+02 1.672209929999999929e+02
4.756229860000000258e+02 4.073599999999999710e+01
4.823099980000000073e+02 2.434179990000000089e+02
5.309180300000000443e+02 1.254980010000000021e+02
5.075329899999999839e+02 4.927100000000000080e+01
4.221809999999999832e+02 1.437940059999999960e+02
4.721740110000000072e+02 2.384279940000000124e+02
4.623739929999999845e+02 1.074970019999999948e+02
5.221459959999999683e+02 4.940399899999999889e+01
5.257500000000000000e+02 9.757299799999999834e+01
3.644939880000000016e+02 5.726299999999999812e+01
3.769020080000000235e+02 2.492169949999999972e+02
4.790539860000000090e+02 1.829830019999999990e+02
4.657409969999999930e+02 4.012699899999999786e+01
4.233110050000000228e+02 2.012980039999999917e+02
3.549389949999999772e+02 1.313780059999999992e+02
5.142210079999999834e+02 1.808099980000000073e+02
4.959630129999999895e+02 1.345919949999999972e+02
4.691759950000000003e+02 2.221219940000000008e+02
4.264500120000000152e+02 5.251699800000000096e+01
4.970679930000000013e+02 3.846900200000000325e+01
5.144660030000000006e+02 1.152590030000000070e+02
3.982460019999999759e+02 2.685549930000000245e+02
3.643020020000000159e+02 2.700239869999999769e+02
3.880440060000000244e+02 6.729499800000000675e+01
4.903890079999999898e+02 4.664899799999999885e+01
3.942260130000000231e+02 1.973110049999999944e+02
4.606499939999999924e+02 8.826000200000000007e+01
3.866740110000000072e+02 2.858200100000000177e+01
5.292500000000000000e+02 7.302999900000000366e+01
4.474010010000000079e+02 5.267999999999999972e+01
3.616000060000000076e+02 2.705589899999999943e+02
5.218489990000000489e+02 4.702299899999999866e+01
4.484670100000000161e+02 1.273310010000000005e+02
5.273670039999999517e+02 1.197249979999999994e+02
4.808590090000000146e+02 2.641709900000000175e+02
5.234390260000000126e+02 1.532209929999999929e+02
3.710929869999999937e+02 2.677049870000000169e+02
5.055029910000000086e+02 1.624499969999999962e+02
4.421650089999999977e+02 6.216599999999999682e+01
4.592890009999999847e+02 1.399739989999999921e+02
3.581369930000000181e+02 2.502680049999999881e+02
5.208259890000000496e+02 9.470600100000000054e+01
4.531749879999999848e+02 2.700960079999999834e+02
4.611719969999999762e+02 2.428209990000000005e+02
3.552770080000000235e+02 7.660099800000000414e+01
5.236519779999999855e+02 1.156380000000000052e+02
4.848959960000000251e+02 2.013320009999999911e+02
5.004500120000000152e+02 1.187809979999999968e+02
5.283439939999999524e+02 2.231329959999999915e+02
3.764460139999999910e+02 2.118130040000000065e+02
4.491239929999999845e+02 1.299889980000000094e+02
3.551130069999999819e+02 1.021699980000000068e+02
5.178959959999999683e+02 5.544599900000000048e+01
4.603330080000000066e+02 8.726399999999999579e+01
3.705239869999999769e+02 2.595809939999999756e+02
4.636449890000000096e+02 2.154459990000000005e+02
3.648680110000000241e+02 2.433269960000000083e+02
3.886789860000000090e+02 1.999210050000000081e+02
4.908359990000000153e+02 1.661860049999999944e+02
5.043859860000000026e+02 1.172929989999999947e+02
5.300529790000000503e+02 2.358450009999999963e+02
5.275109860000000026e+02 9.364299800000000573e+01
4.738099980000000073e+02 1.484960020000000043e+02
4.241300049999999828e+02 9.615000200000000063e+01
5.164990229999999656e+02 1.196019969999999972e+02
4.328290099999999825e+02 1.642879939999999976e+02
3.946640009999999847e+02 2.312989959999999883e+02
5.268020020000000159e+02 9.691500100000000373e+01
4.856149899999999775e+02 9.612599899999999309e+01
3.763980099999999993e+02 2.515740049999999997e+02
5.080499879999999848e+02 5.253799800000000175e+01
4.815960079999999834e+02 1.507469940000000008e+02
4.285010070000000155e+02 1.183919980000000010e+02
3.527810059999999908e+02 2.608229979999999841e+02
4.960929869999999937e+02 2.084830019999999990e+02
5.059129940000000261e+02 1.389230039999999917e+02
4.323250120000000152e+02 4.393199899999999758e+01
3.582210079999999834e+02 2.569429930000000013e+02
4.529079899999999839e+02 1.508950040000000001e+02
5.263920289999999795e+02 2.157230069999999955e+02
4.008590090000000146e+02 2.582650150000000053e+02
5.048510130000000231e+02 2.532610019999999906e+02
4.767730099999999993e+02 2.016820069999999987e+02
4.219230039999999917e+02 1.111490019999999959e+02
3.756440119999999752e+02 2.487850039999999865e+02
4.226940000000000168e+02 2.173569950000000119e+02
4.327409969999999930e+02 2.603800049999999828e+02
3.635740049999999997e+02 2.062539979999999957e+02
4.694469910000000255e+02 2.055390010000000132e+02
3.653559880000000248e+02 1.414250030000000038e+02
4.602409969999999930e+02 2.063780059999999992e+02
5.281630249999999478e+02 2.177279969999999878e+02
5.062900089999999977e+02 1.413569950000000119e+02
4.387929990000000089e+02 7.657099900000000048e+01
5.121569819999999709e+02 1.791080019999999990e+02
5.222039790000000039e+02 2.151419980000000010e+02
4.206629940000000261e+02 1.217249979999999994e+02
3.778840030000000070e+02 2.526139980000000094e+02
5.283850099999999657e+02 1.490930020000000127e+02
5.200770260000000462e+02 2.154819950000000119e+02
5.301469730000000027e+02 1.454940029999999922e+02
4.882890009999999847e+02 1.539170070000000123e+02
5.222470090000000482e+02 2.537010040000000117e+02
3.541329959999999915e+02 2.696530149999999821e+02
3.767250060000000076e+02 2.506580050000000028e+02
5.177650149999999485e+02 1.825290070000000071e+02
5.052269900000000007e+02 9.538300300000000220e+01
3.675150150000000053e+02 2.587009889999999928e+02
5.199110110000000304e+02 1.483049929999999961e+02
5.267919920000000502e+02 1.835859989999999868e+02
5.173439939999999524e+02 2.557570039999999949e+02
4.313240049999999997e+02 2.137740019999999959e+02
4.856340030000000070e+02 4.341999799999999965e+01
5.163020020000000159e+02 9.234100300000000061e+01
4.864030149999999821e+02 1.524270019999999874e+02
3.941900019999999927e+02 1.573970030000000122e+02
4.921659849999999778e+02 8.623300199999999904e+01
5.305250240000000304e+02 2.260140079999999898e+02
4.797019960000000083e+02 2.411560059999999908e+02
3.653269960000000083e+02 1.389559940000000040e+02
4.328190000000000168e+02 2.290099950000000035e+02
4.402130129999999895e+02 1.193340000000000032e+02
5.289810179999999491e+02 7.667400399999999649e+01
4.208970029999999838e+02 1.276569980000000015e+02
4.767370000000000232e+02 8.414800300000000277e+01
3.922739869999999769e+02 2.139490049999999997e+02
5.278989870000000337e+02 7.088999900000000309e+01
4.932839969999999994e+02 1.296130070000000103e+02
4.239760130000000231e+02 1.445379939999999976e+02
4.467439880000000016e+02 1.691340030000000070e+02
3.503519900000000007e+02 2.678410030000000006e+02
5.064970089999999914e+02 1.713910060000000044e+02
5.285759890000000496e+02 9.406400299999999959e+01
4.261029970000000162e+02 1.708910060000000044e+02
5.198699950000000172e+02 5.599200100000000191e+01
4.186690060000000244e+02 2.690119930000000181e+02
4.418559880000000248e+02 1.665119929999999897e+02
4.734949950000000172e+02 4.079499799999999965e+01
5.253449709999999868e+02 2.493650049999999965e+02
4.295000000000000000e+02 1.578320009999999911e+02
3.771409909999999854e+02 3.302999899999999656e+01
5.011430050000000165e+02 1.184349979999999931e+02
4.974070130000000063e+02 2.583859860000000026e+02
4.257489929999999845e+02 8.565300000000000580e+01
3.913879999999999768e+02 2.113569950000000119e+02
4.482560119999999984e+02 2.283189999999999884e+02
5.283759770000000344e+02 1.352489930000000129e+02
5.153579710000000205e+02 1.196849979999999931e+02
5.130859990000000153e+02 5.053799800000000175e+01
4.677739869999999769e+02 2.082250060000000076e+02
4.946289980000000241e+02 9.307599600000000351e+01
5.280819699999999557e+02 2.379869999999999948e+02
4.638219910000000255e+02 1.440950009999999963e+02
4.843850100000000225e+02 2.439029999999999916e+02
3.693540039999999749e+02 7.185800199999999904e+01
3.739159849999999778e+02 2.607900089999999977e+02
3.823879999999999768e+02 1.674299929999999961e+02
3.682919919999999934e+02 2.665480039999999917e+02
4.884739989999999921e+02 8.305400099999999952e+01
5.079930110000000241e+02 2.542879939999999976e+02
3.863599849999999947e+02 2.402440029999999922e+02
5.289680180000000291e+02 1.227139970000000062e+02
5.109509889999999928e+02 1.262539979999999957e+02
3.855039980000000241e+02 2.631860050000000228e+02
4.319920040000000085e+02 5.060499999999999687e+01
4.409920040000000085e+02 6.282600000000000051e+01
5.061189880000000016e+02 9.278399699999999939e+01
4.274620059999999739e+02 2.266250000000000000e+02
4.290029910000000086e+02 8.412000299999999697e+01
4.480180050000000165e+02 1.954120029999999986e+02
4.933070069999999987e+02 2.677090150000000222e+02
4.934209900000000175e+02 1.573820039999999949e+02
5.040159909999999854e+02 1.644530029999999954e+02
4.844790039999999749e+02 2.018079989999999952e+02
4.327590030000000070e+02 7.350499700000000303e+01
5.125009770000000344e+02 1.188219990000000053e+02
4.210750120000000152e+02 1.238929980000000057e+02
4.853510130000000231e+02 1.542400049999999965e+02
4.901669919999999934e+02 1.796620029999999986e+02
5.285689700000000357e+02 1.215019989999999979e+02
3.548150019999999927e+02 2.584039920000000166e+02
5.044110109999999736e+02 1.626929930000000013e+02
5.045679930000000013e+02 1.727909999999999968e+02
4.635610050000000228e+02 8.395099600000000351e+01
5.306530149999999821e+02 1.967079929999999877e+02
4.365650019999999927e+02 6.922399900000000628e+01
5.204949950000000172e+02 6.069699899999999815e+01
4.526520080000000235e+02 1.559689940000000092e+02
4.717510070000000155e+02 6.319100199999999745e+01
4.316910100000000057e+02 1.616829989999999952e+02
4.328779910000000086e+02 2.137100069999999903e+02
4.436239929999999845e+02 2.201589969999999994e+02
4.599890139999999974e+02 4.806199999999999761e+01
4.827569889999999759e+02 1.808240049999999997e+02
4.698810119999999984e+02 1.583399960000000135e+02
5.063250120000000152e+02 2.162640079999999898e+02
3.676990049999999997e+02 1.427160030000000006e+02
4.262420040000000085e+02 1.925269930000000045e+02
5.255070190000000139e+02 1.461649930000000097e+02
4.932609860000000026e+02 5.864300200000000274e+01
5.311900020000000495e+02 8.505500000000000682e+01
4.584549870000000169e+02 1.717230069999999955e+02
4.222669980000000010e+02 1.018990019999999959e+02
4.453389890000000264e+02 5.729399899999999946e+01
4.583999939999999924e+02 2.149579929999999877e+02
4.624790039999999749e+02 7.937799800000000516e+01
4.922869870000000105e+02 1.697779999999999916e+02
4.615840150000000222e+02 7.757099900000000048e+01
4.497500000000000000e+02 1.321609950000000140e+02
4.770050049999999828e+02 1.791199949999999887e+02
3.763179930000000013e+02 1.779129939999999976e+02
5.299899900000000343e+02 8.264600400000000491e+01
3.723160100000000057e+02 3.548599999999999710e+01
3.659620059999999739e+02 2.678340150000000222e+02
4.574389949999999772e+02 1.410480039999999917e+02
4.689849849999999947e+02 1.598860019999999906e+02
4.870539860000000090e+02 2.439869999999999948e+02
3.955979919999999765e+02 2.685539860000000090e+02
3.680010070000000155e+02 2.402420040000000085e+02
5.101830140000000142e+02 1.422819979999999873e+02
4.020029910000000086e+02 2.192640079999999898e+02
5.042090150000000222e+02 5.449000199999999694e+01
4.445929869999999937e+02 1.021859970000000004e+02
4.505289920000000166e+02 7.952899899999999889e+01
4.905499879999999848e+02 1.752059940000000040e+02
4.653859860000000026e+02 2.114680020000000127e+02
5.165369869999999537e+02 9.071499599999999930e+01
4.748309939999999756e+02 2.067149960000000135e+02
5.292059940000000324e+02 1.410449979999999925e+02
4.533609920000000102e+02 1.626759950000000003e+02
4.912380069999999819e+02 8.573600000000000421e+01
3.970220029999999838e+02 2.664830019999999990e+02
5.025119930000000181e+02 1.598840030000000070e+02
4.311820069999999987e+02 5.020999900000000338e+01
4.993569949999999835e+02 1.770829929999999877e+02
4.242940060000000244e+02 9.750900300000000698e+01
3.682239989999999921e+02 8.312500000000000000e+01
4.563200069999999755e+02 8.562400100000000691e+01
4.660899959999999851e+02 1.544779969999999878e+02
5.252360230000000456e+02 2.247899930000000097e+02
4.474259950000000003e+02 5.831900000000000261e+01
4.392569889999999759e+02 7.456099700000000041e+01
4.231279910000000086e+02 1.358350069999999903e+02
4.846329959999999915e+02 2.256219940000000008e+02
4.917000120000000152e+02 2.355980069999999955e+02
5.010100100000000225e+02 5.618199899999999758e+01
4.970480039999999917e+02 8.824700199999999484e+01
5.089479979999999841e+02 2.157830050000000028e+02
4.286430050000000165e+02 1.465509950000000003e+02
4.274670100000000161e+02 1.056289979999999957e+02
5.046839899999999943e+02 1.185640029999999996e+02
5.136069949999999835e+02 1.200240019999999959e+02
4.543099980000000073e+02 5.957799899999999838e+01
3.677149959999999851e+02 2.611510010000000079e+02
4.515409849999999778e+02 2.066159969999999930e+02
5.172739870000000337e+02 9.057099900000000048e+01
4.772900089999999977e+02 8.231800099999999532e+01
4.419580080000000066e+02 1.968070069999999987e+02
4.846359860000000026e+02 2.431589969999999994e+02
4.925350040000000149e+02 5.623500099999999691e+01
3.771629940000000261e+02 1.424310000000000116e+02
5.208499759999999696e+02 7.785600300000000118e+01
4.964349980000000073e+02 1.240149990000000031e+02
4.678280030000000238e+02 1.467920070000000123e+02
5.273969730000000027e+02 7.547100100000000111e+01
4.490599980000000073e+02 9.628600299999999379e+01
4.665509950000000003e+02 5.570000100000000032e+01
4.578760070000000155e+02 5.003599899999999678e+01
5.087170100000000161e+02 1.227229999999999990e+02
3.529270020000000159e+02 2.623869930000000181e+02
5.285100099999999657e+02 1.455939940000000092e+02
5.088150019999999927e+02 5.448300199999999904e+01
5.297500000000000000e+02 9.108499899999999627e+01
5.246630249999999478e+02 2.493320009999999911e+02
4.583699950000000172e+02 8.600499700000000303e+01
4.822869870000000105e+02 7.229699700000000462e+01
5.286010129999999663e+02 8.078900099999999895e+01
4.947409969999999930e+02 1.768489989999999921e+02
5.287340090000000146e+02 1.232160030000000006e+02
3.773410030000000006e+02 2.592340090000000146e+02
5.186329960000000483e+02 2.166880040000000065e+02
4.440989989999999921e+02 7.823500099999999691e+01
4.862460019999999759e+02 4.444300100000000242e+01
4.940260010000000079e+02 1.558209990000000005e+02
4.428970029999999838e+02 1.047630000000000052e+02
4.523160100000000057e+02 9.441599999999999682e+01
4.417269900000000007e+02 2.184199979999999925e+02
5.151939700000000357e+02 2.224499969999999962e+02
5.161829830000000356e+02 8.516200299999999856e+01
4.849200129999999831e+02 2.357090000000000032e+02
4.627139890000000264e+02 4.895399900000000315e+01
3.888120119999999815e+02 2.378480069999999955e+02
5.135980220000000145e+02 2.151049959999999999e+02
4.905939940000000092e+02 2.371629939999999976e+02
5.281849979999999505e+02 2.476609950000000140e+02
3.587210079999999834e+02 2.599119870000000105e+02
4.263110050000000228e+02 1.789210050000000081e+02
5.125319819999999709e+02 2.481719970000000046e+02
4.774710079999999834e+02 1.517799990000000037e+02
4.451679990000000089e+02 1.210360029999999938e+02
4.889849849999999947e+02 4.641899899999999946e+01
4.405409849999999778e+02 1.474429930000000013e+02
5.175889889999999696e+02 5.582199899999999815e+01
5.288800049999999828e+02 8.030400099999999952e+01
4.416359860000000026e+02 6.640200000000000102e+01
3.634379880000000185e+02 2.607019960000000083e+02
5.058659969999999930e+02 1.290240019999999959e+02
3.757789920000000166e+02 2.615220029999999838e+02
5.205460209999999961e+02 1.421139980000000094e+02
5.101040039999999749e+02 1.179779970000000020e+02
4.722879940000000261e+02 6.141799900000000179e+01
5.099609990000000153e+02 8.861599699999999302e+01
4.690350040000000149e+02 1.558079989999999952e+02
5.003890079999999898e+02 1.335399930000000097e+02
4.257579959999999915e+02 1.443670040000000085e+02
5.229680180000000291e+02 8.029399899999999946e+01
4.291910100000000057e+02 1.124069980000000015e+02
4.534930110000000241e+02 7.694400000000000261e+01
5.208380130000000463e+02 2.542559970000000078e+02
4.683869930000000181e+02 1.744490049999999997e+02
5.004609990000000153e+02 1.586000060000000076e+02
4.288550109999999904e+02 1.089919969999999978e+02
4.982380069999999819e+02 1.261969990000000053e+02
4.622380069999999819e+02 7.064299800000000573e+01
3.852219850000000179e+02 1.933659969999999930e+02
5.053970029999999838e+02 1.184059979999999968e+02
4.914989929999999845e+02 1.550560000000000116e+02
5.037629999999999768e+02 1.735229950000000088e+02
3.756379999999999768e+02 2.657690119999999752e+02
5.285189820000000509e+02 2.305509950000000003e+02
5.166979979999999841e+02 1.429550020000000075e+02
3.777009889999999928e+02 4.173099899999999707e+01
4.960409849999999778e+02 1.128700029999999970e+02
4.154530030000000238e+02 2.465249939999999924e+02
4.482890009999999847e+02 1.681770019999999874e+02
5.024270020000000159e+02 2.366609950000000140e+02
3.868500060000000076e+02 2.682080080000000066e+02
4.354670100000000161e+02 7.368499799999999311e+01
4.231520080000000235e+02 1.208140029999999996e+02
3.514679869999999937e+02 2.672829899999999839e+02
4.216019900000000007e+02 1.177170030000000054e+02
4.746109920000000102e+02 2.290579989999999952e+02
5.129580079999999498e+02 2.544149930000000097e+02
4.961319889999999759e+02 1.090759960000000035e+02
3.777600100000000225e+02 2.119199979999999925e+02
4.304599910000000023e+02 8.172899599999999509e+01
4.854060059999999908e+02 1.939730069999999955e+02
4.408710019999999759e+02 1.412039949999999919e+02
4.740610050000000228e+02 8.321900200000000325e+01
4.750629880000000185e+02 1.620509950000000003e+02
4.726040039999999749e+02 4.175199899999999786e+01
4.965010070000000155e+02 4.489400100000000293e+01
4.623689880000000016e+02 1.726909939999999892e+02
3.823070069999999987e+02 1.707109989999999868e+02
3.760889890000000264e+02 2.210249939999999924e+02
5.161259770000000344e+02 1.279729999999999990e+02
4.530580140000000142e+02 1.501479950000000088e+02
4.731409909999999854e+02 2.265010069999999871e+02
4.652739869999999769e+02 2.129920040000000085e+02
5.203640139999999974e+02 2.177969970000000046e+02
4.341730039999999917e+02 1.513869929999999897e+02
5.148270260000000462e+02 2.529969940000000008e+02
5.157999879999999848e+02 1.423399960000000135e+02
3.903110050000000228e+02 2.666279910000000086e+02
3.829670100000000161e+02 9.380599999999999739e+01
4.833169859999999858e+02 1.649600069999999903e+02
4.972879940000000261e+02 1.168619999999999948e+02
3.799379880000000185e+02 9.718900299999999959e+01
4.965000000000000000e+02 2.191069950000000119e+02
4.762200010000000248e+02 1.554199979999999925e+02
5.164019779999999855e+02 8.634400200000000325e+01
4.625849910000000023e+02 4.692300000000000182e+01
4.547120059999999739e+02 1.410619959999999935e+02
3.813890079999999898e+02 2.643620000000000232e+02
4.610539860000000090e+02 5.812300100000000214e+01
4.599760130000000231e+02 5.918500099999999975e+01
4.293599849999999947e+02 1.084850009999999969e+02
4.236940000000000168e+02 1.345599980000000073e+02
4.471029970000000162e+02 1.423359989999999868e+02
5.133449709999999868e+02 1.535729980000000126e+02
5.237020260000000462e+02 1.263369979999999941e+02
4.890780030000000238e+02 1.617630000000000052e+02
3.622380069999999819e+02 2.677160030000000006e+02
4.955719910000000255e+02 7.874500299999999697e+01
4.827520139999999742e+02 6.154700100000000162e+01
4.785549930000000245e+02 1.761549990000000037e+02
5.080350040000000149e+02 2.153280029999999954e+02
4.426719969999999762e+02 7.761799600000000510e+01
4.310270080000000235e+02 1.980610049999999944e+02
5.240469970000000330e+02 7.331999999999999318e+01
4.277869870000000105e+02 1.012969970000000046e+02
3.665610050000000228e+02 2.524080050000000028e+02
4.844010010000000079e+02 2.359129939999999976e+02
5.043680110000000241e+02 8.623500099999999691e+01
4.578680110000000241e+02 2.128350069999999903e+02
4.872030030000000238e+02 1.550540009999999995e+02
4.604240110000000072e+02 5.747700100000000134e+01
4.866759950000000003e+02 2.072050020000000075e+02
3.767409969999999930e+02 2.223450009999999963e+02
4.286650089999999977e+02 1.267949980000000068e+02
3.599079899999999839e+02 2.612210079999999834e+02
3.584370119999999815e+02 2.655840150000000222e+02
3.703370059999999739e+02 1.903979950000000088e+02
4.863150019999999927e+02 7.706700100000000475e+01
4.765039980000000241e+02 2.194010010000000079e+02
4.908049930000000245e+02 2.079019930000000045e+02
4.982690119999999752e+02 2.217310029999999870e+02
4.685710139999999910e+02 1.546609950000000140e+02
5.175250240000000304e+02 1.350850069999999903e+02
5.063370059999999739e+02 5.581199999999999761e+01
4.615950010000000248e+02 6.934999799999999937e+01
5.141439820000000509e+02 1.292760010000000079e+02
5.287050169999999980e+02 1.448609920000000102e+02
5.290889889999999696e+02 8.556500200000000689e+01
5.034590150000000222e+02 9.005400099999999952e+01
4.970469969999999762e+02 9.581900000000000261e+01
5.264190059999999676e+02 1.383410030000000006e+02
3.991860050000000228e+02 7.923600000000000421e+01
4.877950129999999831e+02 2.387630000000000052e+02
4.871329959999999915e+02 2.054470059999999876e+02
4.769609990000000153e+02 1.726699979999999925e+02
5.240960079999999834e+02 1.427689970000000130e+02
4.488500060000000076e+02 1.419010010000000079e+02
5.146389769999999544e+02 2.169420010000000048e+02
4.571140139999999974e+02 7.967400399999999649e+01
5.041270139999999742e+02 1.263440020000000032e+02
4.761589969999999994e+02 2.130820009999999911e+02
4.259309999999999832e+02 9.965399899999999889e+01
4.510570069999999987e+02 1.475240019999999959e+02
3.620440060000000244e+02 2.668439940000000092e+02
3.800939940000000092e+02 5.088100099999999770e+01
4.991289980000000241e+02 1.751880040000000065e+02
3.616690060000000244e+02 1.104219970000000046e+02
3.720230099999999993e+02 2.292400049999999965e+02
3.771170040000000085e+02 6.023599999999999710e+01
4.502569889999999759e+02 1.575720059999999876e+02
4.593049930000000245e+02 7.872000099999999634e+01
4.445700069999999755e+02 1.015739970000000056e+02
5.230770260000000462e+02 1.249599989999999963e+02
3.541640009999999847e+02 2.617489929999999845e+02
4.399389949999999772e+02 1.122239990000000063e+02
5.061849980000000073e+02 1.224319990000000047e+02
4.904140009999999847e+02 2.355829929999999877e+02
5.264149780000000192e+02 2.219759980000000041e+02
5.041289980000000241e+02 1.261340030000000070e+02
3.773859860000000026e+02 1.281459959999999967e+02
4.392690119999999752e+02 7.647499799999999937e+01
5.104689940000000092e+02 1.392100069999999903e+02
5.242689820000000509e+02 7.777500200000000063e+01
4.231130069999999819e+02 1.336750030000000038e+02
4.071300049999999828e+02 2.416829989999999952e+02
3.745920100000000161e+02 1.633630070000000103e+02
4.314819949999999835e+02 2.098000030000000038e+02
4.822550049999999828e+02 8.278500400000000070e+01
4.823309939999999756e+02 7.633899700000000621e+01
4.500069889999999759e+02 2.040319979999999873e+02
5.271119999999999663e+02 1.056880040000000065e+02
4.910530089999999745e+02 6.821900200000000325e+01
4.829060059999999908e+02 1.673410030000000006e+02
4.546069949999999835e+02 1.654909969999999930e+02
4.325010070000000155e+02 8.716799899999999468e+01
5.035329899999999839e+02 1.231340030000000070e+02
