1.824799959999999999e+02 4.708609920000000102e+02
2.867449950000000172e+02 4.737030030000000238e+02
2.374409939999999892e+02 4.031409909999999854e+02
2.737569889999999759e+02 2.709030149999999821e+02
2.201730039999999917e+02 4.657820130000000063e+02
3.471050109999999904e+02 3.637609860000000026e+02
1.727619929999999897e+02 3.245759889999999928e+02
3.477669980000000010e+02 4.042969969999999762e+02
3.473779910000000086e+02 2.726719969999999762e+02
3.481229860000000258e+02 4.306120000000000232e+02
3.412460019999999759e+02 4.720419919999999934e+02
2.005180049999999881e+02 4.035299989999999752e+02
3.452909849999999778e+02 3.762659909999999854e+02
1.728509980000000041e+02 4.389379880000000185e+02
1.719720000000000084e+02 3.498789980000000241e+02
3.456359860000000026e+02 2.717829899999999839e+02
2.348450009999999963e+02 2.836900019999999927e+02
2.722749939999999924e+02 4.457579959999999915e+02
1.751649930000000097e+02 2.729630129999999895e+02
1.850679930000000013e+02 2.709679869999999937e+02
2.614270020000000159e+02 4.670220029999999838e+02
1.938350069999999903e+02 2.739649959999999851e+02
1.719700009999999963e+02 3.582479860000000258e+02
1.723730009999999879e+02 4.292500000000000000e+02
2.909259950000000003e+02 4.020090030000000070e+02
3.213850100000000225e+02 4.514389949999999772e+02
3.341740110000000072e+02 3.803439940000000092e+02
3.037699890000000096e+02 3.233789980000000241e+02
1.727279969999999878e+02 4.017430110000000241e+02
1.768269960000000083e+02 2.715729979999999841e+02
1.933309940000000040e+02 2.837380069999999819e+02
1.719490049999999997e+02 4.224660030000000006e+02
2.554799959999999999e+02 2.860440060000000244e+02
1.733580019999999990e+02 2.812359920000000102e+02
1.730209959999999967e+02 4.005299989999999752e+02
3.473770139999999742e+02 4.218909909999999854e+02
2.096730039999999917e+02 4.419880069999999819e+02
1.959779969999999878e+02 4.037189940000000092e+02
1.748079989999999952e+02 3.760950010000000248e+02
3.482080080000000066e+02 2.812810059999999908e+02
1.950079959999999915e+02 3.223370059999999739e+02
3.469150089999999977e+02 2.725710139999999910e+02
3.476170040000000085e+02 3.703649899999999775e+02
3.478439940000000092e+02 3.106149899999999775e+02
3.449330140000000142e+02 4.313009950000000003e+02
2.870280149999999821e+02 4.642500000000000000e+02
2.356739959999999883e+02 4.043080140000000142e+02
2.162810059999999908e+02 4.037380069999999819e+02
1.746820069999999987e+02 3.303179930000000013e+02
3.333989869999999769e+02 4.567059939999999756e+02
2.281860049999999944e+02 4.042659909999999854e+02
2.167310029999999870e+02 2.844030149999999821e+02
3.214739989999999921e+02 3.831210019999999759e+02
1.738119959999999935e+02 4.355350040000000149e+02
1.738990019999999959e+02 4.067619930000000181e+02
3.019209900000000175e+02 2.710809939999999756e+02
2.430729980000000126e+02 4.541449890000000096e+02
2.748110050000000228e+02 2.708510130000000231e+02
1.948040009999999995e+02 3.251300049999999828e+02
3.481140139999999974e+02 2.753529970000000162e+02
1.941540070000000071e+02 2.837460019999999759e+02
2.000899960000000135e+02 4.425459900000000175e+02
1.765299990000000037e+02 3.435469969999999762e+02
3.455870059999999739e+02 4.060050049999999828e+02
1.769620060000000024e+02 4.006029970000000162e+02
1.786739959999999883e+02 2.841000060000000076e+02
3.163059999999999832e+02 4.497200010000000248e+02
3.357420040000000085e+02 4.516549989999999752e+02
3.430880129999999895e+02 4.319620059999999739e+02
1.719730069999999955e+02 3.793120119999999815e+02
3.466700129999999831e+02 4.134960019999999759e+02
3.042160030000000006e+02 4.396860050000000228e+02
2.298439940000000092e+02 4.041539920000000166e+02
3.054440000000000168e+02 3.246350100000000225e+02
3.192000120000000152e+02 3.993450010000000248e+02
1.877519990000000121e+02 4.537640079999999898e+02
2.337619929999999897e+02 4.434880069999999819e+02
1.720409999999999968e+02 2.861239929999999845e+02
2.965669859999999858e+02 4.026210019999999759e+02
1.774499969999999962e+02 4.399609990000000153e+02
2.983609920000000102e+02 4.031400150000000053e+02
2.985360109999999736e+02 4.407909849999999778e+02
1.797270049999999912e+02 3.783640139999999974e+02
2.110079959999999915e+02 4.062009889999999928e+02
2.316399989999999889e+02 2.729500120000000152e+02
2.828219910000000255e+02 4.418959960000000251e+02
1.721670070000000123e+02 3.118739929999999845e+02
2.837070009999999911e+02 3.973150019999999927e+02
1.871750030000000038e+02 3.156019900000000007e+02
2.341139980000000094e+02 4.501719969999999762e+02
1.943910060000000044e+02 3.633349910000000023e+02
3.454760130000000231e+02 3.261520080000000235e+02
3.087950129999999831e+02 3.795960079999999834e+02
1.965229950000000088e+02 4.580530089999999745e+02
3.482120059999999739e+02 2.809450069999999755e+02
1.763179930000000013e+02 4.371310119999999984e+02
3.458160100000000057e+02 3.700280149999999821e+02
3.286820069999999987e+02 2.720799870000000169e+02
1.892630000000000052e+02 2.723649899999999775e+02
3.452260130000000231e+02 3.063919980000000010e+02
2.038869929999999897e+02 4.406870119999999815e+02
3.365440060000000244e+02 3.787340090000000146e+02
3.463099980000000073e+02 3.450150150000000053e+02
1.780160060000000044e+02 4.029020080000000235e+02
3.282940060000000244e+02 3.996000060000000076e+02
1.944519960000000083e+02 3.631229860000000258e+02
1.798370060000000024e+02 2.840520020000000159e+02
2.633529970000000162e+02 4.047260130000000231e+02
2.974769900000000007e+02 4.396000060000000076e+02
3.456329959999999915e+02 4.089970089999999914e+02
1.876470030000000122e+02 2.830669859999999858e+02
3.090539860000000090e+02 2.715960079999999834e+02
2.684150089999999977e+02 4.402969969999999762e+02
1.944499969999999962e+02 3.794450069999999755e+02
2.960710139999999910e+02 2.717319949999999835e+02
1.741289979999999957e+02 4.109920040000000085e+02
2.174380040000000065e+02 4.418729860000000258e+02
3.137349849999999947e+02 4.382160030000000006e+02
3.458120119999999815e+02 2.726419980000000010e+02
3.452629999999999768e+02 3.424530030000000238e+02
3.451359860000000026e+02 3.610230099999999993e+02
3.456740110000000072e+02 3.403089899999999943e+02
3.112590030000000070e+02 3.735549930000000245e+02
2.057270049999999912e+02 2.715499879999999848e+02
3.451929930000000013e+02 3.269570009999999911e+02
1.794219970000000046e+02 3.769809880000000248e+02
1.741950070000000039e+02 3.571870119999999815e+02
2.397669980000000010e+02 2.813129880000000185e+02
1.978509980000000041e+02 3.295880129999999895e+02
1.842010040000000117e+02 2.719840090000000146e+02
1.850509950000000003e+02 2.716860050000000228e+02
2.656530149999999821e+02 3.972420040000000085e+02
3.372239989999999921e+02 4.341359860000000026e+02
3.108280030000000238e+02 4.044140009999999847e+02
1.719600069999999903e+02 3.146499939999999924e+02
2.716350100000000225e+02 3.975079959999999915e+02
1.921869959999999935e+02 4.391279910000000086e+02
2.428150019999999927e+02 4.431040039999999749e+02
3.445629880000000185e+02 3.967829899999999839e+02
3.477330019999999990e+02 2.821629940000000261e+02
2.989739989999999921e+02 3.512959900000000175e+02
3.225629880000000185e+02 4.391010130000000231e+02
3.102829899999999839e+02 2.859389949999999772e+02
2.512469940000000008e+02 2.730799870000000169e+02
1.782899930000000097e+02 3.081990049999999997e+02
3.456610109999999736e+02 3.331210019999999759e+02
3.416960139999999910e+02 3.753229979999999841e+02
1.734259950000000003e+02 4.256820069999999987e+02
2.887900089999999977e+02 4.389280089999999745e+02
2.953989869999999769e+02 2.817399899999999775e+02
3.265639949999999772e+02 3.812720029999999838e+02
2.417299959999999999e+02 2.822810059999999908e+02
3.017909849999999778e+02 3.453869930000000181e+02
3.454230039999999917e+02 3.396830140000000142e+02
3.191690060000000244e+02 3.781239929999999845e+02
3.385820009999999911e+02 3.970270080000000235e+02
2.912019960000000083e+02 4.045650019999999927e+02
2.052090000000000032e+02 2.831210019999999759e+02
3.235140079999999898e+02 4.427680050000000165e+02
3.451969910000000255e+02 3.510299989999999752e+02
3.172560119999999984e+02 3.094649959999999851e+02
1.822859950000000140e+02 4.029540099999999825e+02
1.739499969999999962e+02 4.322479860000000258e+02
3.001189880000000016e+02 3.451109920000000102e+02
1.776289979999999957e+02 3.754079899999999839e+02
1.832440029999999922e+02 4.375230099999999993e+02
3.097319949999999835e+02 3.934790039999999749e+02
3.260589899999999943e+02 3.812390139999999974e+02
3.246740110000000072e+02 4.000440060000000244e+02
3.022019960000000083e+02 2.991419980000000010e+02
3.460369870000000105e+02 3.666520080000000235e+02
3.409410100000000057e+02 4.289159849999999778e+02
3.432090150000000222e+02 4.018750000000000000e+02
2.350059970000000078e+02 4.043309939999999756e+02
1.721929930000000013e+02 3.648590090000000146e+02
2.178099980000000073e+02 2.716229860000000258e+02
2.215560000000000116e+02 4.056659849999999778e+02
3.228150019999999927e+02 4.379989929999999845e+02
3.436940000000000168e+02 2.731610109999999736e+02
3.054960019999999759e+02 3.258169859999999858e+02
2.238549959999999999e+02 2.820119930000000181e+02
1.883849950000000035e+02 3.212309880000000248e+02
2.633179930000000013e+02 2.726830140000000142e+02
1.724530029999999954e+02 3.089360050000000228e+02
3.016499939999999924e+02 3.655769960000000083e+02
1.917870029999999986e+02 4.040769960000000083e+02
3.412850040000000149e+02 3.959309999999999832e+02
1.947180020000000127e+02 2.836820069999999987e+02
3.160899959999999851e+02 2.722950129999999831e+02
1.757230069999999955e+02 4.048569949999999835e+02
1.780370029999999986e+02 3.436719969999999762e+02
1.804889980000000094e+02 3.760369870000000105e+02
3.044729919999999765e+02 3.650079959999999915e+02
3.235920100000000161e+02 2.717760010000000079e+02
2.044960020000000043e+02 3.248729860000000258e+02
1.819969940000000008e+02 3.122810059999999908e+02
3.040100100000000225e+02 3.275020139999999742e+02
2.274179990000000089e+02 2.723659969999999930e+02
2.168630070000000103e+02 3.269079899999999839e+02
3.016889949999999772e+02 3.697359920000000102e+02
1.745039979999999957e+02 3.699630129999999895e+02
3.017539980000000241e+02 3.505450129999999831e+02
2.178619999999999948e+02 2.980060119999999984e+02
2.061219940000000008e+02 4.067680050000000165e+02
1.772920070000000123e+02 2.780629880000000185e+02
1.805359950000000140e+02 2.836279910000000086e+02
3.003030089999999745e+02 4.048219910000000255e+02
2.718269960000000083e+02 2.925150150000000053e+02
1.739989930000000129e+02 3.111409909999999854e+02
2.163189999999999884e+02 2.891379999999999768e+02
1.831679990000000089e+02 3.722229919999999765e+02
2.289700009999999963e+02 2.819920040000000085e+02
2.171000060000000076e+02 3.532449950000000172e+02
3.442650150000000053e+02 4.138179930000000013e+02
3.025520020000000159e+02 2.838630069999999819e+02
3.046120000000000232e+02 3.575270080000000235e+02
3.378299870000000169e+02 4.323320009999999911e+02
2.355059970000000078e+02 4.055150150000000053e+02
3.279339899999999943e+02 4.356749879999999848e+02
2.704200129999999831e+02 3.256799930000000245e+02
3.091189880000000016e+02 3.219859920000000102e+02
2.765459900000000175e+02 4.030140079999999898e+02
1.942539979999999957e+02 3.549819949999999835e+02
3.247070009999999911e+02 4.011969910000000255e+02
3.333340150000000222e+02 3.995989989999999921e+02
3.219419859999999858e+02 2.722359920000000102e+02
3.038370059999999739e+02 4.354790039999999749e+02
2.384510040000000117e+02 4.069079899999999839e+02
3.433290099999999825e+02 3.699939880000000016e+02
3.423250120000000152e+02 4.031270139999999742e+02
2.719119870000000105e+02 3.213309939999999756e+02
3.080960079999999834e+02 3.663689880000000016e+02
3.365129999999999768e+02 4.340910030000000006e+02
1.813659969999999930e+02 3.738540039999999749e+02
2.572319949999999835e+02 4.432839969999999994e+02
1.999029999999999916e+02 2.828389890000000264e+02
3.217170100000000161e+02 4.361910100000000057e+02
2.710650019999999927e+02 2.871220089999999914e+02
3.038810119999999984e+02 2.847470089999999914e+02
1.920800020000000075e+02 4.372130129999999895e+02
2.131609950000000140e+02 4.074110109999999736e+02
3.147550049999999828e+02 3.748110050000000228e+02
3.194400019999999927e+02 2.879859920000000102e+02
3.458059999999999832e+02 2.836099849999999947e+02
1.738809970000000078e+02 3.113649899999999775e+02
1.776439970000000130e+02 3.752510070000000155e+02
2.955570069999999987e+02 4.122130129999999895e+02
2.710759889999999928e+02 2.865979919999999765e+02
2.438699949999999887e+02 2.710199890000000096e+02
2.547539979999999957e+02 2.826759950000000003e+02
2.647500000000000000e+02 4.382560119999999984e+02
1.784299929999999961e+02 3.442919919999999934e+02
2.173359989999999868e+02 3.153320009999999911e+02
3.227600100000000225e+02 3.070440060000000244e+02
3.138599849999999947e+02 3.747690119999999752e+02
1.727420040000000085e+02 3.047560119999999984e+02
1.908390049999999860e+02 3.700350040000000149e+02
3.459870000000000232e+02 2.855920100000000161e+02
1.747989959999999883e+02 3.498139949999999772e+02
2.161499939999999924e+02 4.068739929999999845e+02
1.750939940000000092e+02 3.219020080000000235e+02
2.777999879999999848e+02 4.406210019999999759e+02
3.439349980000000073e+02 4.051109920000000102e+02
3.350629880000000185e+02 3.825329899999999839e+02
2.971719969999999762e+02 3.348070069999999987e+02
1.865140079999999898e+02 3.529200129999999831e+02
1.930549929999999961e+02 4.369530030000000238e+02
2.842239989999999921e+02 2.709700010000000248e+02
1.754439999999999884e+02 4.073089899999999943e+02
2.088840030000000070e+02 4.077139890000000264e+02
2.197969970000000046e+02 4.409660030000000006e+02
2.950950010000000248e+02 3.423190000000000168e+02
2.587919919999999934e+02 4.092709960000000251e+02
3.105870059999999739e+02 4.341390079999999898e+02
2.394470059999999876e+02 4.079089969999999994e+02
3.430069889999999759e+02 3.462929990000000089e+02
2.285290070000000071e+02 2.801379999999999768e+02
3.458510130000000231e+02 2.883909909999999854e+02
2.086580050000000028e+02 4.066910100000000057e+02
2.328060000000000116e+02 4.395889890000000264e+02
1.911810000000000116e+02 3.499590150000000222e+02
3.377560119999999984e+02 4.322720029999999838e+02
2.289900049999999965e+02 2.736379999999999768e+02
2.969689940000000092e+02 4.059389949999999772e+02
2.082769930000000045e+02 2.725669859999999858e+02
1.751119999999999948e+02 3.685419919999999934e+02
1.886190029999999922e+02 2.753649899999999775e+02
2.720639949999999772e+02 3.218699950000000172e+02
2.048029940000000124e+02 3.011960139999999910e+02
3.436090090000000146e+02 3.354230039999999917e+02
3.479920040000000085e+02 2.904309999999999832e+02
2.047109989999999868e+02 3.002370000000000232e+02
2.632449950000000172e+02 4.373309939999999756e+02
3.097149959999999851e+02 3.694289860000000090e+02
2.775129999999999768e+02 4.405840150000000222e+02
1.836510010000000079e+02 2.805599980000000073e+02
2.316130070000000103e+02 2.738089899999999943e+02
2.134940029999999922e+02 2.753850100000000225e+02
1.733060000000000116e+02 4.205260010000000079e+02
2.135110019999999906e+02 4.370190119999999752e+02
2.211130070000000103e+02 2.727200010000000248e+02
1.957239989999999921e+02 2.830310059999999908e+02
2.519369959999999935e+02 4.420549930000000245e+02
1.735890049999999860e+02 4.178879999999999768e+02
2.218500060000000076e+02 4.408640139999999974e+02
2.592699890000000096e+02 2.733999939999999924e+02
2.462749939999999924e+02 3.299070130000000063e+02
2.915239869999999769e+02 4.061019900000000007e+02
2.946379999999999768e+02 2.786849980000000073e+02
1.883609920000000102e+02 4.361040039999999749e+02
2.678869930000000181e+02 4.037940060000000244e+02
2.712579959999999915e+02 4.394370119999999815e+02
2.014089969999999994e+02 3.768190000000000168e+02
3.210159909999999854e+02 2.735360109999999736e+02
2.490689999999999884e+02 3.901260070000000155e+02
1.815220030000000122e+02 4.035950010000000248e+02
3.409519960000000083e+02 2.734259950000000003e+02
2.587359920000000102e+02 4.393330080000000066e+02
1.936410060000000044e+02 3.262219850000000179e+02
3.163020020000000159e+02 4.051780089999999745e+02
3.449840090000000146e+02 2.750840150000000222e+02
2.843280030000000238e+02 2.908689880000000016e+02
3.271870119999999815e+02 3.050989989999999921e+02
2.072489930000000129e+02 2.824089969999999994e+02
3.450119930000000181e+02 3.388879999999999768e+02
2.399770049999999912e+02 2.740360109999999736e+02
1.956799929999999961e+02 4.071090090000000146e+02
3.107430110000000241e+02 4.063989869999999769e+02
3.429939880000000016e+02 3.106700129999999831e+02
1.855749969999999962e+02 2.740450129999999831e+02
3.209280089999999745e+02 4.248269960000000083e+02
2.421649930000000097e+02 2.743439940000000092e+02
1.915079959999999915e+02 4.237969969999999762e+02
3.162980039999999917e+02 4.343919980000000010e+02
3.158529970000000162e+02 2.726470029999999838e+02
2.746499939999999924e+02 3.051950069999999755e+02
1.756390079999999898e+02 4.309920040000000085e+02
3.317380069999999819e+02 2.726279910000000086e+02
3.183800049999999828e+02 3.163900150000000053e+02
3.063479919999999765e+02 3.284880069999999819e+02
3.139299930000000245e+02 2.830780030000000238e+02
2.936780089999999745e+02 2.732850040000000149e+02
2.162920070000000123e+02 4.373919980000000010e+02
2.385260010000000079e+02 4.415929869999999937e+02
3.223900150000000053e+02 4.351329959999999915e+02
2.527239989999999921e+02 4.096950069999999755e+02
3.037680050000000165e+02 3.374599910000000023e+02
2.228159939999999892e+02 2.742149959999999851e+02
2.719349980000000073e+02 2.993080140000000142e+02
1.860840000000000032e+02 3.208529970000000162e+02
2.766520080000000235e+02 4.052290039999999749e+02
2.385429990000000089e+02 2.791329959999999915e+02
1.906540070000000071e+02 4.078659969999999930e+02
3.145090030000000070e+02 4.057739869999999769e+02
2.168829959999999915e+02 3.179299930000000245e+02
2.413029940000000124e+02 4.101379999999999768e+02
1.766320039999999949e+02 3.712000120000000152e+02
3.139769900000000007e+02 2.728139949999999772e+02
2.471139980000000094e+02 3.300400089999999977e+02
2.234029999999999916e+02 2.814119870000000105e+02
2.712780149999999821e+02 3.321199950000000172e+02
3.087290039999999749e+02 3.638049930000000245e+02
2.779429930000000013e+02 3.067380069999999819e+02
3.458900150000000053e+02 2.815899959999999851e+02
1.971929930000000013e+02 3.496390079999999898e+02
2.281560059999999908e+02 2.797489929999999845e+02
2.557250060000000076e+02 4.088680110000000241e+02
2.077640079999999898e+02 4.085469969999999762e+02
3.218059999999999832e+02 3.116730039999999917e+02
1.811430049999999881e+02 4.363800049999999828e+02
1.864920040000000085e+02 3.661359860000000026e+02
3.442810059999999908e+02 3.593919980000000010e+02
3.060400089999999977e+02 3.442500000000000000e+02
1.781369929999999897e+02 3.741069949999999835e+02
3.428059999999999832e+02 4.119259950000000003e+02
3.416889949999999772e+02 3.051919859999999858e+02
2.386560059999999908e+02 2.753429869999999937e+02
2.160079959999999915e+02 3.896059880000000248e+02
3.078410030000000006e+02 2.734259950000000003e+02
3.091000060000000076e+02 4.204429930000000013e+02
2.749930110000000241e+02 4.382170100000000161e+02
2.257680049999999881e+02 2.795249939999999924e+02
1.838959959999999967e+02 2.749620059999999739e+02
1.791799929999999961e+02 2.796180110000000241e+02
2.432310029999999870e+02 2.775899959999999851e+02
3.314880069999999819e+02 3.781600040000000149e+02
3.422569889999999759e+02 3.050889890000000264e+02
1.793630070000000103e+02 3.435740049999999997e+02
2.280149989999999889e+02 4.386650089999999977e+02
3.047879940000000261e+02 3.432170100000000161e+02
2.014889980000000094e+02 2.761809999999999832e+02
1.994490049999999997e+02 3.470929869999999937e+02
3.170280149999999821e+02 4.202279970000000162e+02
2.282220000000000084e+02 2.738699950000000172e+02
2.060359950000000140e+02 2.757370000000000232e+02
2.831849980000000073e+02 4.390660100000000057e+02
2.176020049999999912e+02 3.365209960000000251e+02
2.932330019999999990e+02 2.735589899999999943e+02
1.857350010000000111e+02 3.670880129999999895e+02
3.047680050000000165e+02 3.502650150000000053e+02
2.935660100000000057e+02 4.367229919999999765e+02
1.904369959999999935e+02 4.197690119999999752e+02
2.818389890000000264e+02 2.807810059999999908e+02
2.393320009999999911e+02 3.668389890000000264e+02
3.063649899999999775e+02 3.546759950000000003e+02
3.097009889999999928e+02 4.328489989999999921e+02
3.386239929999999845e+02 3.061059880000000248e+02
2.009470059999999876e+02 3.398399959999999851e+02
3.026709900000000175e+02 3.324150089999999977e+02
3.422609860000000026e+02 3.337489929999999845e+02
1.762879939999999976e+02 4.062080080000000066e+02
1.892140049999999860e+02 3.227300109999999904e+02
1.885079959999999915e+02 2.820939940000000092e+02
2.430630040000000065e+02 4.416159969999999930e+02
2.715570069999999987e+02 3.919849849999999947e+02
2.684020080000000235e+02 3.268840030000000070e+02
2.704719850000000179e+02 4.381740110000000072e+02
3.155599980000000073e+02 3.133550109999999904e+02
3.242300109999999904e+02 3.789540099999999825e+02
3.131379999999999768e+02 3.040090030000000070e+02
3.423169859999999858e+02 3.197290039999999749e+02
1.752380070000000103e+02 3.518630069999999819e+02
1.804880070000000103e+02 3.286180110000000241e+02
2.174259950000000003e+02 3.873179930000000013e+02
1.807449949999999887e+02 3.026069949999999835e+02
3.117919919999999934e+02 4.252959900000000175e+02
2.296100010000000111e+02 3.803280030000000238e+02
2.925129999999999768e+02 2.763859860000000026e+02
2.311770019999999874e+02 2.746189880000000016e+02
2.146450040000000001e+02 4.371250000000000000e+02
3.362099910000000023e+02 3.998810119999999984e+02
2.999519960000000083e+02 2.730150150000000053e+02
1.755679930000000013e+02 3.539320069999999987e+02
1.742920070000000123e+02 3.605060119999999984e+02
1.848029940000000124e+02 2.751419980000000010e+02
2.091049959999999999e+02 4.333959960000000251e+02
3.080989989999999921e+02 2.821659849999999778e+02
3.355329899999999839e+02 3.998370059999999739e+02
2.622189940000000092e+02 4.322290039999999749e+02
2.060449979999999925e+02 4.360230099999999993e+02
2.503840030000000070e+02 4.412130129999999895e+02
3.033169859999999858e+02 4.059819949999999835e+02
3.259689940000000092e+02 4.256589969999999994e+02
2.875260010000000079e+02 2.716799930000000245e+02
3.256409909999999854e+02 4.364689940000000092e+02
3.429670100000000161e+02 3.147690119999999752e+02
1.768589939999999956e+02 3.168229979999999841e+02
3.263739929999999845e+02 2.763450010000000248e+02
2.901709900000000175e+02 4.375989989999999921e+02
1.831130070000000103e+02 4.047200010000000248e+02
1.932389980000000094e+02 2.769289860000000090e+02
1.882839969999999994e+02 3.228760070000000155e+02
1.836170040000000085e+02 3.525790099999999825e+02
2.220500030000000038e+02 4.228559880000000248e+02
3.225209960000000251e+02 3.001080019999999990e+02
3.422070009999999911e+02 4.038850100000000225e+02
1.939060059999999908e+02 4.074320069999999987e+02
1.886109920000000102e+02 3.589930110000000241e+02
2.212209929999999929e+02 3.440220029999999838e+02
2.881090090000000146e+02 3.341329959999999915e+02
2.236979980000000126e+02 3.445780030000000238e+02
2.217579959999999915e+02 4.239549870000000169e+02
3.421300049999999828e+02 3.071690060000000244e+02
2.188159939999999892e+02 4.207850040000000149e+02
2.174049990000000037e+02 3.570060119999999984e+02
1.938379970000000014e+02 3.413439940000000092e+02
3.133500060000000076e+02 3.183269960000000083e+02
3.059989929999999845e+02 4.052510070000000155e+02
2.633940119999999752e+02 4.361140139999999974e+02
1.974290009999999995e+02 4.324739989999999921e+02
3.000809939999999756e+02 2.793120119999999815e+02
1.840549929999999961e+02 4.354960019999999759e+02
1.966239930000000129e+02 4.119509889999999928e+02
2.055729980000000126e+02 2.821579899999999839e+02
1.763099980000000073e+02 3.660050049999999828e+02
1.788600010000000111e+02 3.246839899999999943e+02
3.292980039999999917e+02 3.070329899999999839e+02
1.880570069999999987e+02 3.238250120000000152e+02
3.160209960000000251e+02 3.548299870000000169e+02
1.852530059999999992e+02 3.657330019999999990e+02
3.422999879999999848e+02 3.682900089999999977e+02
2.218690029999999922e+02 4.372500000000000000e+02
2.058840030000000070e+02 4.091940000000000168e+02
3.314289860000000090e+02 2.877780149999999821e+02
3.077980039999999917e+02 3.392999879999999848e+02
2.517160030000000006e+02 2.740129999999999768e+02
3.377179869999999937e+02 3.056919859999999858e+02
2.645020139999999742e+02 4.379909969999999930e+02
2.439620060000000024e+02 4.408139949999999772e+02
2.389439999999999884e+02 3.365700069999999755e+02
3.349930110000000241e+02 3.395660100000000057e+02
2.571600040000000149e+02 2.810570069999999987e+02
1.766499939999999924e+02 3.714849849999999947e+02
3.124240110000000072e+02 4.301809999999999832e+02
1.938750000000000000e+02 3.423819889999999759e+02
1.797830050000000028e+02 3.154200129999999831e+02
1.766289979999999957e+02 3.500020139999999742e+02
1.888359989999999868e+02 4.171029970000000162e+02
1.768659969999999930e+02 3.719070130000000063e+02
2.741759950000000003e+02 4.048200069999999755e+02
3.430339969999999994e+02 3.536080019999999990e+02
3.089599910000000023e+02 4.177420040000000085e+02
1.763229980000000126e+02 3.202210079999999834e+02
2.237100069999999903e+02 2.762319949999999835e+02
2.090189970000000130e+02 3.440239869999999769e+02
3.020419919999999934e+02 2.743510130000000231e+02
2.175970000000000084e+02 3.067619930000000181e+02
1.974340060000000108e+02 4.152019960000000083e+02
1.835529940000000124e+02 3.405790099999999825e+02
2.334250030000000038e+02 3.428469850000000179e+02
2.302830050000000028e+02 3.442470089999999914e+02
3.231669919999999934e+02 3.285440060000000244e+02
3.451220089999999914e+02 2.819280089999999745e+02
2.710199890000000096e+02 4.339400019999999927e+02
3.426229860000000258e+02 3.257990110000000072e+02
2.213289949999999919e+02 2.755580140000000142e+02
1.886340030000000070e+02 4.114549870000000169e+02
3.093710019999999759e+02 3.487780149999999821e+02
2.607780149999999821e+02 4.120669859999999858e+02
3.375230099999999993e+02 3.450899959999999851e+02
3.086770020000000159e+02 3.646059880000000248e+02
3.211679990000000089e+02 2.861459960000000251e+02
1.782559970000000078e+02 4.132340090000000146e+02
3.408750000000000000e+02 4.261260070000000155e+02
3.395960079999999834e+02 3.720750120000000152e+02
1.927389980000000094e+02 3.380159909999999854e+02
1.845050050000000113e+02 3.672760010000000079e+02
2.993729860000000258e+02 4.100520020000000159e+02
1.977530059999999992e+02 4.143810119999999984e+02
2.376069950000000119e+02 4.359299930000000245e+02
2.504579929999999877e+02 4.107669980000000010e+02
2.307200009999999963e+02 3.826919859999999858e+02
3.212500000000000000e+02 3.543890079999999898e+02
2.947829899999999839e+02 2.777170100000000161e+02
1.936640010000000132e+02 4.315969850000000179e+02
2.582699890000000096e+02 4.175289920000000166e+02
3.154240110000000072e+02 3.747009889999999928e+02
1.842899930000000097e+02 3.336560059999999908e+02
1.907230069999999955e+02 4.197160030000000006e+02
2.392510069999999871e+02 2.776419980000000010e+02
1.914720000000000084e+02 3.470150150000000053e+02
1.812429960000000051e+02 3.389710079999999834e+02
3.313609920000000102e+02 3.775740049999999997e+02
2.399920040000000085e+02 2.775759889999999928e+02
1.915110019999999906e+02 3.466780089999999745e+02
2.601740110000000072e+02 4.190769960000000083e+02
2.098919980000000010e+02 4.090920100000000161e+02
2.559869999999999948e+02 4.150310059999999908e+02
2.745409849999999778e+02 4.376709900000000175e+02
3.152749939999999924e+02 4.167780149999999821e+02
3.151709900000000175e+02 4.095750120000000152e+02
3.275580140000000142e+02 4.021830140000000142e+02
3.024739989999999921e+02 2.779809880000000248e+02
1.842350010000000111e+02 2.793750000000000000e+02
2.727650150000000053e+02 3.403410030000000006e+02
3.214519960000000083e+02 2.915169980000000010e+02
3.052909849999999778e+02 4.062149959999999851e+02
2.880820009999999911e+02 3.771419980000000010e+02
2.327369999999999948e+02 4.080150150000000053e+02
3.310549930000000245e+02 2.867239989999999921e+02
3.433609920000000102e+02 3.659209900000000175e+02
2.814870000000000232e+02 3.687539980000000241e+02
2.342100069999999903e+02 3.730119930000000181e+02
2.625650019999999927e+02 4.284519960000000083e+02
3.130000000000000000e+02 4.258689880000000016e+02
3.075050049999999828e+02 3.436640009999999847e+02
2.336750030000000038e+02 2.747279970000000162e+02
3.125180050000000165e+02 3.198930050000000165e+02
3.179309999999999832e+02 4.315719910000000255e+02
1.902729950000000088e+02 4.138989869999999769e+02
3.073290099999999825e+02 3.407019960000000083e+02
3.182349849999999947e+02 3.751990049999999997e+02
3.407869870000000105e+02 3.360759889999999928e+02
2.560090030000000070e+02 3.319129940000000261e+02
3.435899959999999851e+02 4.087439880000000016e+02
