1.622299999999999898e+01 2.519709929999999929e+02
1.374730069999999955e+02 2.701440119999999752e+02
1.703200000000000003e+01 7.365899699999999939e+01
1.811080019999999990e+02 2.662370000000000232e+02
3.181599999999999895e+01 2.694909969999999930e+02
9.412000000000000810e+00 1.816150049999999965e+02
3.285800199999999904e+01 2.835000000000000142e+01
1.061299999999999955e+01 2.200700070000000039e+02
9.444000000000000838e+00 3.606199999999999761e+01
1.814940029999999922e+02 1.836880040000000065e+02
1.775220030000000122e+02 1.094400020000000069e+02
1.821600039999999865e+02 1.482619929999999897e+02
1.825070039999999949e+02 1.704479980000000126e+02
1.723029940000000124e+02 2.305600000000000094e+01
2.363999999999999879e+00 1.204759980000000041e+02
1.812929990000000089e+02 1.486329959999999915e+02
9.796800199999999847e+01 2.937000099999999847e+01
1.230009989999999931e+02 1.929420010000000048e+02
1.794800000000000040e+01 1.715079959999999915e+02
1.820399930000000097e+02 9.216899899999999946e+01
1.815850069999999903e+02 1.791909939999999892e+02
1.808919980000000010e+02 1.032119979999999941e+02
3.253799800000000175e+01 2.987400099999999981e+01
1.761479950000000088e+02 2.448679960000000051e+02
1.195599979999999931e+02 1.382120060000000024e+02
8.441000000000000725e+00 1.005289989999999989e+02
7.001000000000000334e+00 1.340850069999999903e+02
3.189999999999999858e+01 2.603169859999999858e+02
1.802339939999999956e+02 5.900199899999999786e+01
1.761799999999999855e+01 7.670700100000000532e+01
9.608400000000000318e+01 1.869420010000000048e+02
1.810599980000000073e+02 1.638269960000000083e+02
1.823459929999999929e+02 9.308999599999999930e+01
1.763990019999999959e+02 1.100429989999999947e+02
1.809920040000000085e+02 2.630549930000000245e+02
1.798090060000000108e+02 2.529900049999999965e+02
1.679920040000000085e+02 2.693909909999999854e+02
6.551000200000000007e+01 6.893599700000000041e+01
1.750910030000000006e+02 1.832790070000000071e+02
1.980299899999999980e+01 1.484779969999999878e+02
1.769380040000000065e+02 1.405160060000000044e+02
1.806490019999999959e+02 2.345959929999999929e+02
2.177899899999999889e+01 6.849500299999999697e+01
8.895999899999999627e+01 6.801200099999999793e+01
1.825870060000000024e+02 1.721450040000000001e+02
7.406600199999999745e+01 1.834250030000000038e+02
1.814819950000000119e+02 8.320999899999999627e+01
1.410840000000000032e+02 2.708330080000000066e+02
7.750000000000000000e+01 1.300330050000000028e+02
1.806699899999999914e+01 1.730549929999999961e+02
5.484899899999999917e+01 6.808100100000000054e+01
1.819850010000000111e+02 2.601579899999999839e+02
1.823979950000000088e+02 6.809699999999999420e+01
1.751470030000000122e+02 2.670350040000000149e+02
1.765890049999999860e+02 3.039199999999999946e+01
9.983999599999999930e+01 1.138580019999999990e+02
1.292010040000000117e+02 6.859799999999999898e+01
5.914500000000000313e+01 1.346649930000000097e+02
1.161179960000000051e+02 2.700989989999999921e+02
1.245969999999999942e+02 1.137900010000000037e+02
6.171400100000000322e+01 6.972699699999999723e+01
9.623699999999999477e+01 1.860290070000000071e+02
1.263430019999999985e+02 1.146699980000000068e+02
2.140899999999999892e+01 1.813890079999999898e+02
1.585140079999999898e+02 2.780600000000000094e+01
9.484200300000000539e+01 1.352039949999999919e+02
1.819490049999999997e+02 1.686739959999999883e+02
8.744499999999999318e+01 6.878299699999999461e+01
1.163570019999999943e+02 2.934100000000000108e+01
1.094209979999999973e+02 2.606749879999999848e+02
1.752870029999999986e+02 2.498899989999999889e+02
1.804299899999999823e+01 9.725399799999999573e+01
2.172699899999999928e+01 7.101300000000000523e+01
1.495310059999999908e+02 2.697399899999999775e+02
1.167979969999999952e+02 6.287400099999999981e+01
5.409400200000000325e+01 6.893000000000000682e+01
6.989399699999999882e+01 1.828970030000000122e+02
1.169170000000000016e+02 2.702929990000000089e+02
1.766300050000000113e+02 1.313280029999999954e+02
1.786199949999999887e+02 2.112790070000000071e+02
1.225920030000000054e+02 1.818639980000000094e+02
1.628370060000000024e+02 2.697969969999999762e+02
1.759179990000000089e+02 3.872100100000000111e+01
8.669699900000000525e+01 3.188899999999999935e+01
1.385579989999999952e+02 2.521990049999999997e+02
1.808439940000000092e+02 1.508260040000000117e+02
4.703499999999999659e+01 6.853800200000000586e+01
1.652449949999999887e+02 2.701430050000000165e+02
2.204599999999999937e+01 1.808260040000000117e+02
9.449900100000000691e+01 1.383410030000000006e+02
9.692099799999999732e+01 1.186039959999999951e+02
1.439660030000000006e+02 2.590800099999999873e+01
1.702599899999999877e+01 2.269559940000000040e+02
1.751029969999999878e+02 1.107009960000000035e+02
8.806999999999999318e+01 1.135339969999999994e+02
1.647200000000000131e+01 3.929299900000000179e+01
1.742699999999999960e+01 1.020329969999999946e+02
9.794000000000000483e+00 1.234719999999999942e+02
7.524199699999999780e+01 1.828110049999999944e+02
1.449069979999999873e+02 1.138889999999999958e+02
1.466889950000000056e+02 6.801399999999999579e+01
1.115910030000000006e+02 2.700119930000000181e+02
9.755799899999999525e+01 2.595079959999999915e+02
3.110199899999999928e+01 2.536950070000000039e+02
3.855499999999999972e+01 1.123720019999999948e+02
1.408399960000000135e+02 1.133519969999999972e+02
6.784200300000000539e+01 3.291899899999999946e+01
3.278300099999999873e+01 6.960900100000000634e+01
1.719859920000000102e+02 2.502359920000000102e+02
1.110380020000000059e+02 1.934799959999999999e+02
9.193499799999999311e+01 1.119619979999999941e+02
9.631800099999999532e+01 6.827800000000000580e+01
1.404219970000000046e+02 2.694360050000000228e+02
1.533780059999999992e+02 2.514019930000000045e+02
6.948500099999999691e+01 1.105849989999999963e+02
9.315399899999999889e+01 1.835440059999999960e+02
1.472689970000000130e+02 1.832510069999999871e+02
1.791250000000000000e+02 1.448589939999999956e+02
1.764369959999999935e+02 2.511130070000000103e+02
1.861899899999999874e+01 9.661499799999999993e+01
1.202009960000000035e+02 1.816399989999999889e+02
7.358599900000000105e+01 7.290599799999999675e+01
6.791899899999999946e+01 1.830319979999999873e+02
1.790440059999999960e+02 2.634450069999999755e+02
1.078280029999999954e+02 1.837640079999999898e+02
2.784100000000000108e+01 1.928130040000000065e+02
2.005199999999999960e+01 1.484600069999999903e+02
1.093209990000000005e+02 1.380939940000000092e+02
1.783959959999999967e+02 8.104200000000000159e+01
5.915000200000000063e+01 1.137360000000000042e+02
5.081000099999999975e+01 1.130599979999999931e+02
6.147100100000000111e+01 1.807010040000000117e+02
2.195100000000000051e+01 1.799980009999999879e+02
1.903399999999999892e+01 1.547319950000000119e+02
1.268010029999999944e+02 6.822799700000000200e+01
1.787099999999999866e+01 1.456100010000000111e+02
1.796199999999999974e+01 1.008050000000000068e+02
1.054089969999999994e+02 2.698959960000000251e+02
1.809989930000000129e+02 9.337100200000000427e+01
3.124099899999999863e+01 1.341889950000000056e+02
5.262200200000000194e+01 1.819159999999999968e+02
1.898300000000000054e+01 1.612740019999999959e+02
1.694089969999999994e+02 1.398370060000000024e+02
1.743040009999999995e+02 1.421150049999999965e+02
2.363500000000000156e+01 1.436219940000000008e+02
3.835699799999999726e+01 6.988200399999999490e+01
6.899800100000000214e+01 4.410599899999999707e+01
3.379600099999999685e+01 2.547420040000000085e+02
8.700800300000000220e+01 2.703439940000000092e+02
3.554700100000000162e+01 7.158899700000000621e+01
1.573150019999999927e+02 2.427539979999999957e+02
1.747669980000000010e+02 7.471900200000000325e+01
1.075289989999999989e+02 1.132559969999999936e+02
1.749109950000000140e+02 7.038700099999999793e+01
1.211429980000000057e+02 6.887799800000000516e+01
1.570110019999999906e+02 5.021200199999999825e+01
3.612699899999999786e+01 1.945130000000000052e+02
2.035500000000000043e+01 7.544699900000000525e+01
4.401900100000000293e+01 1.832539979999999957e+02
1.687839969999999994e+02 2.500970000000000084e+02
1.072259980000000041e+02 1.111750030000000038e+02
2.012199999999999989e+01 1.123349989999999963e+02
1.567879939999999976e+02 2.495290070000000071e+02
1.574450070000000039e+02 1.161460040000000049e+02
7.168699599999999350e+01 1.293459929999999929e+02
1.794380040000000065e+02 2.615339969999999994e+02
8.116799899999999468e+01 7.087799800000000516e+01
1.353189999999999884e+02 1.829989930000000129e+02
1.251250000000000000e+02 1.399909969999999930e+02
9.430300099999999475e+01 1.827980039999999917e+02
1.759859920000000102e+02 1.051279980000000052e+02
1.811320039999999949e+02 1.702299959999999999e+02
1.456950070000000039e+02 2.522220000000000084e+02
1.574270019999999874e+02 2.689570009999999911e+02
2.818700000000000117e+01 1.134079969999999946e+02
1.766380000000000052e+02 2.642760010000000079e+02
1.774080050000000028e+02 1.783229980000000126e+02
2.592299999999999827e+01 7.078800200000000586e+01
8.752200299999999800e+01 1.833919980000000010e+02
1.246400000000000041e+01 1.307010040000000117e+02
1.007079999999999984e+02 7.199199699999999780e+01
1.521340030000000070e+02 7.110299700000000200e+01
1.773600010000000111e+02 1.785350039999999865e+02
1.099700009999999963e+02 2.488910060000000044e+02
5.295500200000000035e+01 1.814290009999999995e+02
7.401000200000000007e+01 7.367099799999999732e+01
5.685800199999999904e+01 1.132070010000000053e+02
1.914199999999999946e+01 1.558090060000000108e+02
1.522070009999999911e+02 2.518800050000000113e+02
3.225299799999999806e+01 3.702600100000000083e+01
1.225090030000000070e+02 1.123030009999999947e+02
1.336369929999999897e+02 6.878199800000000153e+01
1.451299999999999990e+01 2.052140049999999860e+02
1.080599979999999931e+02 5.249499899999999997e+01
1.379620060000000024e+02 1.797339939999999956e+02
1.852899899999999889e+01 1.599640049999999860e+02
9.006600199999999745e+01 1.398800050000000113e+02
1.897100100000000111e+01 2.185149989999999889e+02
1.213109970000000004e+02 1.811309970000000078e+02
1.351970059999999876e+02 2.547469940000000008e+02
2.146199999999999974e+01 7.729399899999999946e+01
1.141659999999999968e+02 6.858699799999999414e+01
3.342800100000000185e+01 1.380689999999999884e+02
9.825700399999999490e+01 2.705180050000000165e+02
4.176699800000000096e+01 1.794080050000000028e+02
1.092529980000000052e+02 2.695679930000000013e+02
6.784999799999999937e+01 7.364399699999999882e+01
1.101989970000000056e+02 1.817510069999999871e+02
3.727500200000000063e+01 1.115230030000000028e+02
3.113800000000000168e+01 1.936459959999999967e+02
7.148999799999999993e+01 1.090960010000000011e+02
1.554720000000000084e+02 1.387920070000000123e+02
7.055400099999999952e+01 1.383309940000000040e+02
1.573860019999999906e+02 5.258200099999999821e+01
1.494299999999999962e+01 1.099860000000000042e+02
1.736380000000000052e+02 1.795549929999999961e+02
9.681199599999999350e+01 1.397250060000000076e+02
1.043899990000000031e+02 1.394869999999999948e+02
1.787810059999999908e+02 1.490700070000000039e+02
6.858899700000000621e+01 7.246900200000000325e+01
2.432300000000000040e+01 7.266899899999999946e+01
5.849399900000000230e+01 1.560769960000000083e+02
1.438419949999999972e+02 1.820209959999999967e+02
1.573520049999999912e+02 4.911800000000000210e+01
1.180429989999999947e+02 2.687629999999999768e+02
9.780599999999999739e+01 5.353599899999999678e+01
5.086099999999999710e+01 1.388930049999999881e+02
1.562649989999999889e+02 4.014799899999999866e+01
9.722799700000000200e+01 3.979800000000000182e+01
1.549069979999999873e+02 5.901900100000000293e+01
1.601739959999999883e+02 7.104900399999999649e+01
1.470249939999999924e+02 7.042700200000000166e+01
1.138410030000000006e+02 2.678720089999999914e+02
1.498800050000000113e+02 1.827019960000000083e+02
1.359779969999999878e+02 1.126640009999999990e+02
2.957099900000000048e+01 1.390599980000000073e+02
5.762099800000000016e+01 2.041139980000000094e+02
1.363020019999999874e+02 1.402039949999999919e+02
1.292100069999999903e+02 3.880099899999999735e+01
1.868300100000000086e+01 1.073840030000000070e+02
1.178750000000000000e+02 1.121910019999999975e+02
5.418199899999999758e+01 1.384199979999999925e+02
9.250399799999999573e+01 2.662959900000000175e+02
1.661419980000000010e+02 5.515299999999999869e+01
6.142699799999999755e+01 1.384570009999999911e+02
2.221600000000000108e+01 1.083489990000000063e+02
3.327600100000000083e+01 1.122259980000000041e+02
1.589010010000000079e+02 5.901200099999999793e+01
6.821399700000000621e+01 1.292279969999999878e+02
1.782819979999999873e+02 8.097599800000000414e+01
1.735460050000000081e+02 1.060619959999999935e+02
6.152399799999999885e+01 1.800630040000000065e+02
1.704479980000000126e+02 1.084940030000000064e+02
4.440800099999999873e+01 1.124950029999999970e+02
2.266900100000000151e+01 1.777330019999999990e+02
9.035299700000000200e+01 6.980500000000000682e+01
3.125499900000000153e+01 1.918350069999999903e+02
7.334300199999999847e+01 1.816979980000000126e+02
1.031159969999999930e+02 6.457599600000000351e+01
6.576599899999999366e+01 1.821820069999999987e+02
9.106400299999999959e+01 2.660220029999999838e+02
2.066099900000000034e+01 2.340570069999999987e+02
5.806100099999999742e+01 1.118980030000000028e+02
1.692039949999999919e+02 6.277100000000000080e+01
1.173639979999999952e+02 2.614689940000000092e+02
1.764889980000000094e+02 1.446349950000000035e+02
1.132460020000000043e+02 6.909200300000000539e+01
1.790820009999999911e+02 2.573850100000000225e+02
7.599299600000000510e+01 1.444850010000000111e+02
1.795780029999999954e+02 9.715100099999999372e+01
3.220700099999999821e+01 1.383209990000000005e+02
1.570310059999999908e+02 1.384170070000000123e+02
1.457220000000000084e+02 7.148100300000000118e+01
1.616540070000000071e+02 1.823820039999999949e+02
1.102379990000000021e+02 1.633000030000000038e+02
1.566439970000000130e+02 1.888300020000000075e+02
4.748599999999999710e+01 2.107420040000000085e+02
1.002990039999999965e+02 5.507199899999999815e+01
2.925000000000000000e+01 1.109940030000000064e+02
4.745399900000000315e+01 1.404029999999999916e+02
1.201819990000000047e+02 2.592359920000000102e+02
1.125280000000000058e+02 1.433000030000000038e+02
1.084940030000000064e+02 1.417389980000000094e+02
1.180589980000000025e+02 1.003280029999999954e+02
2.487999900000000153e+01 1.788090060000000108e+02
1.266890029999999996e+02 1.440809940000000040e+02
3.151199899999999943e+01 1.302610019999999906e+02
2.179899999999999949e+01 2.262799990000000037e+02
8.542400399999999649e+01 1.392140049999999860e+02
1.710209959999999967e+02 6.998100300000000118e+01
1.255930019999999985e+02 1.795240019999999959e+02
2.086700099999999836e+01 1.674550020000000075e+02
1.515540009999999995e+02 1.145350040000000007e+02
1.089199980000000068e+02 7.547100100000000111e+01
9.627600099999999372e+01 1.818589939999999956e+02
1.422059940000000040e+02 2.543670040000000085e+02
4.380599999999999739e+01 1.397480009999999879e+02
9.402899899999999889e+01 2.669729919999999765e+02
6.789199800000000096e+01 1.382369999999999948e+02
8.533699799999999414e+01 1.094869999999999948e+02
5.446300099999999844e+01 7.022399900000000628e+01
1.573730009999999879e+02 1.974920040000000085e+02
3.650899900000000287e+01 1.389770049999999912e+02
4.277199900000000099e+01 1.107679980000000057e+02
3.246900200000000325e+01 5.455499999999999972e+01
6.890200000000000102e+01 1.394559940000000040e+02
1.579159999999999968e+02 1.922590030000000070e+02
1.778240049999999997e+02 1.767330019999999990e+02
3.077300100000000072e+01 1.820509950000000003e+02
9.167299699999999518e+01 1.107819980000000015e+02
1.645659939999999892e+02 1.956199949999999887e+02
2.924200099999999836e+01 1.829310000000000116e+02
1.059820019999999943e+02 1.821869959999999935e+02
1.684859920000000102e+02 1.808950040000000001e+02
1.484669949999999972e+02 2.519499969999999962e+02
1.682740019999999959e+02 1.397030029999999954e+02
1.599640049999999860e+02 1.383899989999999889e+02
1.186340030000000070e+02 1.793880000000000052e+02
1.420700070000000039e+02 1.387259980000000041e+02
3.211299900000000207e+01 4.009100000000000108e+01
9.568299899999999525e+01 2.680169980000000010e+02
1.130770030000000048e+02 2.625950010000000248e+02
1.086019969999999972e+02 1.780910030000000006e+02
1.267320019999999943e+02 1.420339969999999994e+02
2.826300000000000168e+01 1.407680049999999881e+02
1.378060000000000116e+02 2.403529969999999878e+02
3.358499900000000338e+01 1.833730009999999879e+02
7.888700099999999793e+01 2.648879999999999768e+02
1.436719970000000046e+02 6.964299800000000573e+01
1.060100020000000001e+02 2.631300049999999828e+02
3.101300000000000168e+01 4.191500099999999662e+01
1.563179930000000013e+02 1.987590030000000070e+02
1.461860049999999944e+02 2.690239869999999769e+02
5.659299899999999894e+01 2.596539920000000166e+02
1.612100069999999903e+02 2.682390139999999974e+02
1.708910060000000044e+02 7.399500299999999697e+01
1.660890049999999860e+02 6.912100200000000427e+01
1.254869999999999948e+02 2.592460019999999759e+02
7.181300400000000650e+01 1.382059940000000040e+02
3.111700099999999836e+01 1.892339939999999956e+02
1.677949979999999925e+02 1.831529999999999916e+02
1.032269969999999972e+02 4.312200200000000194e+01
1.123690030000000064e+02 1.641920010000000048e+02
5.285200100000000134e+01 5.133299999999999841e+01
1.689739989999999921e+02 2.513950040000000001e+02
1.468269960000000083e+02 2.520200040000000001e+02
1.543309940000000040e+02 1.231419980000000010e+02
3.991199900000000156e+01 1.505130000000000052e+02
5.621600000000000108e+01 1.399179990000000089e+02
3.054999899999999968e+01 2.009380040000000065e+02
7.260299700000000200e+01 4.936399800000000226e+01
1.174000020000000006e+02 2.252760010000000079e+02
9.034300199999999847e+01 7.032499699999999621e+01
7.302200299999999800e+01 2.645920100000000161e+02
4.441400099999999895e+01 1.813930049999999881e+02
1.113089980000000025e+02 1.628090060000000108e+02
1.634140010000000132e+02 1.121979979999999983e+02
4.161999899999999997e+01 1.654170070000000123e+02
2.776399999999999935e+01 1.812200009999999963e+02
1.310440059999999960e+02 2.583670040000000085e+02
1.587259980000000041e+02 1.834570009999999911e+02
1.306380000000000052e+02 7.136000099999999691e+01
2.710399999999999920e+01 1.791990049999999997e+02
1.101439969999999988e+02 2.640899959999999851e+02
1.635870060000000024e+02 1.383999939999999924e+02
1.417900000000000027e+01 1.306589969999999994e+02
8.515100099999999372e+01 1.421790009999999995e+02
1.536959990000000005e+02 1.830130000000000052e+02
1.522619929999999897e+02 7.119699900000000525e+01
2.041099900000000034e+01 1.635429990000000089e+02
9.629599799999999732e+01 4.041799900000000179e+01
7.644499999999999318e+01 7.688899999999999579e+01
1.685350039999999865e+02 2.514550020000000075e+02
7.746600300000000061e+01 1.079329989999999952e+02
1.180599979999999931e+02 1.692790070000000071e+02
4.087599900000000019e+01 1.393329929999999877e+02
1.105599979999999931e+02 1.118539959999999951e+02
1.267160030000000006e+02 1.105000000000000000e+02
1.962000099999999847e+01 1.029290009999999995e+02
1.726049959999999999e+02 1.418760069999999871e+02
1.043010029999999944e+02 7.323300199999999904e+01
1.275090030000000070e+02 1.421419980000000010e+02
1.168209990000000005e+02 6.928299699999999461e+01
8.370600100000000054e+01 7.295799999999999841e+01
1.309470059999999876e+02 2.677200010000000248e+02
1.579060059999999908e+02 1.386889950000000056e+02
3.770900000000000318e+01 1.104449999999999932e+02
1.568189999999999884e+02 7.216700000000000159e+01
1.173010029999999944e+02 1.122720029999999980e+02
1.697120060000000024e+02 2.655329899999999839e+02
2.119099999999999895e+01 9.017500300000000379e+01
5.736600099999999713e+01 1.108799970000000030e+02
1.003960040000000049e+02 1.660440059999999960e+02
1.071859970000000004e+02 1.096620029999999986e+02
1.121800000000000068e+02 1.120979999999999990e+02
3.304499799999999965e+01 1.829920040000000085e+02
1.387350010000000111e+02 2.558580019999999990e+02
2.137700099999999992e+01 1.686430049999999881e+02
6.862000299999999697e+01 3.587799799999999806e+01
9.777400199999999586e+01 2.637720029999999838e+02
1.442440029999999922e+02 1.790760040000000117e+02
4.988999900000000309e+01 1.393509980000000041e+02
1.991500100000000018e+01 1.631840060000000108e+02
2.349500099999999847e+01 1.724320069999999987e+02
1.138150020000000069e+02 1.674799959999999999e+02
1.660870060000000024e+02 1.429750060000000076e+02
1.459920040000000085e+02 1.820379939999999976e+02
9.948500099999999691e+01 2.693340150000000222e+02
1.773820039999999949e+02 1.505529940000000124e+02
1.014329989999999952e+02 1.680420070000000123e+02
5.514300200000000274e+01 1.504259950000000003e+02
3.152100000000000080e+01 2.006179960000000051e+02
5.724700200000000194e+01 1.522830050000000028e+02
1.800859989999999868e+02 1.713119959999999935e+02
1.487440029999999922e+02 1.382740019999999959e+02
2.217200100000000162e+01 1.500489959999999883e+02
9.617500300000000379e+01 2.668909909999999854e+02
3.625699999999999790e+01 1.836979980000000126e+02
1.040110020000000048e+02 1.635359950000000140e+02
9.650399799999999573e+01 5.586800000000000210e+01
1.481799929999999961e+02 7.151000200000000007e+01
4.531700099999999765e+01 1.810560000000000116e+02
4.895299899999999838e+01 7.191000400000000070e+01
1.285579989999999952e+02 2.367449949999999887e+02
2.243799999999999883e+01 7.794599900000000048e+01
9.428199800000000153e+01 1.414600069999999903e+02
1.408370060000000024e+02 1.391459959999999967e+02
6.098300199999999904e+01 1.586380000000000052e+02
2.001600099999999927e+01 1.546439970000000130e+02
1.576269990000000121e+02 2.055480039999999917e+02
4.038100099999999770e+01 1.480679930000000013e+02
2.400900100000000137e+01 1.077669980000000010e+02
5.703099799999999675e+01 1.707270049999999912e+02
1.154860000000000042e+02 1.770850069999999903e+02
9.722899599999999509e+01 1.670760040000000117e+02
9.203500400000000070e+01 1.060780029999999954e+02
1.051579969999999946e+02 1.814400019999999927e+02
9.905799899999999525e+01 2.680039980000000241e+02
3.211700100000000191e+01 1.092170030000000054e+02
1.568410030000000006e+02 1.234030000000000058e+02
1.620079959999999915e+02 7.311399799999999516e+01
1.135339969999999994e+02 1.121460040000000049e+02
7.682800299999999538e+01 1.532100069999999903e+02
1.283170010000000048e+02 1.074690020000000032e+02
1.739880070000000103e+02 8.214299800000000573e+01
7.832199900000000525e+01 1.473659969999999930e+02
1.562649989999999889e+02 1.244990010000000069e+02
9.932900200000000268e+01 7.456600199999999745e+01
1.002320019999999943e+02 1.635279999999999916e+02
1.583589939999999956e+02 1.115979999999999990e+02
5.468199899999999758e+01 1.803580019999999990e+02
1.080350040000000007e+02 2.645409849999999778e+02
3.966199900000000156e+01 1.643139950000000056e+02
1.167030029999999954e+02 1.543159939999999892e+02
1.026460040000000049e+02 1.601329959999999915e+02
1.067129970000000014e+02 1.585679930000000013e+02
1.766459959999999967e+02 1.601179960000000051e+02
1.752500000000000000e+02 8.176300000000000523e+01
1.788919980000000010e+02 1.594170070000000123e+02
1.539230039999999917e+02 1.135449980000000068e+02
1.700659939999999892e+02 1.532120060000000024e+02
1.164459990000000005e+02 8.809899900000000628e+01
1.758899989999999889e+02 1.777400049999999965e+02
1.008030009999999947e+02 1.701580050000000028e+02
3.962300100000000214e+01 1.023499979999999994e+02
6.515200000000000102e+01 8.744499999999999318e+01
1.057949980000000068e+02 1.811620029999999986e+02
1.552059940000000040e+02 2.528229980000000126e+02
3.027700000000000102e+01 7.437200199999999484e+01
6.615200000000000102e+01 2.668049930000000245e+02
1.243320010000000053e+02 1.108099979999999931e+02
1.713520049999999912e+02 1.777839969999999994e+02
3.678499999999999659e+01 1.800359950000000140e+02
1.020350040000000007e+02 2.643540039999999749e+02
7.473000299999999640e+01 1.058529970000000020e+02
1.641430049999999881e+02 2.533480069999999955e+02
1.440859989999999868e+02 2.088110049999999944e+02
6.415000200000000063e+01 1.389159999999999968e+02
9.156600199999999745e+01 7.221199799999999414e+01
1.479880070000000103e+02 9.375199899999999786e+01
1.748000030000000038e+02 8.364399699999999882e+01
1.774960020000000043e+02 1.595420070000000123e+02
1.763869929999999897e+02 1.008720019999999948e+02
1.430449979999999925e+02 7.619300099999999532e+01
1.658780059999999992e+02 1.622380070000000103e+02
2.049200099999999836e+01 1.178479999999999990e+02
1.524510040000000117e+02 2.676130069999999819e+02
8.737999700000000303e+01 2.311959990000000005e+02
1.071809999999999974e+02 1.647239989999999921e+02
6.752999900000000366e+01 1.673079989999999952e+02
1.189929960000000051e+02 9.476399999999999579e+01
1.241770020000000017e+02 1.563999939999999924e+02
1.244270020000000017e+02 1.104710010000000011e+02
1.412030029999999954e+02 2.658219910000000255e+02
7.596700300000000539e+01 2.641979979999999841e+02
9.488099699999999359e+01 1.798880000000000052e+02
1.207239990000000063e+02 1.017839969999999994e+02
4.003300099999999873e+01 7.432499699999999621e+01
3.916599999999999682e+01 1.405549929999999961e+02
7.340799699999999461e+01 7.587599899999999309e+01
3.992100099999999685e+01 9.883000199999999325e+01
2.212400099999999981e+01 1.195500030000000038e+02
1.353639980000000094e+02 2.674809880000000248e+02
9.763200399999999490e+01 2.460500030000000038e+02
4.999200100000000191e+01 1.517810059999999908e+02
1.426089939999999956e+02 1.416690059999999960e+02
1.162180019999999985e+02 1.003840030000000070e+02
1.700070039999999949e+02 2.654460139999999910e+02
5.502700000000000102e+01 1.774060059999999908e+02
1.397940059999999960e+02 2.317259980000000041e+02
9.579499800000000675e+01 1.411519930000000045e+02
1.127969970000000046e+02 1.761170040000000085e+02
1.480700070000000039e+02 2.646449890000000096e+02
1.361649930000000097e+02 2.349089969999999994e+02
4.011200000000000188e+01 1.480110019999999906e+02
4.145900000000000318e+01 7.405899800000000255e+01
5.369599900000000048e+01 1.403329929999999877e+02
5.850099900000000019e+01 1.525899960000000135e+02
1.079940030000000064e+02 7.505799899999999525e+01
1.579230039999999917e+02 2.263240049999999997e+02
1.032129970000000014e+02 1.770540009999999995e+02
6.508999599999999930e+01 1.679479980000000126e+02
1.142020030000000048e+02 2.276390079999999898e+02
1.324839939999999956e+02 7.243499799999999311e+01
4.549599800000000016e+01 2.501990049999999997e+02
1.027580030000000022e+02 1.614159999999999968e+02
1.004100040000000007e+02 9.790499900000000366e+01
1.043469999999999942e+02 1.756109920000000102e+02
8.537200199999999484e+01 1.677909999999999968e+02
7.975000000000000000e+01 1.567319950000000119e+02
1.330209959999999967e+02 1.685070039999999949e+02
5.123500099999999691e+01 1.666970059999999876e+02
1.584420010000000048e+02 2.569580080000000066e+02
1.337779999999999916e+02 9.655000300000000379e+01
1.422610019999999906e+02 7.766700000000000159e+01
7.030799899999999525e+01 1.441329959999999915e+02
5.411099999999999710e+01 1.091250000000000000e+02
3.390399899999999889e+01 7.558400000000000318e+01
1.573829959999999915e+02 2.053569950000000119e+02
2.050799900000000164e+01 1.043300019999999932e+02
1.006169969999999978e+02 1.591439970000000130e+02
1.063190000000000026e+02 7.672399900000000628e+01
1.542079929999999877e+02 2.292769930000000045e+02
1.057119979999999941e+02 1.645749969999999962e+02
7.504200000000000159e+01 7.791799899999999468e+01
3.495500200000000035e+01 2.451280059999999992e+02
4.322299999999999898e+01 2.257929990000000089e+02
1.680339969999999994e+02 1.427250060000000076e+02
1.468809970000000078e+02 7.351699800000000096e+01
1.672720030000000122e+02 2.523470000000000084e+02
7.211399799999999516e+01 1.790249939999999924e+02
7.999199699999999780e+01 1.059329989999999952e+02
1.216689989999999995e+02 7.133899700000000621e+01
1.594299929999999961e+02 1.011569980000000015e+02
1.140810010000000005e+02 1.765579989999999952e+02
6.376599900000000076e+01 1.402850039999999865e+02
6.385300099999999901e+01 9.395500199999999325e+01
1.575099950000000035e+02 1.227730030000000028e+02
1.174290009999999995e+02 1.120380020000000059e+02
1.104970019999999948e+02 1.644299929999999961e+02
2.293899899999999903e+01 8.875599699999999359e+01
8.322699699999999723e+01 1.556230009999999879e+02
1.680720059999999876e+02 7.451100200000000484e+01
6.001200099999999793e+01 1.413229980000000126e+02
1.359550020000000075e+02 2.352420040000000085e+02
7.406700100000000475e+01 1.444329989999999952e+02
5.655099899999999735e+01 1.488079989999999952e+02
3.039199999999999946e+01 1.803529969999999878e+02
1.676049959999999999e+02 1.779190059999999960e+02
5.944400000000000261e+01 9.322599800000000414e+01
5.991899899999999946e+01 1.687279969999999878e+02
9.790799699999999461e+01 2.338090060000000108e+02
6.472699699999999723e+01 7.309100300000000061e+01
1.300099950000000035e+02 9.826899699999999882e+01
1.764230039999999917e+02 9.127800000000000580e+01
1.684109950000000140e+02 1.011630020000000059e+02
1.537559970000000078e+02 2.665910030000000006e+02
1.128960040000000049e+02 1.549980009999999879e+02
1.344210050000000081e+02 7.170300299999999538e+01
9.393399800000000255e+01 1.037600020000000001e+02
1.710180049999999881e+02 1.042480010000000021e+02
1.140889970000000062e+02 8.727200299999999800e+01
1.002289959999999951e+02 1.719210050000000081e+02
1.625650019999999927e+02 1.083610000000000042e+02
1.410279999999999916e+02 1.108280029999999954e+02
8.012000299999999697e+01 4.859799999999999898e+01
1.645469970000000046e+02 7.960299700000000200e+01
7.024700199999999484e+01 1.071989970000000056e+02
1.530619959999999935e+02 7.421099900000000105e+01
1.648459929999999929e+02 1.610140079999999898e+02
3.295799999999999841e+01 1.478880000000000052e+02
4.707699999999999818e+01 2.391790009999999995e+02
8.062799800000000516e+01 1.794660030000000006e+02
1.648999939999999924e+02 2.550390010000000132e+02
1.487510069999999871e+02 1.813370060000000024e+02
3.629999899999999968e+01 1.395709990000000005e+02
1.064889979999999952e+02 1.090520020000000017e+02
4.324599800000000016e+01 1.669609989999999868e+02
1.323320009999999911e+02 1.784620060000000024e+02
2.704500000000000171e+01 2.179360049999999944e+02
1.780339969999999994e+02 1.733820039999999949e+02
1.504590000000000032e+02 2.375659939999999892e+02
1.139110029999999938e+02 1.111829989999999952e+02
1.008590010000000063e+02 8.194799799999999834e+01
6.795999899999999627e+01 1.413350069999999903e+02
6.477899899999999889e+01 1.803569950000000119e+02
1.654470059999999876e+02 2.657730099999999993e+02
1.158119959999999935e+02 1.449530029999999954e+02
2.392699999999999960e+01 8.050399799999999573e+01
8.328500400000000070e+01 1.512579959999999915e+02
1.138130040000000065e+02 1.449920040000000085e+02
1.010820010000000053e+02 1.598029940000000124e+02
1.621540070000000071e+02 1.121240010000000069e+02
2.471900000000000119e+01 7.615799699999999461e+01
1.032229999999999990e+02 1.726810000000000116e+02
9.663400300000000698e+01 1.705209959999999967e+02
5.094300100000000242e+01 7.257299799999999834e+01
1.674790040000000033e+02 1.753060000000000116e+02
1.024550019999999932e+02 1.629980009999999879e+02
1.199889979999999952e+02 9.121700300000000539e+01
4.058400000000000318e+01 2.454170070000000123e+02
6.565000200000000063e+01 1.052920000000000016e+02
3.523599999999999710e+01 1.763639980000000094e+02
3.745799999999999841e+01 1.400529940000000124e+02
4.756399900000000258e+01 8.739199800000000096e+01
2.986300100000000057e+01 1.582810059999999908e+02
1.779450070000000039e+02 1.737519990000000121e+02
1.727760010000000079e+02 1.733410030000000006e+02
7.716700000000000159e+01 1.695449979999999925e+02
3.002499999999999858e+01 9.705899800000000255e+01
1.202409969999999930e+02 1.556519930000000045e+02
5.898500099999999691e+01 7.288800000000000523e+01
1.659199979999999925e+02 1.578849950000000035e+02
4.921500000000000341e+01 1.074919969999999978e+02
7.691999800000000675e+01 1.669019930000000045e+02
1.115380020000000059e+02 1.092170030000000054e+02
1.565520019999999874e+02 1.124120029999999986e+02
5.884100000000000108e+01 1.072440030000000064e+02
1.537290040000000033e+02 1.689530029999999954e+02
2.154000100000000018e+01 9.642500300000000379e+01
1.764609989999999868e+02 2.562999879999999848e+02
1.126399990000000031e+02 1.747949979999999925e+02
3.594500000000000028e+01 1.775619959999999935e+02
5.079600099999999685e+01 1.673430020000000127e+02
1.464609989999999868e+02 1.448379970000000014e+02
1.649880070000000103e+02 1.572220000000000084e+02
1.007219999999999942e+02 9.327400199999999586e+01
1.339730069999999955e+02 1.650980069999999955e+02
7.330000300000000379e+01 1.509790040000000033e+02
1.586620029999999986e+02 1.795010069999999871e+02
3.515499899999999656e+01 7.701200099999999793e+01
1.235940020000000032e+02 1.021920010000000048e+02
1.599450070000000039e+02 1.024170000000000016e+02
1.423899989999999889e+02 1.788990019999999959e+02
1.248199999999999932e+02 2.618640139999999974e+02
2.794700100000000020e+01 1.737449949999999887e+02
1.723690029999999922e+02 1.695579989999999952e+02
1.695870060000000024e+02 1.423540040000000033e+02
4.614799899999999866e+01 9.608899700000000621e+01
1.570220030000000122e+02 1.642689970000000130e+02
6.588600200000000484e+01 1.773189999999999884e+02
1.114700009999999963e+02 2.421860049999999944e+02
1.554320069999999987e+02 2.657789920000000166e+02
1.150589980000000025e+02 7.058799700000000144e+01
5.882300200000000245e+01 1.734439999999999884e+02
7.299099699999999302e+01 1.437380070000000103e+02
8.688400300000000698e+01 1.792729950000000088e+02
1.571519930000000045e+02 2.214170070000000123e+02
2.750600100000000126e+01 8.850399799999999573e+01
1.411909939999999892e+02 1.102180019999999985e+02
4.266199900000000156e+01 1.769089969999999994e+02
1.196999969999999962e+02 1.678480069999999955e+02
1.692380070000000103e+02 2.533699949999999887e+02
7.211699699999999780e+01 1.458520049999999912e+02
