1.892140049999999860e+02 3.227300109999999904e+02
1.638079989999999952e+02 3.594450069999999755e+02
1.545879970000000014e+02 3.421239929999999845e+02
2.171000060000000076e+02 3.532449950000000172e+02
2.389439999999999884e+02 3.365700069999999755e+02
1.703569950000000119e+02 3.713009950000000003e+02
1.609709929999999929e+02 3.354710079999999834e+02
1.546380000000000052e+02 3.577529910000000086e+02
1.856679990000000089e+02 3.356040039999999749e+02
1.256210020000000043e+02 3.236640009999999847e+02
1.522920070000000123e+02 3.476489869999999769e+02
1.766499939999999924e+02 3.714849849999999947e+02
1.651210020000000043e+02 3.455129999999999768e+02
1.280359950000000140e+02 3.609519960000000083e+02
1.538780059999999992e+02 3.722659909999999854e+02
1.381909939999999892e+02 3.695280149999999821e+02
1.536360019999999906e+02 3.098670040000000085e+02
1.938750000000000000e+02 3.423819889999999759e+02
1.447270049999999912e+02 3.634100040000000149e+02
1.560639950000000056e+02 3.345759889999999928e+02
1.797830050000000028e+02 3.154200129999999831e+02
1.602270049999999912e+02 3.270490110000000072e+02
1.766289979999999957e+02 3.500020139999999742e+02
1.768659969999999930e+02 3.719070130000000063e+02
1.944519960000000083e+02 3.631229860000000258e+02
1.763229980000000126e+02 3.202210079999999834e+02
2.275350039999999865e+02 3.636050109999999904e+02
1.565229950000000088e+02 3.554809880000000248e+02
1.629100039999999865e+02 3.805669859999999858e+02
1.680919949999999972e+02 3.318299870000000169e+02
1.576320039999999949e+02 3.848229979999999841e+02
2.095520019999999874e+02 3.422009889999999928e+02
1.436219940000000008e+02 3.572489929999999845e+02
1.295500030000000038e+02 3.455520020000000159e+02
1.948040009999999995e+02 3.251300049999999828e+02
1.313309940000000040e+02 3.620409849999999778e+02
1.638350069999999903e+02 3.197529910000000086e+02
2.090189970000000130e+02 3.440239869999999769e+02
1.320619959999999935e+02 3.388320009999999911e+02
1.538659969999999930e+02 3.600559999999999832e+02
1.550610049999999944e+02 3.192179869999999937e+02
1.583269960000000083e+02 3.251419980000000010e+02
1.875930020000000127e+02 3.329750060000000076e+02
1.439179990000000089e+02 3.764100040000000149e+02
1.627070009999999911e+02 3.468980099999999993e+02
1.579170070000000123e+02 3.876600040000000149e+02
1.752380070000000103e+02 3.518630069999999819e+02
1.637100069999999903e+02 3.661650089999999977e+02
1.835529940000000124e+02 3.405790099999999825e+02
2.334250030000000038e+02 3.428469850000000179e+02
1.335659939999999892e+02 3.241919859999999858e+02
1.627480009999999879e+02 3.674899899999999775e+02
2.302830050000000028e+02 3.442470089999999914e+02
1.719700009999999963e+02 3.582479860000000258e+02
1.412810059999999908e+02 3.712380069999999819e+02
1.915200040000000001e+02 3.349769900000000007e+02
1.804880070000000103e+02 3.286180110000000241e+02
1.487640079999999898e+02 3.339960019999999759e+02
1.942539979999999957e+02 3.549819949999999835e+02
1.504490049999999997e+02 3.228900150000000053e+02
1.487460020000000043e+02 3.785409849999999778e+02
1.565200040000000001e+02 3.799320069999999987e+02
1.608569950000000119e+02 3.218779910000000086e+02
1.765299990000000037e+02 3.435469969999999762e+02
1.565919949999999972e+02 3.707090150000000222e+02
1.592899930000000097e+02 3.252810059999999908e+02
1.326560059999999908e+02 3.311849980000000073e+02
1.327960050000000081e+02 3.433590090000000146e+02
1.860840000000000032e+02 3.208529970000000162e+02
1.515339969999999994e+02 3.152139890000000264e+02
1.416679990000000089e+02 3.577319949999999835e+02
1.618000030000000038e+02 3.426459960000000251e+02
1.358849950000000035e+02 3.226690060000000244e+02
1.470409999999999968e+02 3.182359920000000102e+02
1.532129970000000014e+02 3.728750000000000000e+02
1.632830050000000028e+02 3.571589969999999994e+02
1.414779969999999878e+02 3.673460079999999834e+02
1.911810000000000116e+02 3.499590150000000222e+02
1.621820069999999987e+02 3.345620119999999815e+02
1.261719970000000046e+02 3.294989929999999845e+02
1.486580050000000028e+02 3.108980099999999993e+02
1.494869999999999948e+02 3.508620000000000232e+02
1.338699949999999887e+02 3.350199890000000096e+02
1.613829959999999915e+02 3.469540099999999825e+02
1.511289979999999957e+02 3.295129999999999768e+02
1.333260040000000117e+02 3.612709960000000251e+02
1.587660060000000044e+02 3.510599980000000073e+02
1.588730009999999879e+02 3.046659849999999778e+02
1.524790040000000033e+02 3.772850040000000149e+02
1.755679930000000013e+02 3.539320069999999987e+02
1.247929989999999947e+02 3.487950129999999831e+02
1.794080050000000028e+02 3.679419859999999858e+02
1.776289979999999957e+02 3.754079899999999839e+02
1.469629970000000014e+02 3.438120119999999815e+02
2.284409939999999892e+02 3.445499879999999848e+02
2.168829959999999915e+02 3.179299930000000245e+02
1.556549990000000037e+02 3.789089969999999994e+02
1.766320039999999949e+02 3.712000120000000152e+02
1.727619929999999897e+02 3.245759889999999928e+02
1.923329929999999877e+02 3.444890139999999974e+02
1.298979950000000088e+02 3.261069949999999835e+02
1.545659939999999892e+02 3.577260130000000231e+02
1.421459959999999967e+02 3.322090150000000222e+02
1.710870060000000024e+02 3.811480099999999993e+02
1.918910060000000044e+02 3.438970029999999838e+02
1.792019960000000083e+02 3.460539860000000090e+02
1.971929930000000013e+02 3.496390079999999898e+02
2.081649930000000097e+02 3.447399899999999775e+02
1.844850010000000111e+02 3.392109990000000153e+02
1.323619999999999948e+02 3.645599980000000073e+02
1.524649960000000135e+02 3.526239929999999845e+02
1.780720059999999876e+02 3.572009889999999928e+02
1.846080019999999990e+02 3.490409849999999778e+02
1.742920070000000123e+02 3.605060119999999984e+02
1.385130000000000052e+02 3.742420040000000085e+02
1.408549959999999999e+02 3.275830080000000066e+02
1.296000060000000076e+02 3.336099849999999947e+02
1.534100039999999865e+02 3.091220089999999914e+02
1.656199949999999887e+02 3.406589969999999994e+02
1.751119999999999948e+02 3.685419919999999934e+02
1.464120029999999986e+02 3.465280149999999821e+02
2.081880040000000065e+02 3.425690000000000168e+02
1.640859989999999868e+02 3.122109990000000153e+02
1.668379970000000014e+02 3.084849849999999947e+02
1.564579929999999877e+02 3.757579959999999915e+02
1.927389980000000094e+02 3.380159909999999854e+02
1.692129970000000014e+02 3.383370059999999739e+02
1.554420010000000048e+02 3.215440060000000244e+02
1.813659969999999930e+02 3.738540039999999749e+02
1.845050050000000113e+02 3.672760010000000079e+02
1.248750000000000000e+02 3.331520080000000235e+02
1.284839939999999956e+02 3.304679869999999937e+02
1.421269990000000121e+02 3.651159969999999930e+02
2.177689970000000130e+02 3.482770080000000235e+02
2.166840060000000108e+02 3.477160030000000006e+02
1.651080019999999990e+02 3.725580140000000142e+02
1.633099980000000073e+02 3.522160030000000006e+02
1.794219970000000046e+02 3.769809880000000248e+02
1.530019990000000121e+02 3.802600100000000225e+02
1.572890010000000132e+02 3.343609920000000102e+02
1.719730069999999955e+02 3.793120119999999815e+02
1.287389980000000094e+02 3.475090030000000070e+02
1.620339969999999994e+02 3.459970089999999914e+02
2.476529999999999916e+02 3.448840030000000070e+02
1.258229979999999983e+02 3.286839899999999943e+02
1.554310000000000116e+02 3.374419859999999858e+02
1.579450070000000039e+02 3.134790039999999749e+02
1.741950070000000039e+02 3.571870119999999815e+02
1.706320039999999949e+02 3.141820069999999987e+02
1.296580050000000028e+02 3.423580019999999990e+02
1.497350010000000111e+02 3.349819949999999835e+02
1.275080030000000022e+02 3.504649959999999851e+02
1.560299990000000037e+02 3.306950069999999755e+02
1.423060000000000116e+02 3.232669980000000010e+02
1.642630000000000052e+02 3.183779910000000086e+02
1.545809940000000040e+02 3.661770020000000159e+02
2.004680020000000127e+02 3.356440119999999752e+02
1.627250060000000076e+02 3.399150089999999977e+02
1.685820009999999911e+02 3.610599980000000073e+02
1.885079959999999915e+02 3.299679869999999937e+02
1.978509980000000041e+02 3.295880129999999895e+02
1.567799990000000037e+02 3.454400019999999927e+02
1.631649930000000097e+02 3.606520080000000235e+02
1.617729950000000088e+02 3.504039920000000166e+02
1.518560029999999870e+02 3.751669919999999934e+02
1.708300020000000075e+02 3.117770080000000235e+02
1.668470000000000084e+02 3.659660030000000006e+02
1.831130070000000103e+02 3.291229860000000258e+02
1.864920040000000085e+02 3.661359860000000026e+02
1.411100010000000111e+02 3.689689940000000092e+02
1.842899930000000097e+02 3.336560059999999908e+02
1.818760069999999871e+02 3.710000000000000000e+02
1.643170010000000048e+02 3.359700010000000248e+02
1.538789979999999957e+02 3.080639949999999772e+02
1.781369929999999897e+02 3.741069949999999835e+02
1.721929930000000013e+02 3.648590090000000146e+02
1.825039979999999957e+02 3.499670100000000161e+02
1.320350039999999865e+02 3.173710019999999759e+02
1.556130070000000103e+02 3.770320130000000063e+02
1.768589939999999956e+02 3.168229979999999841e+02
1.598410030000000006e+02 3.600220029999999838e+02
1.738809970000000078e+02 3.113649899999999775e+02
2.082079929999999877e+02 3.419320069999999987e+02
1.776439970000000130e+02 3.752510070000000155e+02
1.886269990000000121e+02 3.404909969999999930e+02
1.664579929999999877e+02 3.806090090000000146e+02
1.508820039999999949e+02 3.167239989999999921e+02
1.645579989999999952e+02 3.619750060000000076e+02
1.696210020000000043e+02 3.111919859999999858e+02
1.639210050000000081e+02 3.283399959999999851e+02
1.914720000000000084e+02 3.470150150000000053e+02
1.302610019999999906e+02 3.362739869999999769e+02
1.812429960000000051e+02 3.389710079999999834e+02
1.703110049999999944e+02 3.728190000000000168e+02
1.662079929999999877e+02 3.567609860000000026e+02
1.365050050000000113e+02 3.588800049999999828e+02
1.553580019999999990e+02 3.779289860000000090e+02
1.882839969999999994e+02 3.228760070000000155e+02
1.915110019999999906e+02 3.466780089999999745e+02
2.232160030000000006e+02 3.449679869999999937e+02
1.621219940000000008e+02 3.827980039999999917e+02
1.482899930000000097e+02 3.159240110000000072e+02
2.283470000000000084e+02 3.446430050000000165e+02
1.477830050000000028e+02 3.223380129999999895e+02
1.836170040000000085e+02 3.525790099999999825e+02
1.536080019999999990e+02 3.123489989999999921e+02
1.416679990000000089e+02 3.442380069999999819e+02
1.427100069999999903e+02 3.251940000000000168e+02
1.556430049999999881e+02 3.429880069999999819e+02
1.252060010000000005e+02 3.469620059999999739e+02
1.793630070000000103e+02 3.435740049999999997e+02
1.613739930000000129e+02 3.069559939999999756e+02
1.324010010000000079e+02 3.227349849999999947e+02
1.883849950000000035e+02 3.212309880000000248e+02
1.838979950000000088e+02 3.451090090000000146e+02
1.631609950000000140e+02 3.245809939999999756e+02
1.719600069999999903e+02 3.146499939999999924e+02
1.748079989999999952e+02 3.760950010000000248e+02
1.315050050000000113e+02 3.189930110000000241e+02
1.620090030000000070e+02 3.655780030000000238e+02
1.867339939999999956e+02 3.402290039999999749e+02
1.677590030000000070e+02 3.404760130000000231e+02
1.636519930000000045e+02 3.406050109999999904e+02
1.719720000000000084e+02 3.498789980000000241e+02
1.441329959999999915e+02 3.561560059999999908e+02
1.398070069999999987e+02 3.679590150000000222e+02
1.232200009999999963e+02 3.387940060000000244e+02
1.298860019999999906e+02 3.215690000000000168e+02
1.886109920000000102e+02 3.589930110000000241e+02
1.653079989999999952e+02 3.466449890000000096e+02
1.322720030000000122e+02 3.176600040000000149e+02
1.591810000000000116e+02 3.544469910000000255e+02
2.212209929999999929e+02 3.440220029999999838e+02
1.950079959999999915e+02 3.223370059999999739e+02
1.464510040000000117e+02 3.594159849999999778e+02
1.702760010000000079e+02 3.562390139999999974e+02
2.175050050000000113e+02 3.424790039999999749e+02
1.688229980000000126e+02 3.508840030000000070e+02
1.784299929999999961e+02 3.442919919999999934e+02
1.724530029999999954e+02 3.089360050000000228e+02
1.683009950000000003e+02 3.419890139999999974e+02
1.574389950000000056e+02 3.024790039999999749e+02
1.994490049999999997e+02 3.470929869999999937e+02
1.549450070000000039e+02 3.294159849999999778e+02
1.797270049999999912e+02 3.783640139999999974e+02
1.777940059999999960e+02 3.628999939999999924e+02
1.832100069999999903e+02 3.301990049999999997e+02
1.273270030000000048e+02 3.509079899999999839e+02
1.398170010000000048e+02 3.380429990000000089e+02
1.552209929999999929e+02 3.519079899999999839e+02
2.236979980000000126e+02 3.445780030000000238e+02
1.480449979999999925e+02 3.692189940000000092e+02
1.625729980000000126e+02 3.471539920000000166e+02
1.814129939999999976e+02 3.198179930000000013e+02
1.702530059999999992e+02 3.548609920000000102e+02
1.658829959999999915e+02 3.751740110000000072e+02
1.525050050000000113e+02 3.360329899999999839e+02
1.517640079999999898e+02 3.467009889999999928e+02
1.566929930000000013e+02 3.026210019999999759e+02
1.712810059999999908e+02 3.359979860000000258e+02
1.721670070000000123e+02 3.118739929999999845e+02
1.785619959999999935e+02 3.212850040000000149e+02
1.671739959999999883e+02 3.282629999999999768e+02
1.727420040000000085e+02 3.047560119999999984e+02
1.525729980000000126e+02 3.401530149999999821e+02
1.427810059999999908e+02 3.163620000000000232e+02
1.447109989999999868e+02 3.595369870000000105e+02
1.628549959999999999e+02 3.189920040000000085e+02
1.395099950000000035e+02 3.633200069999999755e+02
2.176020049999999912e+02 3.365209960000000251e+02
1.908390049999999860e+02 3.700350040000000149e+02
2.174049990000000037e+02 3.570060119999999984e+02
1.520720059999999876e+02 3.424039920000000166e+02
1.429779969999999878e+02 3.619500120000000152e+02
1.574320069999999987e+02 3.500820009999999911e+02
1.587010040000000117e+02 3.089289860000000090e+02
2.001970059999999876e+02 3.363959960000000251e+02
1.780370029999999986e+02 3.436719969999999762e+02
1.938379970000000014e+02 3.413439940000000092e+02
1.526549990000000037e+02 3.451820069999999987e+02
1.566280059999999992e+02 3.832200010000000248e+02
1.569029999999999916e+02 3.187739869999999769e+02
1.446139980000000094e+02 3.209490049999999997e+02
1.325269930000000045e+02 3.421400150000000053e+02
1.463589939999999956e+02 3.714570009999999911e+02
1.850379939999999976e+02 3.593009950000000003e+02
1.871750030000000038e+02 3.156019900000000007e+02
1.804889980000000094e+02 3.760369870000000105e+02
1.857350010000000111e+02 3.670880129999999895e+02
1.943910060000000044e+02 3.633349910000000023e+02
1.383560029999999870e+02 3.229280089999999745e+02
1.293869929999999897e+02 3.497430110000000241e+02
2.044960020000000043e+02 3.248729860000000258e+02
1.851589969999999994e+02 3.473089899999999943e+02
1.478130040000000065e+02 3.691849980000000073e+02
1.819969940000000008e+02 3.122810059999999908e+02
1.341770019999999874e+02 3.321059880000000248e+02
1.449539949999999919e+02 3.121459960000000251e+02
1.344429930000000013e+02 3.619549870000000169e+02
2.184929960000000051e+02 3.611159969999999930e+02
1.747989959999999883e+02 3.498139949999999772e+02
1.673170010000000048e+02 3.810610050000000228e+02
1.763099980000000073e+02 3.660050049999999828e+02
2.168630070000000103e+02 3.269079899999999839e+02
1.791499939999999924e+02 3.667200010000000248e+02
1.291069950000000119e+02 3.320220029999999838e+02
1.456609950000000140e+02 3.591629940000000261e+02
1.669199979999999925e+02 3.770000000000000000e+02
2.462039949999999919e+02 3.420710139999999910e+02
1.750939940000000092e+02 3.219020080000000235e+02
1.718289949999999919e+02 3.199590150000000222e+02
1.801529999999999916e+02 3.707359920000000102e+02
1.842120060000000024e+02 3.402799989999999752e+02
1.624389950000000056e+02 3.304020080000000235e+02
1.520390010000000132e+02 3.478840030000000070e+02
1.745039979999999957e+02 3.699630129999999895e+02
1.788600010000000111e+02 3.246839899999999943e+02
1.880570069999999987e+02 3.238250120000000152e+02
1.386820069999999987e+02 3.736229860000000258e+02
1.363329929999999877e+02 3.403280030000000238e+02
1.680590060000000108e+02 3.663039860000000090e+02
1.970290070000000071e+02 3.427430110000000241e+02
1.404900049999999965e+02 3.566069949999999835e+02
1.493320009999999911e+02 3.220960079999999834e+02
1.852530059999999992e+02 3.657330019999999990e+02
1.366649930000000097e+02 3.721960139999999910e+02
1.591670070000000123e+02 3.612969969999999762e+02
1.676170040000000085e+02 3.561480099999999993e+02
1.535509950000000003e+02 3.416770020000000159e+02
1.936410060000000044e+02 3.262219850000000179e+02
1.841089939999999956e+02 3.558750000000000000e+02
1.865140079999999898e+02 3.529200129999999831e+02
1.424940029999999922e+02 3.366499939999999924e+02
1.385709990000000005e+02 3.714070130000000063e+02
1.739989930000000129e+02 3.111409909999999854e+02
1.680000000000000000e+02 3.646849980000000073e+02
1.598529969999999878e+02 3.423309939999999756e+02
1.576490019999999959e+02 3.254010010000000079e+02
1.746820069999999987e+02 3.303179930000000013e+02
1.458970030000000122e+02 3.285580140000000142e+02
1.825610049999999944e+02 3.380719910000000255e+02
1.290260010000000079e+02 3.536650089999999977e+02
1.254609990000000010e+02 3.315719910000000255e+02
2.009470059999999876e+02 3.398399959999999851e+02
1.840050050000000113e+02 3.423949890000000096e+02
1.582339939999999956e+02 3.169419859999999858e+02
1.979790040000000033e+02 3.377569889999999759e+02
1.663209990000000005e+02 3.421289980000000241e+02
2.048529969999999878e+02 3.431239929999999845e+02
1.697740019999999959e+02 3.346619870000000105e+02
1.829010010000000079e+02 3.517250060000000076e+02
1.516929930000000013e+02 3.790979919999999765e+02
1.518970030000000122e+02 3.245719910000000255e+02
1.315050050000000113e+02 3.576539920000000166e+02
1.345279999999999916e+02 3.637909849999999778e+02
1.782899930000000097e+02 3.081990049999999997e+02
1.661369929999999897e+02 3.242520139999999742e+02
1.880310059999999908e+02 3.300140079999999898e+02
1.587129970000000014e+02 3.343410030000000006e+02
1.477319950000000119e+02 3.391560059999999908e+02
1.574969940000000008e+02 3.716579899999999839e+02
1.871519930000000045e+02 3.312290039999999749e+02
1.831679990000000089e+02 3.722229919999999765e+02
1.539989930000000129e+02 3.725350040000000149e+02
1.564660030000000006e+02 3.542780149999999821e+02
2.261889950000000056e+02 3.627420040000000085e+02
1.663309940000000040e+02 3.484039920000000166e+02
1.473659969999999930e+02 3.791140139999999974e+02
1.343860019999999906e+02 3.669779970000000162e+02
1.830970000000000084e+02 3.215169980000000010e+02
