2.518890079999999898e+02 6.938400300000000698e+01
2.244730069999999955e+02 9.276200099999999793e+01
2.232180020000000127e+02 9.885299700000000200e+01
2.217830050000000028e+02 1.065790020000000027e+02
2.376939999999999884e+02 1.084140009999999990e+02
2.097590030000000070e+02 9.027400199999999586e+01
2.177010040000000117e+02 6.913099699999999359e+01
2.208750000000000000e+02 7.812999700000000303e+01
2.086239930000000129e+02 1.058450009999999963e+02
2.533630070000000103e+02 9.376200099999999793e+01
2.422420040000000085e+02 7.083999599999999930e+01
2.570650019999999927e+02 1.039179989999999947e+02
2.403699949999999887e+02 8.762100200000000427e+01
1.985169980000000010e+02 9.711799600000000510e+01
2.293020019999999874e+02 9.468000000000000682e+01
2.590060119999999984e+02 1.086859970000000004e+02
2.183540040000000033e+02 9.803800200000000586e+01
2.063979950000000088e+02 7.427600099999999372e+01
2.339960020000000043e+02 7.287599899999999309e+01
2.723689880000000016e+02 3.091000000000000014e+01
2.169069979999999873e+02 1.143430019999999985e+02
2.157380070000000103e+02 9.991700000000000159e+01
2.476349950000000035e+02 1.098850020000000001e+02
2.380959929999999929e+02 8.225599699999999359e+01
2.553179930000000013e+02 5.833100100000000054e+01
2.513589939999999956e+02 7.120700100000000532e+01
2.616969910000000255e+02 1.017200009999999963e+02
2.177740019999999959e+02 1.089749979999999994e+02
2.310619959999999935e+02 6.876300000000000523e+01
2.314429930000000013e+02 1.023379970000000014e+02
2.726099849999999947e+02 8.369400000000000261e+01
2.641440119999999752e+02 1.053750000000000000e+02
2.643020020000000159e+02 6.918399800000000255e+01
2.316490019999999959e+02 6.466300200000000586e+01
1.968760069999999871e+02 9.644200100000000475e+01
2.715329899999999839e+02 5.335599899999999707e+01
2.702269900000000007e+02 7.295500199999999325e+01
2.680289920000000166e+02 9.976300000000000523e+01
2.189709929999999929e+02 9.770099600000000351e+01
2.212960050000000081e+02 9.677100400000000491e+01
2.203829959999999915e+02 9.903800200000000586e+01
2.673179930000000013e+02 1.003430019999999985e+02
1.927189940000000092e+02 6.834400200000000325e+01
2.539100039999999865e+02 7.743800400000000650e+01
2.648630069999999819e+02 9.804099999999999682e+01
2.318150019999999927e+02 8.606099700000000041e+01
2.105689999999999884e+02 9.599299600000000510e+01
2.070509950000000003e+02 9.719499999999999318e+01
2.542359920000000102e+02 8.409699999999999420e+01
2.148880000000000052e+02 8.962000299999999697e+01
2.552400049999999965e+02 7.941000400000000070e+01
2.276280059999999992e+02 9.617299699999999518e+01
2.190879970000000014e+02 9.170900000000000318e+01
2.212149960000000135e+02 8.886499799999999993e+01
2.291840060000000108e+02 1.047149959999999993e+02
1.959060059999999908e+02 1.013799970000000030e+02
2.465549929999999961e+02 1.096070019999999943e+02
2.689360050000000228e+02 1.130370029999999986e+02
2.600799870000000169e+02 8.464900199999999586e+01
2.726700129999999831e+02 4.907899900000000315e+01
2.041719970000000046e+02 1.097839969999999994e+02
2.287019960000000083e+02 1.043939969999999988e+02
2.760880129999999895e+02 9.062899799999999573e+01
2.236479950000000088e+02 9.789099899999999366e+01
2.598550109999999904e+02 1.061530000000000058e+02
2.591199950000000172e+02 8.822899599999999509e+01
2.742609860000000026e+02 8.663200399999999490e+01
2.129140010000000132e+02 9.177899899999999889e+01
2.168899989999999889e+02 4.052999899999999656e+01
2.353399960000000135e+02 2.637199999999999989e+01
2.635780030000000238e+02 1.101539989999999989e+02
2.166150049999999965e+02 3.784400200000000325e+01
2.140399930000000097e+02 1.100879970000000014e+02
2.453150019999999927e+02 7.051799800000000573e+01
2.431049959999999999e+02 7.776699800000000096e+01
2.115019990000000121e+02 7.551899699999999882e+01
2.047960050000000081e+02 9.793399800000000255e+01
2.431300050000000113e+02 1.106159969999999930e+02
2.470679930000000013e+02 7.708200100000000532e+01
2.268520049999999912e+02 6.819100199999999745e+01
2.149880070000000103e+02 7.472299999999999898e+01
2.378719940000000008e+02 1.014869999999999948e+02
2.358619999999999948e+02 1.068190000000000026e+02
2.346759950000000003e+02 8.680000300000000379e+01
2.167359920000000102e+02 8.833299999999999841e+01
2.728410030000000006e+02 1.016119999999999948e+02
2.086750030000000038e+02 8.163899999999999579e+01
2.261049959999999999e+02 1.124670030000000054e+02
1.954069979999999873e+02 7.661900300000000641e+01
2.417689970000000130e+02 1.068669969999999978e+02
2.160659939999999892e+02 4.129099999999999682e+01
2.203070069999999987e+02 8.127700000000000102e+01
1.970529940000000124e+02 1.061289979999999957e+02
2.160700070000000039e+02 4.084700000000000131e+01
2.637929990000000089e+02 1.094670030000000054e+02
2.728229979999999841e+02 1.102959979999999973e+02
2.752500000000000000e+02 7.113899999999999579e+01
2.012720030000000122e+02 7.219000200000000689e+01
2.619779970000000162e+02 9.785199699999999723e+01
1.961109920000000102e+02 1.127360000000000042e+02
2.361869959999999935e+02 7.367099799999999732e+01
2.491679990000000089e+02 9.396299700000000144e+01
2.166779940000000124e+02 5.287799799999999806e+01
2.053439940000000092e+02 8.950099899999999309e+01
2.166089939999999956e+02 1.021800000000000068e+02
2.499040070000000071e+02 1.071539989999999989e+02
2.357769930000000045e+02 1.028750000000000000e+02
2.166959990000000005e+02 1.213600009999999969e+02
2.542290040000000033e+02 8.188200399999999490e+01
2.138719940000000008e+02 7.576000200000000007e+01
2.135440059999999960e+02 2.632900000000000063e+01
2.451649930000000097e+02 9.837699899999999786e+01
2.326750030000000038e+02 1.087300029999999964e+02
2.530689999999999884e+02 7.122499799999999937e+01
2.168670040000000085e+02 8.575099899999999309e+01
2.249850010000000111e+02 9.173000299999999640e+01
2.409190059999999960e+02 7.959200300000000539e+01
2.174889980000000094e+02 4.981600199999999745e+01
2.070059970000000078e+02 1.067300029999999964e+02
1.994470059999999876e+02 9.146499599999999930e+01
2.395520019999999874e+02 6.919200100000000475e+01
2.719419859999999858e+02 9.798400100000000634e+01
2.602319949999999835e+02 7.674400300000000641e+01
2.335050050000000113e+02 1.032580030000000022e+02
2.318679960000000051e+02 8.487400100000000691e+01
2.037700040000000001e+02 8.420300299999999538e+01
2.609370119999999815e+02 9.950599699999999359e+01
2.522140049999999860e+02 9.057299799999999834e+01
2.485359950000000140e+02 1.053769989999999979e+02
2.709179990000000089e+02 8.885500299999999640e+01
2.717890009999999847e+02 1.160490039999999965e+02
2.765480039999999917e+02 1.136039959999999951e+02
2.132810059999999908e+02 9.153299699999999461e+01
1.930729980000000126e+02 9.980599999999999739e+01
2.389649960000000135e+02 9.824600200000000427e+01
2.177980039999999917e+02 4.293699999999999761e+01
2.269170070000000123e+02 7.330599999999999739e+01
2.333139950000000056e+02 9.336799600000000510e+01
2.603779910000000086e+02 9.825099899999999309e+01
2.307980039999999917e+02 7.856999999999999318e+01
2.196990049999999997e+02 8.305400099999999952e+01
2.367400049999999965e+02 9.929099999999999682e+01
1.991950070000000039e+02 1.136719970000000046e+02
1.980220030000000122e+02 1.090039979999999957e+02
2.187469940000000008e+02 8.717900099999999952e+01
2.452980039999999917e+02 9.373300199999999904e+01
2.098809970000000078e+02 1.037809979999999968e+02
2.060630040000000065e+02 7.736499799999999993e+01
2.012649989999999889e+02 1.018919980000000010e+02
2.672940060000000244e+02 1.084189989999999995e+02
2.163419949999999972e+02 1.136689989999999995e+02
2.485480039999999917e+02 7.594300099999999532e+01
2.260670010000000048e+02 8.724700199999999484e+01
1.958340000000000032e+02 1.078469999999999942e+02
2.692260130000000231e+02 9.485700199999999427e+01
1.929149930000000097e+02 9.577600099999999372e+01
2.730499879999999848e+02 9.842299699999999518e+01
2.249929960000000051e+02 1.128769989999999979e+02
2.379570009999999911e+02 6.996600300000000061e+01
2.369389950000000056e+02 9.654699700000000462e+01
2.503650049999999965e+02 8.103600299999999379e+01
2.470440059999999960e+02 8.266300200000000586e+01
1.944069979999999873e+02 9.551399999999999579e+01
2.052050020000000075e+02 1.113059999999999974e+02
2.431380000000000052e+02 8.316999800000000675e+01
1.997279969999999878e+02 7.825399799999999573e+01
2.684200129999999831e+02 8.623000299999999640e+01
2.133419949999999972e+02 9.447100100000000111e+01
2.268480069999999955e+02 4.091700000000000159e+01
2.677239989999999921e+02 8.072499799999999937e+01
2.181280059999999992e+02 1.111699980000000068e+02
2.331170040000000085e+02 8.550000000000000000e+01
2.023860019999999906e+02 7.015100099999999372e+01
2.392989959999999883e+02 7.472000099999999634e+01
2.617959900000000175e+02 6.912100200000000427e+01
2.070500030000000038e+02 1.052959979999999973e+02
2.719660030000000006e+02 9.203299699999999461e+01
2.416000060000000076e+02 9.572399900000000628e+01
2.172899930000000097e+02 4.892200100000000162e+01
2.373890079999999898e+02 8.138700099999999793e+01
1.997530059999999992e+02 7.847100100000000111e+01
2.550630040000000065e+02 9.800000000000000000e+01
2.599689940000000092e+02 6.807199900000000525e+01
2.073970030000000122e+02 1.007949980000000068e+02
2.629190060000000244e+02 3.331100099999999742e+01
2.724530030000000238e+02 4.191500099999999662e+01
2.435110019999999906e+02 7.138500200000000007e+01
2.147949979999999925e+02 8.253500400000000070e+01
2.081600039999999865e+02 6.952899899999999889e+01
2.160379939999999976e+02 6.456900000000000261e+01
2.285590060000000108e+02 8.915300000000000580e+01
2.760249939999999924e+02 8.363700099999999793e+01
2.330760040000000117e+02 1.075350040000000007e+02
2.173979950000000088e+02 4.242300000000000182e+01
2.336889950000000056e+02 9.578199800000000153e+01
2.489640049999999860e+02 8.342299699999999518e+01
2.155540009999999995e+02 1.114349979999999931e+02
2.331909939999999892e+02 7.116000400000000070e+01
2.735140079999999898e+02 1.029929960000000051e+02
2.428549959999999999e+02 8.789800300000000277e+01
2.166929930000000013e+02 9.017600299999999436e+01
2.372090000000000032e+02 7.201899699999999882e+01
2.679760130000000231e+02 1.019150010000000037e+02
2.706289980000000241e+02 9.560099800000000414e+01
2.534100039999999865e+02 1.111139979999999952e+02
1.933710020000000043e+02 1.037959979999999973e+02
2.362709959999999967e+02 9.255599999999999739e+01
2.597839969999999994e+02 1.124179989999999947e+02
1.929159999999999968e+02 8.516200299999999856e+01
2.376549990000000037e+02 5.486800000000000210e+01
2.467129970000000014e+02 8.009600100000000111e+01
2.479429930000000013e+02 8.157599600000000351e+01
2.581740110000000072e+02 8.674800100000000214e+01
2.062460020000000043e+02 9.171600300000000061e+01
2.553489989999999921e+02 8.570799999999999841e+01
2.624970089999999914e+02 9.638600200000000484e+01
2.514279940000000124e+02 6.834200300000000539e+01
2.042559970000000078e+02 1.122610020000000048e+02
2.131300050000000113e+02 1.086169969999999978e+02
2.355119929999999897e+02 1.049899979999999999e+02
2.460840000000000032e+02 8.926300000000000523e+01
2.363300020000000075e+02 1.022839969999999994e+02
2.185590060000000108e+02 1.047679980000000057e+02
2.072879939999999976e+02 9.846700300000000539e+01
2.733269960000000083e+02 9.335800199999999904e+01
2.261139980000000094e+02 1.108259960000000035e+02
2.191199949999999887e+02 7.097399900000000628e+01
2.173000030000000038e+02 7.962799800000000516e+01
2.675190119999999752e+02 9.988600200000000484e+01
2.302740019999999959e+02 7.972599800000000414e+01
2.630310059999999908e+02 1.137429960000000051e+02
2.048110049999999944e+02 7.048300199999999904e+01
2.475659939999999892e+02 1.133700029999999970e+02
2.140740049999999997e+02 9.610700199999999427e+01
2.694819949999999835e+02 9.708799700000000144e+01
2.758269960000000083e+02 7.823100300000000118e+01
2.571130069999999819e+02 1.138929980000000057e+02
2.149590000000000032e+02 1.069980010000000021e+02
2.066260069999999871e+02 8.606300400000000650e+01
2.266260069999999871e+02 8.541999800000000675e+01
2.742009889999999928e+02 8.962000299999999697e+01
1.952960050000000081e+02 6.895799999999999841e+01
2.415809940000000040e+02 1.060080030000000022e+02
2.016889950000000056e+02 9.280400099999999952e+01
2.539479980000000126e+02 7.634699999999999420e+01
2.630880129999999895e+02 7.757099900000000048e+01
2.550780029999999954e+02 8.992600299999999436e+01
2.000359950000000140e+02 5.674900099999999981e+01
2.318390049999999860e+02 1.001220019999999948e+02
2.705320130000000063e+02 9.099199699999999780e+01
2.160619959999999935e+02 4.645000100000000032e+01
2.365700070000000039e+02 1.108030009999999947e+02
2.597470089999999914e+02 1.029469990000000053e+02
2.332920070000000123e+02 6.952899899999999889e+01
2.699549870000000169e+02 7.464499700000000360e+01
2.595799870000000169e+02 9.204499800000000675e+01
1.966029969999999878e+02 9.932299799999999834e+01
2.671220089999999914e+02 8.543599700000000041e+01
2.086959990000000005e+02 6.298700000000000188e+01
2.621870119999999815e+02 1.220080030000000022e+02
2.370469970000000046e+02 8.948300199999999904e+01
2.247369999999999948e+02 7.618499799999999311e+01
2.373179930000000013e+02 1.015240019999999959e+02
2.083329929999999877e+02 1.121679989999999947e+02
2.606990049999999997e+02 1.009440000000000026e+02
2.518890079999999898e+02 8.332900200000000268e+01
2.645280149999999821e+02 1.004270020000000017e+02
2.401999969999999962e+02 1.016009980000000041e+02
2.140319979999999873e+02 8.925800300000000220e+01
2.707309880000000248e+02 1.017990039999999965e+02
2.437799990000000037e+02 9.968900299999999959e+01
2.697709960000000251e+02 1.126780009999999947e+02
2.172259980000000041e+02 1.162860029999999938e+02
2.710679930000000013e+02 1.162079999999999984e+02
2.264210050000000081e+02 8.537100200000000427e+01
2.334340060000000108e+02 4.208900100000000322e+01
2.576770020000000159e+02 7.367900099999999952e+01
2.012530059999999992e+02 7.935199699999999723e+01
2.438060000000000116e+02 9.779799699999999518e+01
