2.970209960000000251e+02 2.617919919999999934e+02
2.421649930000000097e+02 2.743439940000000092e+02
2.604599910000000023e+02 2.438220059999999876e+02
2.571600040000000149e+02 2.810570069999999987e+02
3.218009950000000003e+02 2.532640079999999898e+02
2.618020020000000159e+02 2.582189940000000092e+02
2.714660030000000006e+02 2.800440060000000244e+02
2.354660030000000006e+02 2.543899989999999889e+02
3.158529970000000162e+02 2.726470029999999838e+02
2.684020080000000235e+02 3.268840030000000070e+02
2.537239989999999921e+02 2.631180110000000241e+02
2.746499939999999924e+02 3.051950069999999755e+02
3.025520020000000159e+02 2.838630069999999819e+02
3.280270080000000235e+02 2.583850100000000225e+02
2.388240049999999997e+02 2.173659969999999930e+02
2.806919859999999858e+02 2.651700129999999831e+02
2.561279910000000086e+02 2.516430049999999881e+02
2.627049870000000169e+02 2.627560119999999984e+02
2.912390139999999974e+02 2.675669859999999858e+02
2.610329899999999839e+02 2.579460139999999910e+02
2.589249879999999848e+02 2.655199890000000096e+02
2.953989869999999769e+02 2.817399899999999775e+02
2.628229979999999841e+02 2.286699979999999925e+02
2.488130040000000065e+02 2.790350040000000149e+02
2.859169919999999934e+02 2.657730099999999993e+02
2.822479860000000258e+02 2.649509889999999928e+02
3.210530089999999745e+02 2.665010070000000155e+02
2.417299959999999999e+02 2.822810059999999908e+02
2.669249879999999848e+02 2.530030059999999992e+02
3.019209900000000175e+02 2.710809939999999756e+02
3.015620119999999815e+02 2.557510069999999871e+02
2.762479860000000258e+02 2.530260010000000079e+02
3.139299930000000245e+02 2.830780030000000238e+02
2.748110050000000228e+02 2.708510130000000231e+02
2.818919980000000010e+02 2.468040009999999995e+02
2.440059970000000078e+02 2.664030149999999821e+02
2.704200129999999831e+02 3.256799930000000245e+02
2.495330050000000028e+02 2.601180110000000241e+02
2.457530059999999992e+02 2.696619870000000105e+02
2.936780089999999745e+02 2.732850040000000149e+02
2.615169980000000010e+02 2.438209990000000005e+02
3.050409849999999778e+02 2.504980009999999879e+02
3.020419919999999934e+02 2.743510130000000231e+02
2.944779970000000162e+02 2.746510010000000079e+02
3.091019900000000007e+02 2.567760010000000079e+02
2.833670040000000085e+02 2.495059970000000078e+02
3.248970029999999838e+02 2.622380069999999819e+02
2.869760130000000231e+02 2.593349910000000023e+02
2.669100040000000149e+02 2.473719940000000008e+02
3.228989869999999769e+02 2.456710050000000081e+02
2.936359860000000026e+02 2.543919980000000010e+02
2.840169980000000010e+02 2.676149899999999775e+02
3.177500000000000000e+02 2.766329959999999915e+02
3.027950129999999831e+02 2.666300049999999828e+02
2.462109989999999868e+02 2.570039980000000241e+02
2.418309940000000040e+02 2.578299870000000169e+02
2.719349980000000073e+02 2.993080140000000142e+02
3.215079959999999915e+02 2.415119929999999897e+02
2.737569889999999759e+02 2.709030149999999821e+02
2.551640010000000132e+02 2.634330140000000142e+02
2.618510130000000231e+02 2.780790099999999825e+02
2.651350100000000225e+02 2.377319950000000119e+02
3.127000120000000152e+02 2.569750060000000076e+02
2.659360050000000228e+02 2.582130129999999895e+02
2.729330140000000142e+02 2.786789860000000090e+02
2.581090090000000146e+02 2.701379999999999768e+02
3.090539860000000090e+02 2.715960079999999834e+02
2.925129999999999768e+02 2.763859860000000026e+02
3.092659909999999854e+02 2.555449979999999925e+02
3.219419859999999858e+02 2.722359920000000102e+02
3.041159969999999930e+02 2.571780089999999745e+02
2.385429990000000089e+02 2.791329959999999915e+02
2.686799930000000245e+02 2.607229919999999765e+02
2.471280059999999992e+02 2.636120000000000232e+02
3.197959900000000175e+02 2.741579899999999839e+02
2.777210079999999834e+02 2.559499969999999962e+02
2.957810059999999908e+02 2.638559880000000248e+02
2.343809970000000078e+02 2.617890009999999847e+02
2.960710139999999910e+02 2.717319949999999835e+02
2.383880000000000052e+02 2.581669919999999934e+02
2.407660060000000044e+02 2.588259889999999928e+02
2.999519960000000083e+02 2.730150150000000053e+02
2.384799959999999999e+02 2.606709900000000175e+02
2.392550050000000113e+02 2.281320039999999949e+02
2.867879940000000261e+02 2.789200129999999831e+02
2.411170040000000085e+02 2.650100100000000225e+02
2.341239930000000129e+02 2.692999879999999848e+02
3.139769900000000007e+02 2.728139949999999772e+02
3.103510130000000231e+02 2.651400150000000053e+02
2.789989929999999845e+02 2.641449890000000096e+02
2.813900150000000053e+02 2.677690119999999752e+02
2.609790039999999749e+02 2.703519900000000007e+02
2.719119870000000105e+02 3.213309939999999756e+02
2.471139980000000094e+02 3.300400089999999977e+02
2.999859920000000102e+02 2.589259950000000003e+02
2.784339899999999943e+02 2.629410100000000057e+02
2.677900089999999977e+02 2.585459900000000175e+02
2.975369870000000105e+02 2.475399930000000097e+02
2.621669919999999934e+02 2.828909909999999854e+02
3.090530089999999745e+02 2.741879880000000185e+02
2.590620119999999815e+02 2.598469850000000179e+02
2.779429930000000013e+02 3.067380069999999819e+02
2.982890009999999847e+02 2.756690060000000244e+02
2.610050049999999828e+02 2.513650049999999965e+02
3.211679990000000089e+02 2.861459960000000251e+02
2.428480069999999955e+02 2.461869959999999935e+02
3.062590030000000070e+02 2.694530030000000238e+02
2.991319889999999759e+02 2.479880070000000103e+02
2.768240049999999997e+02 2.538979950000000088e+02
3.170239869999999769e+02 2.640750120000000152e+02
3.256329959999999915e+02 2.671369930000000181e+02
2.965429990000000089e+02 2.645190119999999752e+02
3.022019960000000083e+02 2.991419980000000010e+02
3.210029910000000086e+02 2.240240019999999959e+02
2.546869959999999935e+02 2.563229979999999841e+02
2.782600100000000225e+02 2.200039979999999957e+02
2.916830140000000142e+02 2.490939940000000092e+02
2.799840090000000146e+02 2.664559939999999756e+02
3.068030089999999745e+02 2.615140079999999898e+02
2.536349950000000035e+02 2.597149959999999851e+02
2.868599849999999947e+02 2.457689970000000130e+02
2.713580019999999990e+02 2.691069949999999835e+02
3.038139949999999772e+02 2.542120060000000024e+02
2.893299870000000169e+02 2.691220089999999914e+02
3.080989989999999921e+02 2.821659849999999778e+02
2.681359860000000026e+02 2.762179869999999937e+02
2.720639949999999772e+02 3.218699950000000172e+02
2.757579959999999915e+02 2.771080019999999990e+02
2.743020020000000159e+02 2.454439999999999884e+02
2.854039920000000166e+02 2.537039949999999919e+02
2.554799959999999999e+02 2.860440060000000244e+02
2.360570069999999987e+02 2.655459900000000175e+02
2.827699890000000096e+02 2.487610019999999906e+02
2.974020080000000235e+02 2.462830050000000028e+02
2.710650019999999927e+02 2.871220089999999914e+02
3.038810119999999984e+02 2.847470089999999914e+02
2.947829899999999839e+02 2.777170100000000161e+02
3.260369870000000105e+02 2.577529910000000086e+02
2.397669980000000010e+02 2.813129880000000185e+02
2.941250000000000000e+02 2.692080080000000066e+02
2.655299989999999752e+02 2.299120029999999986e+02
2.570520020000000159e+02 2.612090150000000222e+02
3.092319949999999835e+02 2.603800049999999828e+02
3.225220029999999838e+02 2.554810029999999870e+02
2.974689940000000092e+02 2.622969969999999762e+02
3.228840030000000070e+02 2.789540099999999825e+02
2.562279970000000162e+02 2.674870000000000232e+02
2.889140009999999847e+02 2.622309880000000248e+02
2.864330140000000142e+02 2.575050049999999828e+02
2.374010010000000079e+02 2.761459960000000251e+02
2.672929990000000089e+02 2.649639890000000264e+02
2.874370119999999815e+02 2.446999969999999962e+02
2.875260010000000079e+02 2.716799930000000245e+02
2.972359920000000102e+02 2.506649930000000097e+02
3.184119870000000105e+02 2.827130129999999895e+02
2.921480099999999993e+02 3.026480099999999993e+02
2.617879940000000261e+02 2.535749969999999962e+02
3.194400019999999927e+02 2.879859920000000102e+02
2.659169919999999934e+02 2.523450009999999963e+02
3.055000000000000000e+02 2.545529940000000124e+02
2.948909909999999854e+02 2.706679990000000089e+02
2.392510069999999871e+02 2.776419980000000010e+02
2.473950040000000001e+02 2.544660030000000006e+02
3.263739929999999845e+02 2.763450010000000248e+02
2.386560059999999908e+02 2.753429869999999937e+02
2.975979919999999765e+02 2.575830080000000066e+02
2.360749969999999962e+02 2.675679930000000013e+02
2.538670040000000085e+02 2.400229950000000088e+02
2.459329989999999952e+02 2.476939999999999884e+02
3.078410030000000006e+02 2.734259950000000003e+02
3.024150089999999977e+02 2.771239929999999845e+02
3.144739989999999921e+02 2.678890079999999898e+02
3.218510130000000231e+02 2.526320039999999949e+02
2.399920040000000085e+02 2.775759889999999928e+02
3.126919859999999858e+02 2.539799959999999999e+02
2.602950129999999831e+02 2.657309880000000248e+02
2.501620029999999986e+02 2.654809880000000248e+02
3.006849980000000073e+02 2.647609860000000026e+02
3.008200069999999755e+02 2.749280089999999745e+02
2.432310029999999870e+02 2.775899959999999851e+02
2.478269960000000083e+02 2.548079989999999952e+02
2.769330140000000142e+02 2.624710079999999834e+02
2.953009950000000003e+02 2.599979860000000258e+02
3.087009889999999928e+02 2.207090000000000032e+02
2.602919919999999934e+02 2.447989959999999883e+02
2.378890079999999898e+02 2.514720000000000084e+02
2.556499939999999924e+02 2.594219969999999762e+02
3.077550049999999828e+02 2.543659969999999930e+02
2.633179930000000013e+02 2.726830140000000142e+02
2.671099849999999947e+02 2.457500000000000000e+02
2.935249939999999924e+02 2.488419949999999972e+02
2.476569979999999873e+02 2.596770020000000159e+02
2.592659909999999854e+02 2.504530029999999954e+02
2.710759889999999928e+02 2.865979919999999765e+02
2.507369999999999948e+02 2.489850010000000111e+02
2.438699949999999887e+02 2.710199890000000096e+02
2.648980099999999993e+02 2.687449950000000172e+02
2.348639980000000094e+02 2.445919949999999972e+02
2.858110050000000228e+02 2.503939970000000130e+02
2.547539979999999957e+02 2.826759950000000003e+02
2.716950069999999755e+02 2.464199979999999925e+02
2.802590030000000070e+02 2.603819889999999759e+02
2.700539860000000090e+02 2.678659969999999930e+02
3.159280089999999745e+02 2.567690119999999752e+02
3.024739989999999921e+02 2.779809880000000248e+02
2.348450009999999963e+02 2.836900019999999927e+02
3.217609860000000026e+02 2.669339899999999943e+02
3.031789860000000090e+02 2.692170100000000161e+02
2.599150089999999977e+02 2.804010010000000079e+02
2.783869930000000181e+02 2.746849980000000073e+02
3.214519960000000083e+02 2.915169980000000010e+02
2.820849910000000023e+02 2.779819949999999835e+02
3.278110050000000228e+02 2.662189940000000092e+02
2.584739989999999921e+02 2.486250000000000000e+02
2.385670010000000048e+02 2.707659909999999854e+02
2.679800109999999904e+02 2.779110109999999736e+02
3.160899959999999851e+02 2.722950129999999831e+02
2.592699890000000096e+02 2.733999939999999924e+02
2.850629880000000185e+02 2.650559999999999832e+02
2.378549959999999999e+02 2.455050050000000113e+02
3.214960019999999759e+02 2.275560000000000116e+02
2.932330019999999990e+02 2.735589899999999943e+02
3.274819949999999835e+02 2.659460139999999910e+02
2.481970059999999876e+02 2.506710050000000081e+02
3.255409849999999778e+02 2.504980009999999879e+02
2.462749939999999924e+02 3.299070130000000063e+02
3.235920100000000161e+02 2.717760010000000079e+02
3.061080019999999990e+02 2.610109860000000026e+02
2.979989929999999845e+02 2.745270080000000235e+02
3.192370000000000232e+02 2.357039949999999919e+02
3.000809939999999756e+02 2.793120119999999815e+02
3.195119930000000181e+02 2.806780089999999745e+02
2.946379999999999768e+02 2.786849980000000073e+02
2.766929930000000013e+02 2.613240049999999997e+02
3.195020139999999742e+02 2.690620119999999815e+02
2.726459960000000251e+02 2.466190029999999922e+02
2.577120059999999739e+02 2.751929930000000013e+02
2.733080140000000142e+02 2.471719970000000046e+02
3.040480039999999917e+02 2.621359860000000026e+02
2.560090030000000070e+02 3.319129940000000261e+02
3.210159909999999854e+02 2.735360109999999736e+02
2.616489869999999769e+02 2.660260010000000079e+02
2.873689880000000016e+02 2.645010070000000155e+02
2.818389890000000264e+02 2.807810059999999908e+02
2.839330140000000142e+02 2.589909969999999930e+02
2.685509950000000003e+02 2.695969850000000179e+02
2.712439880000000016e+02 2.450590060000000108e+02
2.423589939999999956e+02 2.705450129999999831e+02
2.695690000000000168e+02 2.642290039999999749e+02
2.643280030000000238e+02 2.251289979999999957e+02
2.518959959999999967e+02 2.652130129999999895e+02
2.718269960000000083e+02 2.925150150000000053e+02
3.102829899999999839e+02 2.859389949999999772e+02
2.827449950000000172e+02 2.466280059999999992e+02
2.997149959999999851e+02 2.654440000000000168e+02
3.249450069999999755e+02 2.635339969999999994e+02
2.667560119999999984e+02 2.653859860000000026e+02
2.354779969999999878e+02 2.529830019999999990e+02
2.605790099999999825e+02 2.320639950000000056e+02
3.093879999999999768e+02 2.543249969999999962e+02
2.843280030000000238e+02 2.908689880000000016e+02
2.842239989999999921e+02 2.709700010000000248e+02
2.580539860000000090e+02 2.504799959999999999e+02
2.976820069999999987e+02 2.770790099999999825e+02
2.738620000000000232e+02 2.813049930000000245e+02
2.888429869999999937e+02 2.477680049999999881e+02
2.686499939999999924e+02 2.589270020000000159e+02
3.199979860000000258e+02 2.788810119999999984e+02
3.224469910000000255e+02 2.448300020000000075e+02
2.683259889999999928e+02 2.798559880000000248e+02
2.597189940000000092e+02 2.789119870000000105e+02
2.399770049999999912e+02 2.740360109999999736e+02
2.413860019999999906e+02 2.579549870000000169e+02
2.969700010000000248e+02 2.460260010000000079e+02
2.517160030000000006e+02 2.740129999999999768e+02
2.512469940000000008e+02 2.730799870000000169e+02
3.229590150000000222e+02 2.665820009999999911e+02
2.674500120000000152e+02 2.613150019999999927e+02
2.644370119999999815e+02 2.439770049999999912e+02
2.552649989999999889e+02 2.582699890000000096e+02
2.585230099999999993e+02 2.687929990000000089e+02
2.729540099999999825e+02 2.217400049999999965e+02
2.709500120000000152e+02 2.532689970000000130e+02
2.719870000000000232e+02 2.436609950000000140e+02
2.695050049999999828e+02 2.515449979999999925e+02
3.097099910000000023e+02 2.761029970000000162e+02
2.982929990000000089e+02 2.631770020000000159e+02
2.763280030000000238e+02 2.740100100000000225e+02
2.415720059999999876e+02 2.525079959999999915e+02
2.356029969999999878e+02 2.774809880000000248e+02
2.356759950000000003e+02 2.626099849999999947e+02
2.867909849999999778e+02 2.526170040000000085e+02
2.888070069999999987e+02 2.450809940000000040e+02
