6.106170039999999517e+02 1.671900019999999927e+02
6.179810179999999491e+02 1.869850010000000111e+02
6.130549929999999677e+02 1.985570069999999987e+02
6.284190059999999676e+02 1.738170010000000048e+02
6.060629880000000185e+02 1.388000030000000038e+02
6.132379760000000033e+02 1.771569979999999873e+02
6.326500240000000304e+02 1.789709929999999929e+02
6.370230099999999993e+02 2.049210050000000081e+02
6.122940059999999676e+02 1.731920010000000048e+02
6.428439939999999524e+02 1.726139980000000094e+02
6.315889889999999696e+02 2.101439970000000130e+02
6.471690059999999676e+02 1.718280029999999954e+02
6.013170169999999644e+02 1.846810000000000116e+02
6.047349850000000515e+02 1.508609920000000102e+02
6.434199830000000020e+02 1.756239930000000129e+02
6.433829960000000483e+02 1.435820009999999911e+02
6.195590210000000297e+02 1.365720059999999876e+02
6.118289790000000039e+02 2.048730009999999879e+02
6.170120239999999967e+02 1.468070069999999987e+02
6.396259770000000344e+02 1.443659969999999930e+02
6.391989750000000186e+02 1.420879970000000014e+02
6.457260129999999663e+02 1.690950009999999963e+02
6.569520260000000462e+02 1.505229950000000088e+02
6.401279909999999518e+02 1.955890049999999860e+02
6.137299799999999550e+02 1.807270049999999912e+02
6.292509770000000344e+02 1.483979950000000088e+02
6.156400149999999485e+02 1.483890079999999898e+02
6.158439939999999524e+02 1.394060059999999908e+02
6.097009890000000496e+02 1.712270049999999912e+02
6.193729859999999690e+02 1.788220059999999876e+02
6.149400020000000495e+02 1.555769960000000083e+02
6.074160160000000133e+02 1.883769990000000121e+02
6.024130249999999478e+02 1.942689970000000130e+02
6.616199950000000172e+02 1.504069979999999873e+02
6.089110110000000304e+02 1.995440059999999960e+02
6.085800169999999980e+02 1.993040009999999995e+02
6.127379760000000033e+02 1.378329929999999877e+02
6.013060299999999643e+02 1.437859950000000140e+02
6.538699950000000172e+02 1.941699979999999925e+02
6.272700200000000450e+02 1.546109920000000102e+02
6.508250120000000152e+02 1.920489959999999883e+02
6.258029790000000503e+02 2.074859920000000102e+02
6.154320069999999987e+02 1.397339939999999956e+02
6.303270260000000462e+02 1.900540009999999995e+02
6.568969730000000027e+02 1.856690059999999960e+02
6.072440189999999802e+02 1.646250000000000000e+02
6.501060179999999491e+02 1.948800050000000113e+02
6.087059940000000324e+02 2.030379939999999976e+02
6.176329960000000483e+02 1.511959990000000005e+02
6.467990109999999504e+02 1.974720000000000084e+02
6.387310179999999491e+02 1.834720000000000084e+02
5.764990229999999656e+02 1.964310000000000116e+02
6.179450070000000323e+02 1.627539979999999957e+02
6.587230220000000145e+02 1.381970059999999876e+02
6.107039790000000039e+02 1.864499969999999962e+02
6.257940059999999676e+02 1.630970000000000084e+02
6.311710209999999961e+02 1.636100010000000111e+02
6.143579710000000205e+02 1.548899989999999889e+02
6.360640260000000126e+02 1.928170010000000048e+02
6.622949830000000020e+02 1.384620060000000024e+02
6.469249879999999848e+02 1.817709959999999967e+02
6.285310060000000476e+02 1.500919949999999972e+02
6.232630000000000337e+02 1.849720000000000084e+02
6.275560299999999643e+02 1.561959990000000005e+02
6.138129880000000185e+02 1.863820039999999949e+02
6.158060299999999643e+02 2.023719940000000008e+02
6.766209720000000516e+02 1.409889980000000094e+02
6.598660280000000284e+02 1.456360019999999906e+02
6.101749879999999848e+02 1.642590030000000070e+02
6.514660030000000006e+02 2.125370029999999986e+02
6.312630000000000337e+02 2.090370029999999986e+02
6.606489870000000337e+02 1.460570069999999987e+02
6.144229739999999538e+02 2.051130070000000103e+02
6.162150269999999637e+02 1.946920010000000048e+02
6.440380249999999478e+02 1.580980069999999955e+02
6.452630000000000337e+02 2.124949949999999887e+02
6.120839839999999867e+02 1.653350069999999903e+02
6.279240109999999504e+02 2.033280029999999954e+02
6.391849979999999505e+02 1.874889980000000094e+02
6.324479979999999841e+02 1.927830050000000028e+02
6.309619750000000522e+02 1.642680049999999881e+02
6.014660030000000006e+02 1.911219940000000008e+02
6.230650020000000495e+02 1.753110049999999944e+02
6.295000000000000000e+02 1.629340060000000108e+02
6.305070190000000139e+02 1.681439970000000130e+02
6.515280149999999821e+02 1.384029999999999916e+02
6.539190059999999676e+02 1.797460020000000043e+02
6.343259890000000496e+02 1.389049990000000037e+02
6.568270260000000462e+02 1.705740049999999997e+02
6.044089969999999994e+02 1.932489930000000129e+02
6.051939700000000357e+02 1.987290040000000033e+02
6.029719850000000179e+02 1.507630000000000052e+02
6.485679930000000013e+02 2.047350010000000111e+02
6.420659789999999703e+02 2.003419949999999972e+02
6.455520020000000159e+02 1.673309940000000040e+02
6.186820069999999987e+02 1.795809940000000040e+02
6.314299929999999677e+02 2.104779969999999878e+02
6.355200200000000450e+02 1.997400049999999965e+02
6.491119999999999663e+02 1.758849950000000035e+02
6.112979739999999538e+02 1.689459990000000005e+02
6.077420039999999517e+02 1.802039949999999919e+02
6.254439700000000357e+02 1.455469970000000046e+02
6.346220090000000482e+02 1.630409999999999968e+02
6.267379760000000033e+02 1.528939970000000130e+02
6.330770260000000462e+02 1.988020019999999874e+02
6.106220090000000482e+02 1.763430020000000127e+02
6.138679809999999861e+02 1.585540009999999995e+02
6.439990229999999656e+02 1.367050020000000075e+02
6.275689700000000357e+02 1.357949979999999925e+02
6.207449950000000172e+02 2.090160060000000044e+02
6.412509770000000344e+02 1.953240049999999997e+02
6.239769900000000007e+02 2.043320009999999911e+02
6.166710209999999961e+02 1.578000030000000038e+02
6.219749759999999696e+02 1.776360019999999906e+02
6.142999879999999848e+02 1.985260010000000079e+02
6.432509770000000344e+02 1.789609989999999868e+02
6.576500240000000304e+02 1.606020049999999912e+02
6.772399900000000343e+02 1.713240049999999997e+02
6.026790160000000469e+02 1.873370060000000024e+02
5.733389889999999696e+02 1.993699949999999887e+02
6.450050049999999828e+02 1.673359989999999868e+02
6.621459959999999683e+02 1.652400049999999965e+02
6.149299929999999677e+02 1.396130070000000103e+02
6.015759890000000496e+02 1.949470059999999876e+02
6.502949830000000020e+02 1.775630040000000065e+02
6.124370119999999815e+02 1.859310000000000116e+02
6.340399780000000192e+02 1.413979950000000088e+02
6.390759890000000496e+02 1.818309940000000040e+02
6.574910280000000284e+02 1.896939999999999884e+02
6.474060060000000476e+02 1.653950040000000001e+02
6.074699709999999868e+02 1.907619929999999897e+02
6.029190059999999676e+02 1.693099980000000073e+02
5.886279909999999518e+02 1.810760040000000117e+02
6.470830079999999498e+02 2.070390010000000132e+02
6.447990109999999504e+02 1.412610019999999906e+02
6.091270140000000310e+02 2.041109920000000102e+02
6.021890260000000126e+02 1.741900019999999927e+02
6.145709839999999531e+02 1.551499939999999924e+02
6.092280269999999973e+02 1.957539979999999957e+02
6.408969730000000027e+02 2.039590000000000032e+02
6.490289920000000166e+02 1.989810029999999870e+02
6.243750000000000000e+02 1.960409999999999968e+02
6.577340090000000146e+02 1.926029969999999878e+02
5.970999759999999696e+02 1.461360019999999906e+02
6.508759770000000344e+02 1.654040070000000071e+02
6.568889769999999544e+02 1.837400049999999965e+02
6.589359739999999874e+02 1.454559940000000040e+02
6.577719730000000027e+02 2.053549959999999999e+02
6.094840090000000146e+02 1.984140010000000132e+02
6.291259770000000344e+02 1.737899930000000097e+02
6.081229859999999690e+02 1.542550050000000113e+02
6.393200070000000323e+02 1.413399960000000135e+02
6.390859990000000153e+02 1.539649960000000135e+02
6.463599850000000515e+02 1.572940059999999960e+02
6.495440059999999676e+02 1.726430049999999881e+02
6.136599730000000363e+02 1.961659999999999968e+02
6.348740229999999656e+02 1.380659939999999892e+02
6.301569819999999709e+02 1.963340000000000032e+02
6.525490109999999504e+02 1.895809940000000040e+02
6.317540279999999484e+02 1.476289979999999957e+02
5.742340090000000146e+02 1.919040070000000071e+02
6.025300290000000132e+02 1.605010069999999871e+02
6.464920039999999517e+02 1.528970030000000122e+02
6.192340090000000146e+02 1.463520049999999912e+02
6.479370119999999815e+02 1.890599980000000073e+02
6.192910160000000133e+02 1.697769930000000045e+02
6.353090210000000297e+02 1.528110049999999944e+02
6.096370239999999967e+02 1.872570039999999949e+02
6.142960209999999961e+02 1.463820039999999949e+02
6.436060179999999491e+02 1.567610019999999906e+02
6.401870119999999815e+02 2.013029940000000124e+02
6.335460209999999961e+02 1.948379970000000014e+02
6.357189939999999524e+02 1.615420070000000123e+02
6.207030029999999670e+02 1.852330019999999990e+02
6.120300290000000132e+02 1.472769930000000045e+02
6.268369750000000522e+02 1.473139950000000056e+02
6.194959720000000516e+02 1.543150019999999927e+02
6.177039790000000039e+02 1.829190059999999960e+02
6.318020020000000159e+02 2.013609920000000102e+02
6.226989750000000186e+02 1.622769930000000045e+02
6.512390139999999974e+02 1.717709959999999967e+02
6.435700070000000323e+02 1.904640049999999860e+02
6.177650149999999485e+02 1.976080019999999990e+02
6.083189700000000357e+02 1.876750030000000038e+02
6.410440059999999676e+02 2.008359989999999868e+02
6.422410280000000284e+02 1.766109920000000102e+02
6.265209959999999683e+02 1.509949949999999887e+02
6.397080079999999498e+02 1.834700009999999963e+02
6.099450070000000323e+02 1.586529999999999916e+02
6.543640139999999974e+02 1.645700070000000039e+02
6.157579960000000483e+02 1.840030059999999992e+02
6.285200200000000450e+02 1.714900049999999965e+02
6.314160160000000133e+02 1.857969970000000046e+02
6.190310060000000476e+02 2.050359950000000140e+02
6.471909789999999703e+02 1.527079929999999877e+02
6.163389889999999696e+02 1.651069950000000119e+02
6.225549929999999677e+02 1.555030059999999992e+02
6.244229739999999538e+02 2.059159999999999968e+02
6.190709839999999531e+02 1.358459929999999929e+02
6.392839969999999994e+02 1.554199979999999925e+02
6.763170169999999644e+02 1.720039979999999957e+02
6.511320190000000139e+02 1.742019960000000083e+02
6.565629880000000185e+02 1.795910030000000006e+02
6.315089719999999716e+02 2.025789949999999919e+02
6.347329710000000205e+02 1.977420040000000085e+02
6.338690189999999802e+02 1.882590030000000070e+02
6.481890260000000126e+02 2.114439999999999884e+02
6.297949830000000020e+02 1.786459959999999967e+02
6.508060299999999643e+02 1.492209929999999929e+02
6.451339719999999716e+02 1.607310029999999870e+02
6.203049929999999677e+02 1.367590030000000070e+02
6.201589969999999994e+02 1.650720059999999876e+02
6.504180300000000443e+02 1.483659969999999930e+02
6.398469850000000179e+02 1.460729980000000126e+02
6.318499759999999696e+02 1.689089969999999994e+02
6.314060060000000476e+02 1.681959990000000005e+02
6.519580079999999498e+02 1.929029999999999916e+02
6.389749759999999696e+02 1.914490049999999997e+02
6.508410030000000006e+02 1.456280059999999992e+02
6.174840090000000146e+02 1.645440059999999960e+02
6.648380130000000463e+02 1.833200070000000039e+02
6.353569949999999835e+02 2.068800050000000113e+02
6.141240229999999656e+02 1.573800050000000113e+02
6.370239870000000337e+02 1.628130040000000065e+02
6.230369869999999537e+02 2.072339939999999956e+02
6.151510009999999511e+02 1.867909999999999968e+02
6.285540160000000469e+02 1.790420070000000123e+02
6.254520260000000462e+02 1.479290009999999995e+02
6.256160280000000284e+02 1.965189970000000130e+02
6.458099979999999505e+02 1.960520019999999874e+02
6.948610230000000456e+02 1.692140049999999860e+02
6.054899900000000343e+02 2.046860049999999944e+02
6.529739990000000489e+02 1.986020049999999912e+02
6.578850099999999657e+02 1.732420040000000085e+02
6.488549799999999550e+02 1.673150019999999927e+02
6.026989750000000186e+02 1.402100069999999903e+02
6.279270020000000159e+02 1.531750030000000038e+02
6.323040160000000469e+02 1.994790040000000033e+02
6.590219730000000027e+02 1.474439999999999884e+02
6.573809810000000198e+02 2.066860049999999944e+02
6.311380000000000337e+02 2.068690029999999922e+02
6.469979859999999690e+02 1.825500030000000038e+02
6.262470090000000482e+02 1.920010069999999871e+02
6.019279790000000503e+02 2.054980009999999879e+02
6.154140009999999847e+02 1.703710020000000043e+02
5.918839719999999716e+02 1.850639950000000056e+02
6.122180180000000291e+02 1.347579959999999915e+02
6.181030269999999973e+02 1.925420070000000123e+02
6.217020260000000462e+02 1.646410060000000044e+02
6.613569949999999835e+02 1.407239989999999921e+02
6.258510129999999663e+02 1.563410030000000006e+02
6.221209720000000516e+02 1.366880040000000065e+02
6.504349979999999505e+02 1.694429930000000013e+02
6.170980220000000145e+02 1.393919980000000010e+02
6.498419800000000350e+02 1.508229980000000126e+02
6.446209720000000516e+02 1.385140079999999898e+02
6.163959959999999683e+02 1.708939970000000130e+02
6.292030029999999670e+02 1.504230039999999917e+02
6.343229979999999841e+02 1.517519990000000121e+02
6.121229859999999690e+02 1.630350039999999865e+02
6.248750000000000000e+02 1.682810059999999908e+02
6.415599979999999505e+02 1.815209959999999967e+02
6.215079960000000483e+02 1.958979950000000088e+02
6.016710209999999961e+02 1.931659999999999968e+02
6.205339969999999994e+02 1.640189970000000130e+02
6.433959959999999683e+02 1.908020019999999874e+02
6.731550290000000132e+02 1.490840000000000032e+02
6.348759770000000344e+02 2.039720000000000084e+02
6.186389769999999544e+02 1.439609989999999868e+02
6.180880130000000463e+02 1.859869999999999948e+02
6.396909789999999703e+02 1.901269990000000121e+02
5.994349979999999505e+02 1.650910030000000006e+02
6.125130000000000337e+02 1.431990049999999997e+02
6.010330199999999650e+02 2.009450070000000039e+02
6.220889889999999696e+02 1.879909969999999930e+02
6.378330079999999498e+02 1.888710020000000043e+02
6.393649900000000343e+02 1.637310029999999870e+02
6.360460209999999961e+02 1.816119999999999948e+02
6.289899900000000343e+02 1.452409969999999930e+02
6.787080079999999498e+02 1.859629970000000014e+02
6.178140260000000126e+02 2.036380000000000052e+02
6.505540160000000469e+02 1.719120029999999986e+02
6.504110110000000304e+02 1.441759950000000003e+02
6.440339969999999994e+02 1.720099950000000035e+02
6.468129880000000185e+02 1.750119929999999897e+02
6.477880249999999478e+02 1.767500000000000000e+02
6.392150269999999637e+02 2.054869999999999948e+02
6.319959720000000516e+02 1.367559970000000078e+02
6.399669800000000350e+02 1.629750060000000076e+02
6.306890260000000126e+02 1.456959990000000005e+02
6.213070069999999987e+02 1.930169980000000010e+02
6.944390260000000126e+02 1.634120029999999986e+02
6.766779790000000503e+02 1.500890049999999860e+02
6.062630000000000337e+02 1.972660060000000044e+02
6.041550290000000132e+02 1.972400049999999965e+02
6.330930180000000291e+02 1.983240049999999997e+02
6.246550290000000132e+02 1.822279969999999878e+02
6.193519900000000007e+02 1.657579959999999915e+02
6.207219850000000179e+02 1.693060000000000116e+02
6.541760249999999814e+02 1.688520049999999912e+02
6.528309940000000324e+02 2.022700040000000001e+02
6.369130249999999478e+02 1.418990019999999959e+02
6.370399780000000192e+02 1.375489959999999883e+02
6.539769900000000007e+02 1.826340030000000070e+02
6.189929809999999861e+02 1.848899989999999889e+02
6.110040279999999484e+02 1.887310029999999870e+02
6.473319699999999557e+02 1.864019930000000045e+02
6.574299929999999677e+02 1.873359989999999868e+02
6.473489990000000489e+02 1.970290070000000071e+02
6.320280149999999821e+02 1.944159999999999968e+02
