4.965000000000000000e+02 2.191069950000000119e+02
5.129439700000000357e+02 2.711910100000000057e+02
5.360919800000000350e+02 2.432669980000000010e+02
5.391090090000000146e+02 2.157550050000000113e+02
5.034289860000000090e+02 2.362630000000000052e+02
5.301170039999999517e+02 2.533979950000000088e+02
5.253449709999999868e+02 2.493650049999999965e+02
4.668879999999999768e+02 2.184779969999999878e+02
5.129890139999999974e+02 2.488549959999999999e+02
5.283439939999999524e+02 2.231329959999999915e+02
5.444669800000000350e+02 2.050310059999999908e+02
5.499359739999999874e+02 2.075590060000000108e+02
5.606129760000000033e+02 2.003130040000000065e+02
5.252360230000000456e+02 2.247899930000000097e+02
5.344010009999999511e+02 1.910180049999999881e+02
5.357150269999999637e+02 2.145169980000000010e+02
4.977290039999999749e+02 1.790099950000000035e+02
5.546890260000000126e+02 2.370959929999999929e+02
5.443980099999999993e+02 2.020370029999999986e+02
4.931090090000000146e+02 2.225950009999999963e+02
5.025849910000000023e+02 2.466569979999999873e+02
5.188469850000000179e+02 2.255650019999999927e+02
4.974070130000000063e+02 2.583859860000000026e+02
5.514569699999999557e+02 2.391320039999999949e+02
4.850060119999999984e+02 2.458229980000000126e+02
4.846329959999999915e+02 2.256219940000000008e+02
5.689219970000000330e+02 2.177689970000000130e+02
4.917000120000000152e+02 2.355980069999999955e+02
4.731849980000000073e+02 2.359029999999999916e+02
4.482560119999999984e+02 2.283189999999999884e+02
5.089479979999999841e+02 2.157830050000000028e+02
4.738460079999999834e+02 1.957839969999999994e+02
5.614240109999999504e+02 2.182709959999999967e+02
4.848599849999999947e+02 2.285209959999999967e+02
4.636449890000000096e+02 2.154459990000000005e+02
5.586599730000000363e+02 2.261020049999999912e+02
5.185989990000000489e+02 2.438789979999999957e+02
4.973269960000000083e+02 2.244100039999999865e+02
5.455150149999999485e+02 2.050619959999999935e+02
4.677739869999999769e+02 2.082250060000000076e+02
5.519520260000000462e+02 2.059250030000000038e+02
5.080350040000000149e+02 2.153280029999999954e+02
4.980690000000000168e+02 2.459349980000000073e+02
5.110270080000000235e+02 2.483679960000000051e+02
5.451259770000000344e+02 2.118020019999999874e+02
5.226790160000000469e+02 2.207469940000000008e+02
5.641569819999999709e+02 2.079810029999999870e+02
5.280819699999999557e+02 2.379869999999999948e+02
5.195620119999999815e+02 2.346580050000000028e+02
4.911640009999999847e+02 2.257380070000000103e+02
4.846359860000000026e+02 2.431589969999999994e+02
4.843850100000000225e+02 2.439029999999999916e+02
4.844010010000000079e+02 2.359129939999999976e+02
4.896329959999999915e+02 2.772959900000000175e+02
5.300529790000000503e+02 2.358450009999999963e+02
4.729590150000000222e+02 1.991920010000000048e+02
5.386680300000000443e+02 2.244819950000000119e+02
5.384899900000000343e+02 2.254230039999999917e+02
4.578680110000000241e+02 2.128350069999999903e+02
5.534420169999999644e+02 2.342409969999999930e+02
4.965190119999999752e+02 2.316529999999999916e+02
5.433339839999999867e+02 2.193890079999999898e+02
4.866759950000000003e+02 2.072050020000000075e+02
5.095809939999999756e+02 2.479640049999999860e+02
5.058009950000000003e+02 2.271970059999999876e+02
5.511690059999999676e+02 2.016450040000000001e+02
5.040329899999999839e+02 2.538609920000000102e+02
5.548549799999999550e+02 1.944810029999999870e+02
5.291459959999999683e+02 2.133739930000000129e+02
5.079930110000000241e+02 2.542879939999999976e+02
5.559190059999999676e+02 2.313300020000000075e+02
5.011730039999999917e+02 2.090489959999999883e+02
5.594869999999999663e+02 2.305119929999999897e+02
4.887109990000000153e+02 2.188020019999999874e+02
5.575750120000000152e+02 1.951739959999999883e+02
4.765039980000000241e+02 2.194010010000000079e+02
4.908049930000000245e+02 2.079019930000000045e+02
4.962720029999999838e+02 2.788770139999999742e+02
4.982690119999999752e+02 2.217310029999999870e+02
4.862659909999999854e+02 2.259709929999999929e+02
5.016809999999999832e+02 2.246040040000000033e+02
5.652570190000000139e+02 2.252039949999999919e+02
4.641849980000000073e+02 2.189739989999999921e+02
5.546010129999999663e+02 1.949049990000000037e+02
4.796579899999999839e+02 2.120890049999999860e+02
5.124370119999999815e+02 2.445489959999999883e+02
5.563029790000000503e+02 1.985639950000000056e+02
5.401019900000000007e+02 2.522570039999999949e+02
5.200260009999999511e+02 2.239369959999999935e+02
5.175590210000000297e+02 2.382969970000000046e+02
5.342459720000000516e+02 2.194770049999999912e+02
5.246630249999999478e+02 2.493320009999999911e+02
5.006489869999999769e+02 2.300500030000000038e+02
4.823099980000000073e+02 2.434179990000000089e+02
5.015750120000000152e+02 2.403430020000000127e+02
4.849739989999999921e+02 2.151560059999999908e+02
5.397020260000000462e+02 2.335059970000000078e+02
4.960920100000000161e+02 2.047830050000000028e+02
4.877950129999999831e+02 2.387630000000000052e+02
5.207639769999999544e+02 2.405160060000000044e+02
4.871329959999999915e+02 2.054470059999999876e+02
4.933070069999999987e+02 2.677090150000000222e+02
5.186329960000000483e+02 2.166880040000000065e+02
5.480780029999999670e+02 2.216959990000000005e+02
4.742749939999999924e+02 2.274409939999999892e+02
5.379899900000000343e+02 2.179170070000000123e+02
5.364600219999999808e+02 2.528840030000000070e+02
5.429660030000000006e+02 2.136900019999999927e+02
4.751520080000000235e+02 2.118150019999999927e+02
5.146389769999999544e+02 2.169420010000000048e+02
5.365949709999999868e+02 2.437189940000000092e+02
4.844790039999999749e+02 2.018079989999999952e+02
5.243359990000000153e+02 2.450149989999999889e+02
5.410889889999999696e+02 2.498480069999999955e+02
4.721740110000000072e+02 2.384279940000000124e+02
5.473480220000000145e+02 2.161499939999999924e+02
4.919630129999999895e+02 2.253959959999999967e+02
5.506920169999999644e+02 2.143189999999999884e+02
4.761589969999999994e+02 2.130820009999999911e+02
5.531309810000000198e+02 2.140330050000000028e+02
5.029490049999999997e+02 2.387160030000000006e+02
5.371909789999999703e+02 2.119790040000000033e+02
4.970029910000000086e+02 1.839929960000000051e+02
5.705949709999999868e+02 2.089060059999999908e+02
5.048789980000000241e+02 2.232449949999999887e+02
4.962669980000000010e+02 2.201999969999999962e+02
5.247319949999999835e+02 2.386820069999999987e+02
5.164530029999999670e+02 2.568450010000000248e+02
5.448900149999999485e+02 2.442389980000000094e+02
4.960929869999999937e+02 2.084830019999999990e+02
5.597180180000000291e+02 2.238040009999999995e+02
5.587420039999999517e+02 2.015840000000000032e+02
5.072330019999999990e+02 2.447270049999999912e+02
5.306530149999999821e+02 1.967079929999999877e+02
5.151939700000000357e+02 2.224499969999999962e+02
5.473740229999999656e+02 2.049869999999999948e+02
4.905499879999999848e+02 2.149380040000000065e+02
4.748689880000000016e+02 2.170760040000000117e+02
5.184119869999999537e+02 2.365440059999999960e+02
5.084559939999999756e+02 2.224859920000000102e+02
4.978919980000000010e+02 2.746669919999999934e+02
4.849200129999999831e+02 2.357090000000000032e+02
5.723020020000000159e+02 2.058289949999999919e+02
5.263920289999999795e+02 2.157230069999999955e+02
4.904140009999999847e+02 2.355829929999999877e+02
4.908940119999999752e+02 2.145429990000000089e+02
5.545869750000000522e+02 2.305709990000000005e+02
5.264149780000000192e+02 2.219759980000000041e+02
5.303309940000000324e+02 2.137160030000000006e+02
5.135980220000000145e+02 2.151049959999999999e+02
5.048510130000000231e+02 2.532610019999999906e+02
5.333649900000000343e+02 2.527799990000000037e+02
5.342000120000000152e+02 2.672940060000000244e+02
4.905939940000000092e+02 2.371629939999999976e+02
5.281849979999999505e+02 2.476609950000000140e+02
4.767730099999999993e+02 2.016820069999999987e+02
4.877099910000000023e+02 2.148710020000000043e+02
4.794400019999999927e+02 2.218890079999999898e+02
5.339840090000000146e+02 2.139739989999999921e+02
4.710230099999999993e+02 2.096190029999999922e+02
5.559739990000000489e+02 2.406649930000000097e+02
5.457919920000000502e+02 1.982920070000000123e+02
5.405510249999999814e+02 2.085099950000000035e+02
5.125319819999999709e+02 2.481719970000000046e+02
4.985849910000000023e+02 2.247610019999999906e+02
5.402910160000000133e+02 2.134380040000000065e+02
4.775209960000000251e+02 2.445740049999999997e+02
5.542719730000000027e+02 2.350850069999999903e+02
5.564279790000000503e+02 2.055930020000000127e+02
5.528750000000000000e+02 2.279340060000000108e+02
5.469019779999999855e+02 2.338320009999999911e+02
5.175079960000000483e+02 2.226770019999999874e+02
5.696149900000000343e+02 2.068209990000000005e+02
5.063250120000000152e+02 2.162640079999999898e+02
4.694469910000000255e+02 2.055390010000000132e+02
4.703070069999999987e+02 2.109250030000000038e+02
4.843169859999999858e+02 2.337980039999999917e+02
5.034899899999999775e+02 2.387709959999999967e+02
5.623510129999999663e+02 2.141300050000000113e+02
5.559639889999999696e+02 2.297299959999999999e+02
5.458289790000000039e+02 2.384510040000000117e+02
5.343070069999999987e+02 2.091139980000000094e+02
5.555109860000000026e+02 2.363189999999999884e+02
5.350590210000000297e+02 2.450079959999999915e+02
5.110109860000000026e+02 2.183540040000000033e+02
5.281630249999999478e+02 2.177279969999999878e+02
4.750690000000000168e+02 2.201999969999999962e+02
5.614739990000000489e+02 2.215019990000000121e+02
4.976109920000000102e+02 2.119700009999999963e+02
4.966700129999999831e+02 2.836189880000000016e+02
5.208380130000000463e+02 2.542559970000000078e+02
5.352680050000000165e+02 2.482689970000000130e+02
5.480239870000000337e+02 1.954929960000000051e+02
4.956010130000000231e+02 2.480160060000000044e+02
5.349860230000000456e+02 2.518240049999999997e+02
5.499199830000000020e+02 2.378820039999999949e+02
5.134249879999999848e+02 2.477200009999999963e+02
4.935849910000000023e+02 2.276159969999999930e+02
5.222039790000000039e+02 2.151419980000000010e+02
5.410850219999999808e+02 2.444720000000000084e+02
4.583999939999999924e+02 2.149579929999999877e+02
4.691759950000000003e+02 2.221219940000000008e+02
5.322340090000000146e+02 2.106119999999999948e+02
5.168629760000000033e+02 2.229199979999999925e+02
5.425640260000000126e+02 2.601090090000000146e+02
4.839620059999999739e+02 2.359559940000000040e+02
4.955799870000000169e+02 2.314299929999999961e+02
5.200770260000000462e+02 2.154819950000000119e+02
5.308709720000000516e+02 2.399660030000000006e+02
5.400570069999999987e+02 2.420319979999999873e+02
4.854410100000000057e+02 2.368090060000000108e+02
4.690740049999999997e+02 2.153170010000000048e+02
4.841350100000000225e+02 2.345980069999999955e+02
5.178709720000000516e+02 2.174389950000000056e+02
4.976369930000000181e+02 2.433090060000000108e+02
5.222470090000000482e+02 2.537010040000000117e+02
5.179630130000000463e+02 2.348540040000000033e+02
5.348189700000000357e+02 2.198950040000000001e+02
4.890889890000000264e+02 2.463399960000000135e+02
4.746549989999999752e+02 2.095469970000000046e+02
5.209899900000000343e+02 2.221829989999999952e+02
5.285189820000000509e+02 2.305509950000000003e+02
5.034309999999999832e+02 2.461040040000000033e+02
5.328449709999999868e+02 2.276920010000000048e+02
5.120219730000000027e+02 2.184439999999999884e+02
5.578400269999999637e+02 2.191580050000000028e+02
4.710010070000000155e+02 2.091540070000000071e+02
5.575490109999999504e+02 2.032530059999999992e+02
4.802239989999999921e+02 2.063659969999999930e+02
5.324050290000000132e+02 2.558650049999999965e+02
5.388250120000000152e+02 2.480769960000000083e+02
5.188540040000000317e+02 2.307409969999999930e+02
5.089159849999999778e+02 2.488130040000000065e+02
4.870539860000000090e+02 2.439869999999999948e+02
4.773829959999999915e+02 2.064620060000000024e+02
5.643750000000000000e+02 2.142720030000000122e+02
5.173439939999999524e+02 2.557570039999999949e+02
5.543350219999999808e+02 2.064199979999999925e+02
5.296569819999999709e+02 2.487599950000000035e+02
5.145640260000000126e+02 2.141799929999999961e+02
5.461439820000000509e+02 2.349299929999999961e+02
4.870129999999999768e+02 2.144709929999999929e+02
5.376209720000000516e+02 2.210679930000000013e+02
5.407050169999999980e+02 2.254199979999999925e+02
4.970660100000000057e+02 2.457859950000000140e+02
5.024270020000000159e+02 2.366609950000000140e+02
5.310579830000000356e+02 2.357230069999999955e+02
5.230739750000000186e+02 2.508009950000000003e+02
5.655739750000000186e+02 2.198829959999999915e+02
5.565029909999999518e+02 2.270319979999999873e+02
5.377069699999999557e+02 2.288450009999999963e+02
4.767850040000000149e+02 2.079880070000000103e+02
5.403889769999999544e+02 2.322460020000000043e+02
4.687460019999999759e+02 2.621449890000000096e+02
5.157680050000000165e+02 2.607439880000000016e+02
5.657769779999999855e+02 2.047610019999999906e+02
5.342369999999999663e+02 2.311820069999999987e+02
5.183640139999999974e+02 2.518639980000000094e+02
5.438519900000000007e+02 2.054530029999999954e+02
4.849960019999999759e+02 2.363090060000000108e+02
4.895239869999999769e+02 2.297120060000000024e+02
4.897500000000000000e+02 2.423959959999999967e+02
4.972690119999999752e+02 2.538220059999999876e+02
4.847120059999999739e+02 2.095010069999999871e+02
5.075419919999999934e+02 2.474080050000000028e+02
5.305250240000000304e+02 2.260140079999999898e+02
4.808590090000000146e+02 2.641709900000000175e+02
4.797019960000000083e+02 2.411560059999999908e+02
4.815979919999999765e+02 2.735669859999999858e+02
4.931029970000000162e+02 2.690220029999999838e+02
4.924859920000000102e+02 2.420480039999999917e+02
5.053280030000000238e+02 2.292700040000000001e+02
5.637529909999999518e+02 2.312319950000000119e+02
4.746109920000000102e+02 2.290579989999999952e+02
4.806099849999999947e+02 2.124609989999999868e+02
4.856900019999999927e+02 2.264329989999999952e+02
5.129580079999999498e+02 2.544149930000000097e+02
5.491279909999999518e+02 1.941620029999999986e+02
5.106520080000000235e+02 2.381510010000000079e+02
5.461500240000000304e+02 2.026970059999999876e+02
4.757969969999999762e+02 2.293710020000000043e+02
5.066019900000000007e+02 2.394980009999999879e+02
4.990669859999999858e+02 2.130269930000000045e+02
5.700219730000000027e+02 2.099029999999999916e+02
4.944580080000000066e+02 1.827839969999999994e+02
4.854060059999999908e+02 1.939730069999999955e+02
5.445230099999999993e+02 2.032469940000000008e+02
5.181259770000000344e+02 2.258159939999999892e+02
4.657380069999999819e+02 2.384709929999999929e+02
4.969010010000000079e+02 2.690039980000000241e+02
5.644030149999999821e+02 2.017369999999999948e+02
4.789580080000000066e+02 2.088829959999999915e+02
5.456699830000000020e+02 2.127969970000000046e+02
5.175469970000000330e+02 2.272729950000000088e+02
5.520789790000000039e+02 2.052319950000000119e+02
5.536589969999999994e+02 2.091589969999999994e+02
5.187440189999999802e+02 2.261069950000000119e+02
5.374569699999999557e+02 2.318009950000000003e+02
5.479470209999999497e+02 2.189869999999999948e+02
5.111979979999999841e+02 2.291510010000000079e+02
5.081669919999999934e+02 2.243520049999999912e+02
5.378359990000000153e+02 2.437769930000000045e+02
5.609849850000000515e+02 2.231340030000000070e+02
5.504559940000000324e+02 2.090489959999999883e+02
4.653859860000000026e+02 2.114680020000000127e+02
4.804710079999999834e+02 2.233249969999999962e+02
4.792959900000000175e+02 2.310440059999999960e+02
4.832919919999999934e+02 2.666120000000000232e+02
5.345939939999999524e+02 2.521690059999999960e+02
4.958309939999999756e+02 2.425859989999999868e+02
5.307529909999999518e+02 2.183170010000000048e+02
4.856640009999999847e+02 2.382279969999999878e+02
5.539780269999999973e+02 2.288650049999999965e+02
5.517839969999999994e+02 2.180359950000000140e+02
5.245930180000000291e+02 2.549649960000000135e+02
5.413989870000000337e+02 2.545549929999999961e+02
4.724240110000000072e+02 2.233739930000000129e+02
4.731409909999999854e+02 2.265010069999999871e+02
5.510650020000000495e+02 2.425469970000000046e+02
5.419370119999999815e+02 2.348829959999999915e+02
5.091260070000000155e+02 2.337489930000000129e+02
4.652739869999999769e+02 2.129920040000000085e+02
5.203640139999999974e+02 2.177969970000000046e+02
5.606259770000000344e+02 2.013390049999999860e+02
4.748309939999999756e+02 2.067149960000000135e+02
4.960960079999999834e+02 2.248509980000000041e+02
5.148270260000000462e+02 2.529969940000000008e+02
5.198880000000000337e+02 2.440160060000000044e+02
5.523670039999999517e+02 2.339029999999999916e+02
4.775320130000000063e+02 2.303229980000000126e+02
5.144340210000000297e+02 2.063950040000000001e+02
4.897019960000000083e+02 2.241499939999999924e+02
5.221900020000000495e+02 2.342120060000000024e+02
5.573239750000000186e+02 2.094210050000000081e+02
5.062680050000000165e+02 2.349859920000000102e+02
5.396630249999999478e+02 2.296300050000000113e+02
5.192890009999999847e+02 2.527350010000000111e+02
5.430729979999999841e+02 2.076900019999999927e+02
4.853699950000000172e+02 2.748290099999999825e+02
5.227089839999999867e+02 2.444179990000000089e+02
5.527490229999999656e+02 2.513000030000000038e+02
5.333060299999999643e+02 2.189510040000000117e+02
5.444039920000000166e+02 1.973750000000000000e+02
4.611719969999999762e+02 2.428209990000000005e+02
5.480720209999999497e+02 2.093350069999999903e+02
5.450410160000000133e+02 2.330720059999999876e+02
5.638889769999999544e+02 2.066670070000000123e+02
5.609799799999999550e+02 2.140789949999999919e+02
4.848959960000000251e+02 2.013320009999999911e+02
