3.418049930000000245e+02 3.617550049999999828e+02
3.452260130000000231e+02 3.063919980000000010e+02
3.748590090000000146e+02 3.461709900000000175e+02
3.205440060000000244e+02 3.340190119999999752e+02
2.861770020000000159e+02 3.422439880000000016e+02
3.692919919999999934e+02 3.639190060000000244e+02
2.529400019999999927e+02 3.426340030000000070e+02
3.456610109999999736e+02 3.331210019999999759e+02
3.143089899999999943e+02 3.224289860000000090e+02
3.186940000000000168e+02 3.693089899999999943e+02
3.617890009999999847e+02 3.499890139999999974e+02
3.349930110000000241e+02 3.395660100000000057e+02
3.688320009999999911e+02 3.548479919999999765e+02
3.246400150000000053e+02 3.160039980000000241e+02
3.495950010000000248e+02 3.610180050000000165e+02
3.686480099999999993e+02 3.215790099999999825e+02
3.365440060000000244e+02 3.787340090000000146e+02
3.093829959999999915e+02 3.524450069999999755e+02
3.159479979999999841e+02 3.558930050000000165e+02
3.463099980000000073e+02 3.450150150000000053e+02
3.416960139999999910e+02 3.753229979999999841e+02
3.307650150000000053e+02 3.636459960000000251e+02
3.371310119999999984e+02 3.620589899999999943e+02
3.111520080000000235e+02 3.441799930000000245e+02
3.582219850000000179e+02 3.390859990000000153e+02
3.491749879999999848e+02 3.632090150000000222e+02
3.105109860000000026e+02 3.452810059999999908e+02
3.542919919999999934e+02 3.522680050000000165e+02
3.370360109999999736e+02 3.563500060000000076e+02
3.046120000000000232e+02 3.575270080000000235e+02
3.165220029999999838e+02 3.569100040000000149e+02
3.214739989999999921e+02 3.831210019999999759e+02
2.729580080000000066e+02 3.587390139999999974e+02
3.399200129999999831e+02 3.200620119999999815e+02
3.319339899999999943e+02 3.638940119999999752e+02
3.658739929999999845e+02 3.667319949999999835e+02
3.533959960000000251e+02 3.291700129999999831e+02
3.367189940000000092e+02 3.352370000000000232e+02
3.430339969999999994e+02 3.536080019999999990e+02
3.402279970000000162e+02 3.429289860000000090e+02
3.265639949999999772e+02 3.812720029999999838e+02
3.183800049999999828e+02 3.163900150000000053e+02
3.063479919999999765e+02 3.284880069999999819e+02
3.430069889999999759e+02 3.462929990000000089e+02
3.211809999999999832e+02 3.310629880000000185e+02
3.086539920000000166e+02 3.463550109999999904e+02
3.338680110000000241e+02 3.129280089999999745e+02
3.273720089999999914e+02 3.706000060000000076e+02
3.338340150000000222e+02 3.190830080000000066e+02
3.519159849999999778e+02 3.587879940000000261e+02
3.155599980000000073e+02 3.133550109999999904e+02
3.017909849999999778e+02 3.453869930000000181e+02
3.242300109999999904e+02 3.789540099999999825e+02
3.730969850000000179e+02 3.407629999999999768e+02
3.091189880000000016e+02 3.219859920000000102e+02
3.454230039999999917e+02 3.396830140000000142e+02
3.184110109999999736e+02 3.452019960000000083e+02
3.131379999999999768e+02 3.040090030000000070e+02
2.539909969999999930e+02 3.429750060000000076e+02
2.698299870000000169e+02 3.438450010000000248e+02
3.670880129999999895e+02 3.606629940000000261e+02
3.303540039999999749e+02 3.585480039999999917e+02
3.423169859999999858e+02 3.197290039999999749e+02
3.191690060000000244e+02 3.781239929999999845e+02
3.247059939999999756e+02 3.227090150000000222e+02
3.306969910000000255e+02 3.511659849999999778e+02
3.140910030000000006e+02 3.338080140000000142e+02
3.223429869999999937e+02 3.526310119999999984e+02
3.698850100000000225e+02 3.251040039999999749e+02
3.149750060000000076e+02 3.283469850000000179e+02
3.236359860000000026e+02 3.439280089999999745e+02
3.332229919999999765e+02 3.739360050000000228e+02
3.721159969999999930e+02 3.369970089999999914e+02
3.402349849999999947e+02 3.199100040000000149e+02
3.284469910000000255e+02 3.192950129999999831e+02
3.037680050000000165e+02 3.374599910000000023e+02
3.709429930000000013e+02 3.446120000000000232e+02
3.719769900000000007e+02 3.350199890000000096e+02
3.681879880000000185e+02 3.418760070000000155e+02
3.228479919999999765e+02 3.003970029999999838e+02
3.231669919999999934e+02 3.285440060000000244e+02
3.351470029999999838e+02 3.148909909999999854e+02
3.662130129999999895e+02 3.245469969999999762e+02
3.139379880000000185e+02 3.707860109999999736e+02
3.715969850000000179e+02 3.474870000000000232e+02
3.397049870000000169e+02 3.679280089999999745e+02
3.378229979999999841e+02 3.239389949999999772e+02
3.570199890000000096e+02 3.451289980000000241e+02
3.090690000000000168e+02 3.534219969999999762e+02
3.518120119999999815e+02 3.681789860000000090e+02
3.311010130000000231e+02 3.080280149999999821e+02
3.320379940000000261e+02 3.295669859999999858e+02
3.341740110000000072e+02 3.803439940000000092e+02
3.471050109999999904e+02 3.637609860000000026e+02
3.357770080000000235e+02 3.266210019999999759e+02
3.451969910000000255e+02 3.510299989999999752e+02
3.085109860000000026e+02 3.467489929999999845e+02
3.507479860000000258e+02 3.238210139999999910e+02
3.546679990000000089e+02 3.413999939999999924e+02
3.172560119999999984e+02 3.094649959999999851e+02
3.269630129999999895e+02 3.269039920000000166e+02
3.415299989999999752e+02 3.212950129999999831e+02
3.510769960000000083e+02 3.153410030000000006e+02
3.137869870000000105e+02 3.358290099999999825e+02
3.674719850000000179e+02 3.425129999999999768e+02
3.192940060000000244e+02 3.295450129999999831e+02
3.248659969999999930e+02 3.506700129999999831e+02
3.426229860000000258e+02 3.257990110000000072e+02
3.419179990000000089e+02 3.395169980000000010e+02
3.395679930000000013e+02 3.464049989999999752e+02
3.001189880000000016e+02 3.451109920000000102e+02
3.433290099999999825e+02 3.699939880000000016e+02
3.289320069999999987e+02 3.556019900000000007e+02
3.611619870000000105e+02 3.526260070000000155e+02
3.093710019999999759e+02 3.487780149999999821e+02
3.716059880000000248e+02 3.349679869999999937e+02
3.157059939999999756e+02 3.712460019999999759e+02
3.350119930000000181e+02 3.345780030000000238e+02
3.214769900000000007e+02 3.339089969999999994e+02
2.712780149999999821e+02 3.321199950000000172e+02
3.375230099999999993e+02 3.450899959999999851e+02
3.117950129999999831e+02 3.336430050000000165e+02
3.037699890000000096e+02 3.233789980000000241e+02
3.196879880000000185e+02 3.602799989999999752e+02
3.230840150000000222e+02 3.474110109999999736e+02
3.452629999999999768e+02 3.424530030000000238e+02
3.087290039999999749e+02 3.638049930000000245e+02
3.708160100000000057e+02 3.281589969999999994e+02
3.513380129999999895e+02 3.097189940000000092e+02
3.385249939999999924e+02 3.289570009999999911e+02
2.711180110000000241e+02 3.594219969999999762e+02
3.567349849999999947e+02 3.172279970000000162e+02
3.401220089999999914e+02 3.511879880000000185e+02
3.210910030000000006e+02 3.667820130000000063e+02
3.217030030000000238e+02 3.729779970000000162e+02
3.364920040000000085e+02 3.314500120000000152e+02
3.673699950000000172e+02 3.221929930000000013e+02
3.260589899999999943e+02 3.812390139999999974e+02
3.250069889999999759e+02 3.352969969999999762e+02
3.338670040000000085e+02 3.650599980000000073e+02
3.086770020000000159e+02 3.646059880000000248e+02
3.648229979999999841e+02 3.232430110000000241e+02
3.499519960000000083e+02 3.242629999999999768e+02
3.424599910000000023e+02 3.421929930000000013e+02
3.178850100000000225e+02 3.685440060000000244e+02
3.596319889999999759e+02 3.362290039999999749e+02
3.451359860000000026e+02 3.610230099999999993e+02
3.395960079999999834e+02 3.720750120000000152e+02
3.490539860000000090e+02 3.606090090000000146e+02
3.460369870000000105e+02 3.666520080000000235e+02
3.307420040000000085e+02 3.128399959999999851e+02
3.456740110000000072e+02 3.403089899999999943e+02
3.181860050000000228e+02 3.445469969999999762e+02
3.112590030000000070e+02 3.735549930000000245e+02
3.274490049999999997e+02 3.485599980000000073e+02
3.645129999999999768e+02 3.304630129999999895e+02
3.586489869999999769e+02 3.527059939999999756e+02
3.080960079999999834e+02 3.663689880000000016e+02
3.538439940000000092e+02 3.138800049999999828e+02
3.451929930000000013e+02 3.269570009999999911e+02
3.714630129999999895e+02 3.352080080000000066e+02
3.493779910000000086e+02 3.425929869999999937e+02
3.284719850000000179e+02 3.205039980000000241e+02
3.251109920000000102e+02 3.160650019999999927e+02
3.749530030000000238e+02 3.464159849999999778e+02
3.714370119999999815e+02 3.568340150000000222e+02
3.778160100000000057e+02 3.314880069999999819e+02
3.212500000000000000e+02 3.543890079999999898e+02
3.381470029999999838e+02 3.350270080000000235e+02
3.218059999999999832e+02 3.116730039999999917e+02
3.436090090000000146e+02 3.354230039999999917e+02
3.183739929999999845e+02 3.692990110000000072e+02
3.585740049999999997e+02 3.484280089999999745e+02
3.530660100000000057e+02 3.285790099999999825e+02
3.557250060000000076e+02 3.297370000000000232e+02
3.273179930000000013e+02 3.536919859999999858e+02
3.616849980000000073e+02 3.347579959999999915e+02
2.821499939999999924e+02 3.431310119999999984e+02
3.492739869999999769e+02 3.292760010000000079e+02
3.211799930000000245e+02 3.156629940000000261e+02
3.257869870000000105e+02 3.620289920000000166e+02
2.578959960000000251e+02 3.443179930000000013e+02
3.101459960000000251e+02 3.463819889999999759e+02
3.054440000000000168e+02 3.246350100000000225e+02
3.198840030000000070e+02 3.135870059999999739e+02
3.402579959999999915e+02 3.692520139999999742e+02
3.154240110000000072e+02 3.747009889999999928e+02
3.260039980000000241e+02 3.372829899999999839e+02
3.147550049999999828e+02 3.748110050000000228e+02
3.442810059999999908e+02 3.593919980000000010e+02
3.060400089999999977e+02 3.442500000000000000e+02
3.653389890000000264e+02 3.205589899999999943e+02
3.197999879999999848e+02 3.435499879999999848e+02
3.660159909999999854e+02 3.290599980000000073e+02
3.286379999999999768e+02 3.500350040000000149e+02
3.506770020000000159e+02 3.576650089999999977e+02
3.346860050000000228e+02 3.485580140000000142e+02
3.284360050000000228e+02 3.168009950000000003e+02
3.416889949999999772e+02 3.051919859999999858e+02
3.429670100000000161e+02 3.147690119999999752e+02
3.577390139999999974e+02 3.210530089999999745e+02
3.702130129999999895e+02 3.348670040000000085e+02
3.627430110000000241e+02 3.597080080000000066e+02
3.514899899999999775e+02 3.728120119999999815e+02
3.204939880000000016e+02 3.406919859999999858e+02
3.711679990000000089e+02 3.450960079999999834e+02
3.386830140000000142e+02 3.453989869999999769e+02
3.239920040000000085e+02 3.388519900000000007e+02
3.452909849999999778e+02 3.762659909999999854e+02
3.585539860000000090e+02 3.760350040000000149e+02
3.278059999999999832e+02 3.205230099999999993e+02
3.553389890000000264e+02 3.458320009999999911e+02
3.313609920000000102e+02 3.775740049999999997e+02
3.722359920000000102e+02 3.542850040000000149e+02
3.122309880000000248e+02 3.680820009999999911e+02
3.275759889999999928e+02 3.735350040000000149e+02
3.699979860000000258e+02 3.393450010000000248e+02
3.627629999999999768e+02 3.549070130000000063e+02
3.345859990000000153e+02 3.295669859999999858e+02
3.097149959999999851e+02 3.694289860000000090e+02
3.630129999999999768e+02 3.596369930000000181e+02
3.564429930000000013e+02 3.121849980000000073e+02
3.314880069999999819e+02 3.781600040000000149e+02
3.422569889999999759e+02 3.050889890000000264e+02
3.054960019999999759e+02 3.258169859999999858e+02
3.225209960000000251e+02 3.001080019999999990e+02
3.238160100000000057e+02 3.295069889999999759e+02
3.177640079999999898e+02 3.590090030000000070e+02
3.306929930000000013e+02 3.368720089999999914e+02
3.148330080000000066e+02 3.653980099999999993e+02
3.129800109999999904e+02 3.495790099999999825e+02
3.557640079999999898e+02 3.465060119999999984e+02
3.120220029999999838e+02 3.481659849999999778e+02
3.696589969999999994e+02 3.647189940000000092e+02
3.116780089999999745e+02 3.406889949999999772e+02
2.755809939999999756e+02 3.514049989999999752e+02
3.701189880000000016e+02 3.474320069999999987e+02
3.093949890000000096e+02 3.650899959999999851e+02
3.371170040000000085e+02 3.675809939999999756e+02
3.311159969999999930e+02 3.477399899999999775e+02
3.047879940000000261e+02 3.432170100000000161e+02
3.310469969999999762e+02 3.431789860000000090e+02
3.221709900000000175e+02 3.767399899999999775e+02
3.670620119999999815e+02 3.626019900000000007e+02
2.881090090000000146e+02 3.341329959999999915e+02
3.277959900000000175e+02 3.377359920000000102e+02
3.611929930000000013e+02 3.493720089999999914e+02
3.562460019999999759e+02 3.201090090000000146e+02
3.016499939999999924e+02 3.655769960000000083e+02
3.521459960000000251e+02 3.288620000000000232e+02
2.727650150000000053e+02 3.403410030000000006e+02
3.227600100000000225e+02 3.070440060000000244e+02
3.209389949999999772e+02 3.507239989999999921e+02
3.261589969999999994e+02 3.341449890000000096e+02
3.421300049999999828e+02 3.071690060000000244e+02
3.561489869999999769e+02 3.336419980000000010e+02
3.842279970000000162e+02 3.466159969999999930e+02
3.760239869999999769e+02 3.306189880000000016e+02
3.339219969999999762e+02 3.346830140000000142e+02
3.476170040000000085e+02 3.703649899999999775e+02
3.597510070000000155e+02 3.732179869999999937e+02
3.359989929999999845e+02 3.732569889999999759e+02
3.478439940000000092e+02 3.106149899999999775e+02
3.301820069999999987e+02 3.319400019999999927e+02
3.138599849999999947e+02 3.747690119999999752e+02
3.516279910000000086e+02 3.137170100000000161e+02
3.518869930000000181e+02 3.116029970000000162e+02
3.147009889999999928e+02 3.314660030000000006e+02
3.654989929999999845e+02 3.591629940000000261e+02
3.576759950000000003e+02 3.143110050000000228e+02
3.496120000000000232e+02 3.785280149999999821e+02
3.310440060000000244e+02 3.475950010000000248e+02
3.433609920000000102e+02 3.659209900000000175e+02
2.770780030000000238e+02 3.443879999999999768e+02
2.711400150000000053e+02 3.458030089999999745e+02
3.329500120000000152e+02 3.554119870000000105e+02
3.221029970000000162e+02 3.458999939999999924e+02
3.097189940000000092e+02 3.430280149999999821e+02
3.133500060000000076e+02 3.183269960000000083e+02
2.989739989999999921e+02 3.512959900000000175e+02
3.685390009999999847e+02 3.584540099999999825e+02
3.044729919999999765e+02 3.650079959999999915e+02
3.199830019999999990e+02 3.491369930000000181e+02
3.454760130000000231e+02 3.261520080000000235e+02
3.619840090000000146e+02 3.447279970000000162e+02
3.075050049999999828e+02 3.436640009999999847e+02
3.637040099999999825e+02 3.451740110000000072e+02
3.164509889999999928e+02 3.382990110000000072e+02
3.047680050000000165e+02 3.502650150000000053e+02
3.040100100000000225e+02 3.275020139999999742e+02
3.125180050000000165e+02 3.198930050000000165e+02
3.335390009999999847e+02 3.118900150000000053e+02
2.885260010000000079e+02 3.652260130000000231e+02
3.216539920000000166e+02 3.666759950000000003e+02
2.799859920000000102e+02 3.434419859999999858e+02
3.434020080000000235e+02 3.390589899999999943e+02
3.224849849999999947e+02 3.341289980000000241e+02
3.073290099999999825e+02 3.407019960000000083e+02
3.268460079999999834e+02 3.585119930000000181e+02
3.182349849999999947e+02 3.751990049999999997e+02
3.611470029999999838e+02 3.151149899999999775e+02
3.407869870000000105e+02 3.360759889999999928e+02
3.016889949999999772e+02 3.697359920000000102e+02
3.433710019999999759e+02 3.651839899999999943e+02
3.292980039999999917e+02 3.070329899999999839e+02
3.017539980000000241e+02 3.505450129999999831e+02
3.387290039999999749e+02 3.632500000000000000e+02
2.599840090000000146e+02 3.462239989999999921e+02
3.360780030000000238e+02 3.508819889999999759e+02
3.862929990000000089e+02 3.463309939999999756e+02
3.160209960000000251e+02 3.548299870000000169e+02
3.063649899999999775e+02 3.546759950000000003e+02
3.422999879999999848e+02 3.682900089999999977e+02
3.121709900000000175e+02 3.459280089999999745e+02
3.350629880000000185e+02 3.825329899999999839e+02
3.581669919999999934e+02 3.329370119999999815e+02
3.496329959999999915e+02 3.808609920000000102e+02
3.406740110000000072e+02 3.410910030000000006e+02
3.519729919999999765e+02 3.694540099999999825e+02
2.971719969999999762e+02 3.348070069999999987e+02
3.386239929999999845e+02 3.061059880000000248e+02
3.346499939999999924e+02 3.148789980000000241e+02
3.678529970000000162e+02 3.243810119999999984e+02
3.099729919999999765e+02 3.463630069999999819e+02
3.491319889999999759e+02 3.514549870000000169e+02
2.771589969999999994e+02 3.435960079999999834e+02
3.228280030000000238e+02 3.565400089999999977e+02
3.271870119999999815e+02 3.050989989999999921e+02
3.444899899999999775e+02 3.383030089999999745e+02
3.458160100000000057e+02 3.700280149999999821e+02
3.450119930000000181e+02 3.388879999999999768e+02
2.950950010000000248e+02 3.423190000000000168e+02
3.715650019999999927e+02 3.314049989999999752e+02
3.385270080000000235e+02 3.629370119999999815e+02
2.716799930000000245e+02 3.466709900000000175e+02
3.388829959999999915e+02 3.580150150000000053e+02
3.099670100000000161e+02 3.618399959999999851e+02
3.573729860000000258e+02 3.294159849999999778e+02
3.289989929999999845e+02 3.663550109999999904e+02
3.077980039999999917e+02 3.392999879999999848e+02
3.377179869999999937e+02 3.056919859999999858e+02
3.533320009999999911e+02 3.364639890000000264e+02
2.844169919999999934e+02 3.432409969999999930e+02
3.309670100000000161e+02 3.384389949999999772e+02
3.165390009999999847e+02 3.536400150000000053e+02
3.399100040000000149e+02 3.365690000000000168e+02
3.372409969999999930e+02 3.559370119999999815e+02
3.183420100000000161e+02 3.405310059999999908e+02
3.149360050000000228e+02 3.249150089999999977e+02
3.429939880000000016e+02 3.106700129999999831e+02
3.156650089999999977e+02 3.231919859999999858e+02
3.026709900000000175e+02 3.324150089999999977e+02
3.150490110000000072e+02 3.724530030000000238e+02
3.422609860000000026e+02 3.337489929999999845e+02
3.779590150000000222e+02 3.364140009999999847e+02
3.381889949999999772e+02 3.486719969999999762e+02
3.553580019999999990e+02 3.739899899999999775e+02
