5.422410280000000284e+02 1.476260069999999871e+02
5.004500120000000152e+02 1.187809979999999968e+02
5.639829710000000205e+02 1.903060000000000116e+02
5.712390139999999974e+02 1.042549970000000030e+02
5.714210209999999961e+02 1.536280059999999992e+02
5.350000000000000000e+02 1.557460020000000043e+02
5.585059810000000198e+02 1.488269960000000083e+02
5.575460209999999961e+02 1.836629939999999976e+02
5.719970090000000482e+02 1.852550050000000113e+02
5.688079830000000356e+02 1.671829989999999952e+02
5.523319699999999557e+02 1.707649989999999889e+02
5.787490229999999656e+02 1.551580050000000028e+02
5.400189820000000509e+02 1.348730009999999879e+02
5.701350099999999657e+02 1.813159939999999892e+02
5.672180180000000291e+02 1.461380000000000052e+02
5.751530149999999821e+02 1.666849980000000073e+02
5.558400269999999637e+02 1.826719970000000046e+02
5.419559940000000324e+02 1.256139979999999952e+02
5.541329960000000483e+02 1.894640049999999860e+02
5.688040160000000469e+02 1.641849980000000073e+02
5.381950070000000323e+02 1.299590000000000032e+02
5.504810179999999491e+02 1.560820009999999911e+02
5.504890139999999974e+02 1.693430020000000127e+02
5.133449709999999868e+02 1.535729980000000126e+02
5.011430050000000165e+02 1.184349979999999931e+02
5.024519960000000083e+02 1.350840000000000032e+02
5.512219850000000179e+02 1.010630040000000065e+02
4.933110050000000228e+02 1.322799990000000037e+02
4.975820009999999911e+02 1.571230009999999879e+02
5.580759890000000496e+02 1.831210020000000043e+02
5.785520020000000159e+02 1.761759950000000003e+02
5.313640139999999974e+02 1.418849950000000035e+02
5.488439939999999524e+02 1.429010010000000079e+02
5.325349730000000363e+02 1.249629970000000014e+02
5.454500120000000152e+02 1.379909969999999930e+02
5.363359990000000153e+02 1.253590010000000063e+02
5.283759770000000344e+02 1.352489930000000129e+02
5.237020260000000462e+02 1.263369979999999941e+02
5.000199890000000096e+02 1.385200040000000001e+02
5.046839899999999943e+02 1.185640029999999996e+02
5.136069949999999835e+02 1.200240019999999959e+02
5.153579710000000205e+02 1.196849979999999931e+02
5.405850219999999808e+02 1.561399989999999889e+02
5.493510129999999663e+02 1.477940059999999960e+02
5.784970090000000482e+02 1.701959990000000005e+02
5.504270020000000159e+02 1.407030029999999954e+02
5.043859860000000026e+02 1.172929989999999947e+02
5.751760249999999814e+02 1.533820039999999949e+02
5.523419800000000350e+02 8.667500300000000379e+01
5.692520140000000310e+02 1.504499969999999962e+02
5.693400269999999637e+02 1.664759980000000041e+02
5.204219970000000330e+02 1.372799990000000037e+02
5.241099850000000515e+02 1.423560029999999870e+02
5.357199709999999868e+02 1.343040009999999995e+02
4.933309939999999756e+02 1.570339969999999994e+02
5.332949830000000020e+02 1.527929990000000089e+02
5.683079830000000356e+02 1.892310029999999870e+02
5.704719850000000179e+02 1.754640049999999860e+02
5.244030149999999821e+02 1.311640010000000132e+02
5.655830079999999498e+02 1.516719970000000046e+02
4.934719850000000179e+02 1.720169980000000010e+02
5.551560060000000476e+02 1.401289979999999957e+02
4.964349980000000073e+02 1.240149990000000031e+02
5.225839839999999867e+02 1.072440030000000064e+02
5.568800049999999828e+02 1.293800050000000113e+02
5.212100219999999808e+02 1.236220019999999948e+02
5.339840090000000146e+02 1.225469970000000046e+02
5.707969970000000330e+02 1.595319979999999873e+02
5.640440059999999676e+02 1.595460050000000081e+02
5.587000120000000152e+02 1.462640079999999898e+02
5.164990229999999656e+02 1.196019969999999972e+02
5.513489990000000489e+02 1.594149930000000097e+02
5.487789920000000166e+02 1.869609989999999868e+02
5.087170100000000161e+02 1.227229999999999990e+02
5.321129760000000033e+02 1.319720000000000084e+02
5.203809810000000198e+02 1.248109970000000004e+02
4.966289980000000241e+02 1.502090000000000032e+02
5.285100099999999657e+02 1.455939940000000092e+02
5.175250240000000304e+02 1.350850069999999903e+02
5.259949950000000172e+02 1.189530029999999954e+02
4.997799989999999752e+02 1.618959959999999967e+02
5.482999879999999848e+02 1.525509950000000003e+02
5.289680180000000291e+02 1.227139970000000062e+02
5.592630000000000337e+02 1.436040040000000033e+02
5.141439820000000509e+02 1.292760010000000079e+02
5.109509889999999928e+02 1.262539979999999957e+02
5.287050169999999980e+02 1.448609920000000102e+02
5.457429809999999861e+02 1.222570039999999949e+02
5.356270140000000310e+02 1.408560029999999870e+02
5.373690189999999802e+02 1.354049990000000037e+02
5.503839719999999716e+02 1.391810000000000116e+02
5.070820009999999911e+02 1.672209929999999929e+02
5.670289920000000166e+02 1.555639950000000056e+02
5.264190059999999676e+02 1.383410030000000006e+02
4.947409969999999930e+02 1.768489989999999921e+02
5.871859739999999874e+02 1.427539979999999957e+02
5.287340090000000146e+02 1.232160030000000006e+02
5.720380249999999478e+02 1.959700009999999963e+02
5.268020020000000159e+02 9.691500100000000373e+01
5.309180300000000443e+02 1.254980010000000021e+02
5.518709720000000516e+02 1.639629970000000014e+02
4.934209900000000175e+02 1.573820039999999949e+02
5.240960079999999834e+02 1.427689970000000130e+02
5.583790279999999484e+02 1.730870060000000024e+02
5.218540040000000317e+02 1.382059940000000040e+02
5.466049799999999550e+02 1.516499939999999924e+02
5.040159909999999854e+02 1.644530029999999954e+02
5.284790040000000317e+02 1.268519969999999972e+02
5.041270139999999742e+02 1.263440020000000032e+02
5.125009770000000344e+02 1.188219990000000053e+02
5.235850219999999808e+02 1.242259980000000041e+02
5.697509770000000344e+02 1.598509980000000041e+02
5.520999759999999696e+02 1.797469940000000008e+02
4.940260010000000079e+02 1.558209990000000005e+02
5.658950200000000450e+02 1.748159939999999892e+02
5.285689700000000357e+02 1.215019989999999979e+02
5.741849979999999505e+02 1.615930020000000127e+02
5.437969970000000330e+02 1.532169949999999972e+02
5.747760009999999511e+02 1.496659999999999968e+02
5.044110109999999736e+02 1.626929930000000013e+02
5.045679930000000013e+02 1.727909999999999968e+02
5.709810179999999491e+02 1.399159999999999968e+02
5.326569819999999709e+02 1.329739989999999921e+02
5.502529909999999518e+02 1.603509980000000041e+02
5.712880249999999478e+02 1.865910030000000006e+02
5.257500000000000000e+02 9.757299799999999834e+01
5.743640139999999974e+02 1.795099950000000035e+02
5.436389769999999544e+02 1.369230039999999917e+02
4.991289980000000241e+02 1.751880040000000065e+02
5.690300290000000132e+02 1.605910030000000006e+02
5.471320190000000139e+02 1.366060029999999870e+02
5.674860230000000456e+02 1.811580050000000028e+02
5.690369869999999537e+02 1.896369929999999897e+02
5.687500000000000000e+02 1.905220030000000122e+02
5.059129940000000261e+02 1.389230039999999917e+02
5.486890260000000126e+02 1.614100039999999865e+02
5.048229979999999841e+02 1.234039989999999989e+02
5.453889769999999544e+02 9.802999900000000366e+01
5.230770260000000462e+02 1.249599989999999963e+02
5.548150020000000495e+02 1.521329959999999915e+02
5.061849980000000073e+02 1.224319990000000047e+02
5.542459720000000516e+02 1.757209929999999929e+02
5.585020140000000310e+02 1.316840060000000108e+02
5.041289980000000241e+02 1.261340030000000070e+02
5.495159909999999854e+02 1.606009980000000041e+02
4.993859860000000026e+02 1.261439969999999988e+02
5.607990109999999504e+02 1.368829959999999915e+02
5.465939939999999524e+02 1.071299970000000030e+02
5.104689940000000092e+02 1.392100069999999903e+02
5.635709839999999531e+02 1.710079959999999915e+02
5.338889769999999544e+02 1.274929960000000051e+02
4.925539860000000090e+02 1.569450070000000039e+02
5.518460079999999834e+02 1.258949970000000036e+02
5.669470209999999497e+02 1.791179960000000051e+02
5.774630130000000463e+02 1.706309970000000078e+02
4.983489989999999921e+02 1.322270049999999912e+02
5.271119999999999663e+02 1.056880040000000065e+02
5.729940189999999802e+02 1.578549959999999999e+02
5.583859860000000026e+02 1.813950040000000001e+02
5.058659969999999930e+02 1.290240019999999959e+02
5.607390139999999974e+02 1.376750030000000038e+02
5.630599979999999505e+02 1.624380040000000065e+02
5.419899900000000343e+02 1.210609970000000004e+02
5.511630249999999478e+02 9.969000200000000689e+01
5.205460209999999961e+02 1.421139980000000094e+02
5.609879760000000033e+02 1.878390049999999860e+02
5.101040039999999749e+02 1.179779970000000020e+02
5.854169920000000502e+02 1.541199949999999887e+02
5.468779909999999518e+02 1.636810000000000116e+02
5.142210079999999834e+02 1.808099980000000073e+02
5.433540040000000317e+02 1.271230010000000021e+02
5.685880130000000463e+02 1.901939999999999884e+02
5.035329899999999839e+02 1.231340030000000070e+02
5.577080079999999498e+02 1.438079989999999952e+02
5.353740229999999656e+02 1.249869999999999948e+02
4.924509889999999928e+02 1.313849950000000035e+02
5.003890079999999898e+02 1.335399930000000097e+02
5.142059940000000324e+02 1.234159999999999968e+02
5.384489750000000186e+02 1.236659999999999968e+02
5.487410280000000284e+02 1.851410060000000044e+02
5.167230220000000145e+02 1.396490019999999959e+02
5.277990109999999504e+02 1.380939940000000092e+02
5.270250240000000304e+02 1.569680020000000127e+02
5.255070190000000139e+02 1.461649930000000097e+02
5.062900089999999977e+02 1.413569950000000119e+02
5.534000240000000304e+02 1.504819950000000119e+02
5.633959959999999683e+02 1.549519960000000083e+02
5.012919919999999934e+02 1.320180049999999881e+02
5.121569819999999709e+02 1.791080019999999990e+02
5.665349730000000363e+02 1.774880070000000103e+02
5.472910160000000133e+02 1.512980039999999917e+02
4.959630129999999895e+02 1.345919949999999972e+02
5.418880000000000337e+02 1.451810000000000116e+02
5.376060179999999491e+02 9.182800299999999538e+01
5.272979739999999538e+02 1.373600010000000111e+02
5.539970090000000482e+02 1.710330050000000028e+02
4.933269960000000083e+02 1.249130020000000059e+02
5.284559940000000324e+02 1.316459959999999967e+02
5.640620119999999815e+02 1.500910030000000006e+02
5.004609990000000153e+02 1.586000060000000076e+02
5.328369750000000522e+02 1.422680049999999881e+02
5.309829710000000205e+02 1.495689999999999884e+02
5.571550290000000132e+02 1.538209990000000005e+02
5.283850099999999657e+02 1.490930020000000127e+02
5.364500120000000152e+02 9.065899699999999939e+01
5.725520020000000159e+02 1.557359920000000102e+02
4.982380069999999819e+02 1.261969990000000053e+02
5.590490109999999504e+02 1.686609950000000140e+02
4.971809999999999832e+02 1.713560029999999870e+02
5.522960209999999961e+02 1.130739970000000056e+02
5.520250240000000304e+02 1.830509950000000003e+02
5.053970029999999838e+02 1.184059979999999968e+02
5.341160280000000284e+02 1.545140079999999898e+02
5.301469730000000027e+02 1.454940029999999922e+02
5.578070069999999987e+02 1.469499969999999962e+02
5.193540040000000317e+02 1.386060029999999870e+02
5.699379880000000185e+02 1.714320069999999987e+02
5.037629999999999768e+02 1.735229950000000088e+02
5.657150269999999637e+02 1.395650019999999927e+02
5.322030029999999670e+02 9.601799800000000573e+01
5.094159849999999778e+02 1.341100010000000111e+02
5.560170289999999795e+02 1.290359950000000140e+02
5.715780029999999670e+02 1.572070009999999911e+02
5.144660030000000006e+02 1.152590030000000070e+02
5.597039790000000039e+02 1.337500000000000000e+02
5.177650149999999485e+02 1.825290070000000071e+02
5.166979979999999841e+02 1.429550020000000075e+02
5.555109860000000026e+02 1.528130040000000065e+02
5.360980220000000145e+02 1.498189999999999884e+02
5.052600100000000225e+02 1.150240019999999959e+02
5.488259890000000496e+02 1.412480009999999879e+02
5.497949830000000020e+02 1.661470030000000122e+02
4.943500060000000076e+02 1.754270019999999874e+02
5.474760129999999663e+02 1.620959929999999929e+02
5.642180180000000291e+02 1.543099980000000073e+02
5.032890009999999847e+02 1.239779970000000020e+02
5.521140139999999974e+02 1.747740019999999959e+02
5.199110110000000304e+02 1.483049929999999961e+02
5.267919920000000502e+02 1.835859989999999868e+02
5.653909909999999854e+02 1.624199979999999925e+02
5.663829960000000483e+02 1.045630040000000065e+02
5.493179930000000013e+02 1.617960050000000081e+02
4.933190000000000168e+02 1.352599950000000035e+02
5.347059940000000324e+02 1.117979969999999952e+02
5.045979919999999765e+02 1.247809979999999968e+02
4.974179990000000089e+02 1.284299929999999961e+02
5.552180180000000291e+02 1.556979980000000126e+02
5.744899900000000343e+02 1.539649960000000135e+02
5.054630129999999895e+02 1.190719990000000053e+02
5.101830140000000142e+02 1.422819979999999873e+02
5.643720090000000482e+02 1.186520000000000010e+02
5.446329960000000483e+02 1.574369959999999935e+02
4.986350100000000225e+02 1.715650019999999927e+02
5.340419920000000502e+02 1.334230039999999917e+02
5.338449709999999868e+02 1.233489990000000063e+02
5.639760129999999663e+02 1.664700009999999963e+02
5.546040040000000317e+02 1.564980009999999879e+02
5.273670039999999517e+02 1.197249979999999994e+02
4.949899899999999775e+02 1.289210050000000081e+02
5.763159789999999703e+02 1.298750000000000000e+02
5.785709839999999531e+02 1.538890079999999898e+02
4.993309939999999756e+02 1.323359989999999868e+02
5.329180300000000443e+02 1.291250000000000000e+02
5.050140079999999898e+02 1.342010040000000117e+02
5.605560299999999643e+02 1.895189970000000130e+02
5.687020260000000462e+02 1.535399930000000097e+02
5.723410030000000006e+02 1.837949979999999925e+02
5.516690059999999676e+02 1.199400020000000069e+02
5.060570069999999987e+02 1.198730010000000021e+02
5.330079960000000483e+02 9.139800300000000277e+01
5.578049929999999677e+02 1.674510040000000117e+02
5.757999879999999848e+02 1.450809940000000040e+02
5.384420169999999644e+02 1.206520000000000010e+02
5.249349979999999505e+02 1.381439970000000130e+02
5.656220090000000482e+02 1.591770019999999874e+02
5.144080199999999650e+02 1.350160060000000044e+02
5.513400269999999637e+02 1.613820039999999949e+02
5.737639769999999544e+02 1.611519930000000045e+02
5.440490109999999504e+02 1.317949979999999925e+02
5.340629880000000185e+02 1.284149930000000097e+02
5.234390260000000126e+02 1.532209929999999929e+02
5.281010129999999663e+02 1.406719970000000046e+02
5.498980099999999993e+02 1.829360049999999944e+02
5.510109860000000026e+02 1.495549929999999961e+02
5.692529909999999518e+02 1.629400019999999927e+02
5.383809810000000198e+02 9.141799899999999468e+01
5.493750000000000000e+02 1.856199949999999887e+02
5.055029910000000086e+02 1.624499969999999962e+02
5.532310179999999491e+02 1.576439970000000130e+02
5.155770260000000462e+02 1.261630020000000059e+02
5.522280269999999973e+02 1.615390010000000132e+02
4.932839969999999994e+02 1.296130070000000103e+02
5.062879940000000261e+02 1.239260029999999944e+02
5.769000240000000304e+02 1.437949979999999925e+02
5.407280269999999973e+02 1.542180020000000127e+02
5.805289920000000166e+02 1.525800020000000075e+02
5.511770020000000159e+02 1.349900049999999965e+02
5.161259770000000344e+02 1.279729999999999990e+02
4.964939880000000016e+02 1.515789949999999919e+02
5.869409789999999703e+02 1.403070069999999987e+02
5.770960079999999834e+02 1.535610049999999944e+02
5.424790040000000317e+02 1.044400020000000069e+02
5.592780149999999821e+02 1.470099950000000035e+02
5.422609860000000026e+02 1.213229979999999983e+02
5.513720090000000482e+02 1.068180009999999953e+02
5.545800169999999980e+02 9.503199800000000153e+01
5.562420039999999517e+02 1.476479950000000088e+02
5.292059940000000324e+02 1.410449979999999925e+02
5.601840210000000297e+02 1.922899930000000097e+02
5.232969970000000330e+02 1.304069979999999873e+02
5.064970089999999914e+02 1.713910060000000044e+02
5.515549929999999677e+02 9.520099600000000351e+01
5.157999879999999848e+02 1.423399960000000135e+02
5.320549929999999677e+02 1.227239990000000063e+02
5.025119930000000181e+02 1.598840030000000070e+02
5.243519900000000007e+02 1.320769960000000083e+02
5.073429869999999937e+02 1.348300020000000075e+02
4.922399899999999775e+02 1.271670000000000016e+02
5.614210209999999961e+02 1.660720059999999876e+02
5.285759890000000496e+02 9.406400299999999959e+01
5.584920039999999517e+02 1.769660030000000006e+02
5.526749879999999848e+02 1.604869999999999948e+02
4.993569949999999835e+02 1.770829929999999877e+02
5.236519779999999855e+02 1.156380000000000052e+02
4.972879940000000261e+02 1.168619999999999948e+02
