1.285829929999999877e+02 8.159899900000000628e+01
1.852740019999999959e+02 9.151000200000000007e+01
1.880310059999999908e+02 1.065019989999999979e+02
1.692039949999999919e+02 6.277100000000000080e+01
1.292010040000000117e+02 6.859799999999999898e+01
1.504830019999999990e+02 7.536900300000000641e+01
1.275820010000000053e+02 8.700199899999999786e+01
1.619420010000000048e+02 1.078550029999999964e+02
1.515249939999999924e+02 1.004729999999999990e+02
1.199889979999999952e+02 9.121700300000000539e+01
1.836490019999999959e+02 6.968599700000000041e+01
1.089830019999999990e+02 8.151000200000000007e+01
1.449069979999999873e+02 1.138889999999999958e+02
1.385310059999999908e+02 8.948100300000000118e+01
1.440950009999999963e+02 7.567700200000000166e+01
1.543309940000000040e+02 1.231419980000000010e+02
1.466889950000000056e+02 6.801399999999999579e+01
1.886179960000000051e+02 9.629900399999999649e+01
1.245969999999999942e+02 1.137900010000000037e+02
1.355019990000000121e+02 8.373899799999999516e+01
1.590059970000000078e+02 8.080899800000000255e+01
1.568410030000000006e+02 1.234030000000000058e+02
1.408060000000000116e+02 1.051449970000000036e+02
1.079940030000000064e+02 7.505799899999999525e+01
1.589620060000000024e+02 8.872299999999999898e+01
1.141659999999999968e+02 6.858699799999999414e+01
1.526399989999999889e+02 1.121350020000000001e+02
1.620079959999999915e+02 7.311399799999999516e+01
1.132460020000000043e+02 6.909200300000000539e+01
1.290980069999999955e+02 9.420099600000000351e+01
1.135339969999999994e+02 1.121460040000000049e+02
1.058720019999999948e+02 7.686499799999999993e+01
1.259909969999999930e+02 7.305599999999999739e+01
1.324839939999999956e+02 7.243499799999999311e+01
1.302839969999999994e+02 7.342700200000000166e+01
1.283170010000000048e+02 1.074690020000000032e+02
1.739880070000000103e+02 8.214299800000000573e+01
1.634140010000000132e+02 1.121979979999999983e+02
1.263430019999999985e+02 1.146699980000000068e+02
1.795780029999999954e+02 9.715100099999999372e+01
1.336060029999999870e+02 9.537300100000000214e+01
1.406020049999999912e+02 1.024260029999999944e+02
1.562649989999999889e+02 1.244990010000000069e+02
1.820399930000000097e+02 9.216899899999999946e+01
1.620980069999999955e+02 1.052500000000000000e+02
1.747669980000000010e+02 7.471900200000000325e+01
1.306380000000000052e+02 7.136000099999999691e+01
1.619499969999999962e+02 9.714900199999999586e+01
1.075289989999999989e+02 1.132559969999999936e+02
1.749109950000000140e+02 7.038700099999999793e+01
1.211429980000000057e+02 6.887799800000000516e+01
1.808919980000000010e+02 1.032119979999999941e+02
1.457220000000000084e+02 7.148100300000000118e+01
1.115380020000000059e+02 1.092170030000000054e+02
1.832790070000000071e+02 8.050399799999999573e+01
1.600290070000000071e+02 1.092689969999999988e+02
1.311130070000000103e+02 8.909500099999999634e+01
1.598119959999999935e+02 9.840300000000000580e+01
1.583589939999999956e+02 1.115979999999999990e+02
1.408399960000000135e+02 1.133519969999999972e+02
1.173340000000000032e+02 8.500299800000000516e+01
1.083840030000000070e+02 8.564900199999999586e+01
1.565520019999999874e+02 1.124120029999999986e+02
1.059940030000000064e+02 8.168900299999999959e+01
1.740330050000000028e+02 9.669400000000000261e+01
1.703699949999999887e+02 8.863300300000000220e+01
1.653580019999999990e+02 1.015189969999999988e+02
1.831230009999999879e+02 8.673999799999999993e+01
1.337779999999999916e+02 9.655000300000000379e+01
1.422610019999999906e+02 7.766700000000000159e+01
1.522619929999999897e+02 7.119699900000000525e+01
1.517070009999999911e+02 7.841400099999999895e+01
1.570110019999999906e+02 5.021200199999999825e+01
1.573860019999999906e+02 5.258200099999999821e+01
1.585140079999999898e+02 2.780600000000000094e+01
1.640789949999999919e+02 9.150700399999999490e+01
1.712689970000000130e+02 9.959100300000000061e+01
1.872989959999999883e+02 1.036800000000000068e+02
1.553049929999999961e+02 7.550499700000000303e+01
1.438560029999999870e+02 9.040599799999999675e+01
1.557469940000000008e+02 9.308499899999999627e+01
1.752500000000000000e+02 8.176300000000000523e+01
1.063190000000000026e+02 7.672399900000000628e+01
1.072259980000000041e+02 1.111750030000000038e+02
1.898580019999999990e+02 7.852700000000000102e+01
1.447339939999999956e+02 1.040770030000000048e+02
1.539230039999999917e+02 1.135449980000000068e+02
1.425359950000000140e+02 8.094499999999999318e+01
1.451239930000000129e+02 1.078069990000000047e+02
1.886849980000000073e+02 7.189700299999999800e+01
1.729649960000000135e+02 8.681199599999999350e+01
1.139729999999999990e+02 7.892800099999999475e+01
1.574450070000000039e+02 1.161460040000000049e+02
1.075940020000000032e+02 1.092289959999999951e+02
1.284149930000000097e+02 9.579000100000000373e+01
1.179629970000000014e+02 8.638700099999999793e+01
1.249769969999999972e+02 8.206099700000000041e+01
1.904239959999999883e+02 6.963300300000000220e+01
1.842250060000000076e+02 7.773600000000000421e+01
1.105599979999999931e+02 1.118539959999999951e+02
1.164459990000000005e+02 8.809899900000000628e+01
1.340549929999999961e+02 1.088990019999999959e+02
1.468809970000000078e+02 7.351699800000000096e+01
1.514329989999999952e+02 8.933100100000000054e+01
1.465130000000000052e+02 1.011200029999999970e+02
1.341349950000000035e+02 1.029039989999999989e+02
1.390350039999999865e+02 7.816100299999999379e+01
1.267160030000000006e+02 1.105000000000000000e+02
1.216689989999999995e+02 7.133899700000000621e+01
1.594299929999999961e+02 1.011569980000000015e+02
1.163570019999999943e+02 2.934100000000000108e+01
1.235940020000000032e+02 1.021920010000000048e+02
1.180589980000000025e+02 1.003280029999999954e+02
1.599450070000000039e+02 1.024170000000000016e+02
1.398309940000000040e+02 1.066200029999999970e+02
1.244229969999999952e+02 9.025800300000000220e+01
1.418189999999999884e+02 1.070159989999999937e+02
1.575099950000000035e+02 1.227730030000000028e+02
1.174290009999999995e+02 1.120380020000000059e+02
1.332059940000000040e+02 7.678700299999999856e+01
1.634949949999999887e+02 9.835800199999999904e+01
1.680720059999999876e+02 7.451100200000000484e+01
1.509640049999999860e+02 1.091610029999999938e+02
1.073980030000000028e+02 9.272100100000000111e+01
1.710209959999999967e+02 6.998100300000000118e+01
1.517870029999999986e+02 8.311699699999999780e+01
1.168209990000000005e+02 6.928299699999999461e+01
1.243320010000000053e+02 1.108099979999999931e+02
1.826289979999999957e+02 1.158980030000000028e+02
1.573520049999999912e+02 4.911800000000000210e+01
1.802339939999999956e+02 5.900199899999999786e+01
1.598950040000000001e+02 8.754200000000000159e+01
1.856179960000000051e+02 1.056490019999999959e+02
1.724730069999999955e+02 8.381700100000000475e+01
1.515540009999999995e+02 1.145350040000000007e+02
1.759859920000000102e+02 1.051279980000000052e+02
1.588000030000000038e+02 8.943699599999999350e+01
1.089199980000000068e+02 7.547100100000000111e+01
1.823459929999999929e+02 9.308999599999999930e+01
1.763990019999999959e+02 1.100429989999999947e+02
1.725859989999999868e+02 8.835399599999999509e+01
1.074889979999999952e+02 8.346099900000000105e+01
1.387480009999999879e+02 7.829799699999999518e+01
1.150589980000000025e+02 7.058799700000000144e+01
1.469920040000000085e+02 1.115319980000000015e+02
1.617409969999999930e+02 1.028600009999999969e+02
1.681710050000000081e+02 8.047599800000000414e+01
1.167979969999999952e+02 6.287400099999999981e+01
1.123020020000000017e+02 1.025179980000000057e+02
1.671069950000000119e+02 9.132900200000000268e+01
1.226360020000000048e+02 1.058280029999999954e+02
1.684770049999999912e+02 8.331800099999999532e+01
1.496629939999999976e+02 8.343900299999999959e+01
1.877619929999999897e+02 1.036009980000000041e+02
1.634499969999999962e+02 8.333499899999999627e+01
1.568189999999999884e+02 7.216700000000000159e+01
1.870500030000000038e+02 7.910900100000000634e+01
1.173010029999999944e+02 1.122720029999999980e+02
1.714810029999999870e+02 9.463099699999999359e+01
1.300099950000000035e+02 9.826899699999999882e+01
1.300709990000000005e+02 8.702899899999999889e+01
1.764230039999999917e+02 9.127800000000000580e+01
1.684109950000000140e+02 1.011630020000000059e+02
1.353549959999999999e+02 1.041320039999999949e+02
1.562649989999999889e+02 4.014799899999999866e+01
1.269309999999999974e+02 9.701300000000000523e+01
1.479880070000000103e+02 9.375199899999999786e+01
1.411909939999999892e+02 1.102180019999999985e+02
1.086969990000000053e+02 9.229499800000000675e+01
1.344210050000000081e+02 7.170300299999999538e+01
1.549069979999999873e+02 5.901900100000000293e+01
1.847649989999999889e+02 9.753399699999999939e+01
1.748000030000000038e+02 8.364399699999999882e+01
1.601739959999999883e+02 7.104900399999999649e+01
1.749429930000000013e+02 9.139600400000000491e+01
1.523659969999999930e+02 1.069209979999999973e+02
1.450780029999999954e+02 8.469899700000000564e+01
1.073990019999999959e+02 8.351699800000000096e+01
1.763869929999999897e+02 1.008720019999999948e+02
1.470249939999999924e+02 7.042700200000000166e+01
1.710180049999999881e+02 1.042480010000000021e+02
1.140889970000000062e+02 8.727200299999999800e+01
1.653999939999999924e+02 7.904200000000000159e+01
1.071859970000000004e+02 1.096620029999999986e+02
1.492559970000000078e+02 8.226300000000000523e+01
1.874190059999999960e+02 7.965499900000000366e+01
1.658780059999999992e+02 1.016940000000000026e+02
1.783959959999999967e+02 8.104200000000000159e+01
1.625650019999999927e+02 1.083610000000000042e+02
1.410279999999999916e+02 1.108280029999999954e+02
1.300030059999999992e+02 8.375800300000000220e+01
1.430449979999999925e+02 7.619300099999999532e+01
1.359779969999999878e+02 1.126640009999999990e+02
1.882790070000000071e+02 3.778699900000000156e+01
1.645469970000000046e+02 7.960299700000000200e+01
1.492790070000000071e+02 9.132499699999999621e+01
1.121800000000000068e+02 1.120979999999999990e+02
1.120159989999999937e+02 8.465499900000000366e+01
1.847230069999999955e+02 7.617800099999999475e+01
1.286609950000000140e+02 1.010360029999999938e+02
1.206780009999999947e+02 7.723500099999999691e+01
1.259579999999999984e+02 8.805300099999999475e+01
1.230889970000000062e+02 1.008949970000000036e+02
1.647039949999999919e+02 9.256600199999999745e+01
1.759179990000000089e+02 3.872100100000000111e+01
1.437729950000000088e+02 8.258599900000000105e+01
1.384750060000000076e+02 9.515699800000000153e+01
1.706999969999999962e+02 9.489399699999999882e+01
1.752810059999999908e+02 9.862400100000000691e+01
1.243570019999999943e+02 8.790899699999999939e+01
1.866159969999999930e+02 9.793900299999999959e+01
1.521340030000000070e+02 7.110299700000000200e+01
1.235309979999999968e+02 7.448600000000000421e+01
1.606609950000000140e+02 7.724900100000000691e+01
1.231460040000000049e+02 9.285700199999999427e+01
1.841750030000000038e+02 7.876799800000000573e+01
1.693329929999999877e+02 9.848300199999999904e+01
1.530619959999999935e+02 7.421099900000000105e+01
1.606329959999999915e+02 9.014800300000000277e+01
1.189929960000000051e+02 9.476399999999999579e+01
1.615140079999999898e+02 9.837999700000000303e+01
1.759069979999999873e+02 1.001940000000000026e+02
1.292100069999999903e+02 3.880099899999999735e+01
1.590160060000000044e+02 8.070700100000000532e+01
1.775220030000000122e+02 1.094400020000000069e+02
1.222239990000000063e+02 9.322199999999999420e+01
1.645789949999999919e+02 7.694899700000000564e+01
1.256119999999999948e+02 9.058400000000000318e+01
1.826419980000000010e+02 1.105500030000000038e+02
1.253420030000000054e+02 1.034030000000000058e+02
1.244270020000000017e+02 1.104710010000000011e+02
1.431849980000000073e+02 1.030930019999999985e+02
1.341889950000000056e+02 1.092480010000000021e+02
1.178750000000000000e+02 1.121910019999999975e+02
1.391139980000000094e+02 8.672199999999999420e+01
1.064889979999999952e+02 1.090520020000000017e+02
1.207239990000000063e+02 1.017839969999999994e+02
1.661419980000000010e+02 5.515299999999999869e+01
1.403289949999999919e+02 8.748699999999999477e+01
1.513600010000000111e+02 9.746700300000000539e+01
1.422769930000000045e+02 7.958799700000000144e+01
1.211579969999999946e+02 1.113190000000000026e+02
1.522079929999999877e+02 7.911799600000000510e+01
1.745000000000000000e+02 9.195799999999999841e+01
1.814819950000000119e+02 8.320999899999999627e+01
1.433130040000000065e+02 9.135299700000000200e+01
1.904830019999999990e+02 6.848100300000000118e+01
1.268010029999999944e+02 6.822799700000000200e+01
1.498930049999999881e+02 9.841000400000000070e+01
1.139110029999999938e+02 1.111829989999999952e+02
1.425529940000000124e+02 9.400700399999999490e+01
1.095729979999999983e+02 8.004099999999999682e+01
1.253069990000000047e+02 8.446800199999999847e+01
1.589010010000000079e+02 5.901200099999999793e+01
1.216110000000000042e+02 1.074619979999999941e+02
1.267900010000000037e+02 9.530500000000000682e+01
1.710440059999999960e+02 9.105200200000000166e+01
1.782819979999999873e+02 8.097599800000000414e+01
1.735460050000000081e+02 1.060619959999999935e+02
1.739739989999999921e+02 9.021399700000000621e+01
1.481799929999999961e+02 7.151000200000000007e+01
1.273059999999999974e+02 9.919499999999999318e+01
1.225090030000000070e+02 1.123030009999999947e+02
1.228489990000000063e+02 1.106259989999999931e+02
1.436719970000000046e+02 6.964299800000000573e+01
1.704479980000000126e+02 1.084940030000000064e+02
1.270080030000000022e+02 1.046149979999999999e+02
1.729929960000000051e+02 9.574400300000000641e+01
1.336369929999999897e+02 6.878199800000000153e+01
1.507389980000000094e+02 9.130699900000000468e+01
1.080599979999999931e+02 5.249499899999999997e+01
1.809989930000000129e+02 9.337100200000000427e+01
1.406399989999999889e+02 8.361100000000000421e+01
1.655010069999999871e+02 8.322000099999999634e+01
1.162180019999999985e+02 1.003840030000000070e+02
1.913930049999999881e+02 8.587300100000000214e+01
1.091449970000000036e+02 7.959200300000000539e+01
1.290350039999999865e+02 7.544300099999999532e+01
1.399949949999999887e+02 9.356999999999999318e+01
1.104309999999999974e+02 1.036269989999999979e+02
1.723029940000000124e+02 2.305600000000000094e+01
1.663289949999999919e+02 8.171800199999999847e+01
1.370359950000000140e+02 8.883999599999999930e+01
1.563890079999999898e+02 1.110130000000000052e+02
1.439660030000000006e+02 2.590800099999999873e+01
1.569459990000000005e+02 8.883299999999999841e+01
1.823979950000000088e+02 6.809699999999999420e+01
1.708910060000000044e+02 7.399500299999999697e+01
1.379940029999999922e+02 1.080490039999999965e+02
1.518589939999999956e+02 7.622699699999999723e+01
1.660890049999999860e+02 6.912100200000000427e+01
1.751029969999999878e+02 1.107009960000000035e+02
1.523999939999999924e+02 8.720099600000000351e+01
1.637290040000000033e+02 8.873999799999999993e+01
1.263960040000000049e+02 1.070609970000000004e+02
1.621540070000000071e+02 1.121240010000000069e+02
1.197060010000000005e+02 8.273999799999999993e+01
1.403529969999999878e+02 1.084430009999999953e+02
1.832720030000000122e+02 7.711299900000000207e+01
1.118440020000000032e+02 8.023400100000000634e+01
1.763540040000000033e+02 8.640399899999999889e+01
1.765890049999999860e+02 3.039199999999999946e+01
