2.949119870000000105e+02 4.214800109999999904e+02
3.105870059999999739e+02 4.341390079999999898e+02
2.534669949999999972e+02 4.146640009999999847e+02
3.209280089999999745e+02 4.248269960000000083e+02
2.848229979999999841e+02 4.334419859999999858e+02
2.577179869999999937e+02 4.129649959999999851e+02
2.690459900000000175e+02 4.152090150000000222e+02
2.881950069999999755e+02 4.135039980000000241e+02
2.758529970000000162e+02 4.151159969999999930e+02
2.715570069999999987e+02 3.919849849999999947e+02
3.442650150000000053e+02 4.138179930000000013e+02
3.162980039999999917e+02 4.343919980000000010e+02
3.282940060000000244e+02 3.996000060000000076e+02
3.124240110000000072e+02 4.301809999999999832e+02
3.298380129999999895e+02 4.071960139999999910e+02
2.662550049999999828e+02 4.094270020000000159e+02
2.887900089999999977e+02 4.389280089999999745e+02
2.704719850000000179e+02 4.381740110000000072e+02
3.378299870000000169e+02 4.323320009999999911e+02
2.741759950000000003e+02 4.048200069999999755e+02
3.089599910000000023e+02 4.177420040000000085e+02
2.818599849999999947e+02 4.171629940000000261e+02
2.614270020000000159e+02 4.670220029999999838e+02
2.850610050000000228e+02 3.744119870000000105e+02
3.191719969999999762e+02 4.313640139999999974e+02
3.279339899999999943e+02 4.356749879999999848e+02
2.558769990000000121e+02 4.118389890000000264e+02
2.873689880000000016e+02 4.342359920000000102e+02
2.799939880000000016e+02 4.309490049999999997e+02
2.655660100000000057e+02 4.365239869999999769e+02
3.313089899999999943e+02 4.304570009999999911e+02
3.379060059999999908e+02 4.189859920000000102e+02
2.953080140000000142e+02 4.077390139999999974e+02
2.765459900000000175e+02 4.030140079999999898e+02
2.777929990000000089e+02 4.313389890000000264e+02
2.665969850000000179e+02 4.348640139999999974e+02
2.867449950000000172e+02 4.737030030000000238e+02
3.385820009999999911e+02 3.970270080000000235e+02
2.912019960000000083e+02 4.045650019999999927e+02
2.633529970000000162e+02 4.047260130000000231e+02
3.223900150000000053e+02 4.351329959999999915e+02
2.527239989999999921e+02 4.096950069999999755e+02
2.974769900000000007e+02 4.396000060000000076e+02
3.235140079999999898e+02 4.427680050000000165e+02
2.932420040000000085e+02 4.266329959999999915e+02
3.247070009999999911e+02 4.011969910000000255e+02
3.224620059999999739e+02 4.332160030000000006e+02
3.456329959999999915e+02 4.089970089999999914e+02
2.812829899999999839e+02 4.089450069999999755e+02
2.909259950000000003e+02 4.020090030000000070e+02
2.773699950000000172e+02 3.845480039999999917e+02
3.333340150000000222e+02 3.995989989999999921e+02
3.300350040000000149e+02 4.228559880000000248e+02
3.196690060000000244e+02 4.264670100000000161e+02
3.117919919999999934e+02 4.252959900000000175e+02
3.082090150000000222e+02 4.088250120000000152e+02
3.213850100000000225e+02 4.514389949999999772e+02
2.498609920000000102e+02 3.702869870000000105e+02
3.455870059999999739e+02 4.060050049999999828e+02
2.684150089999999977e+02 4.402969969999999762e+02
3.091499939999999924e+02 4.192420040000000085e+02
2.766520080000000235e+02 4.052290039999999749e+02
3.038370059999999739e+02 4.354790039999999749e+02
2.726319889999999759e+02 3.742749939999999924e+02
3.186210019999999759e+02 4.243389890000000264e+02
2.710199890000000096e+02 4.339400019999999927e+02
3.362099910000000023e+02 3.998810119999999984e+02
2.754200129999999831e+02 4.253909909999999854e+02
2.648890079999999898e+02 4.218840030000000070e+02
2.716340030000000070e+02 3.654280089999999745e+02
3.352070009999999911e+02 4.181600040000000149e+02
2.754880069999999819e+02 4.081470029999999838e+02
2.740849910000000023e+02 4.192130129999999895e+02
3.145090030000000070e+02 4.057739869999999769e+02
3.416770020000000159e+02 4.122770080000000235e+02
3.163059999999999832e+02 4.497200010000000248e+02
3.377560119999999984e+02 4.322720029999999838e+02
3.137349849999999947e+02 4.382160030000000006e+02
3.242760010000000079e+02 4.051210019999999759e+02
2.953169859999999858e+02 4.244660030000000006e+02
2.781600040000000149e+02 4.308590090000000146e+02
3.059110109999999736e+02 4.216040039999999749e+02
3.477669980000000010e+02 4.042969969999999762e+02
2.648970029999999838e+02 4.155719910000000255e+02
3.348980099999999993e+02 4.203269960000000083e+02
2.954079899999999839e+02 4.093460079999999834e+02
2.607780149999999821e+02 4.120669859999999858e+02
2.920109860000000026e+02 4.069909969999999930e+02
3.423250120000000152e+02 4.031270139999999742e+02
3.097319949999999835e+02 3.934790039999999749e+02
3.357420040000000085e+02 4.516549989999999752e+02
2.799920040000000085e+02 4.235960079999999834e+02
2.797219850000000179e+02 4.083280030000000238e+02
3.205220029999999838e+02 4.098150019999999927e+02
2.703710019999999759e+02 4.349490049999999997e+02
3.376969910000000255e+02 4.251709900000000175e+02
2.858380129999999895e+02 4.154630129999999895e+02
3.481229860000000258e+02 4.306120000000000232e+02
2.877680050000000165e+02 4.230870059999999739e+02
2.828750000000000000e+02 3.744469910000000255e+02
3.430880129999999895e+02 4.319620059999999739e+02
2.969689940000000092e+02 4.059389949999999772e+02
3.246740110000000072e+02 4.000440060000000244e+02
2.645710139999999910e+02 4.345459900000000175e+02
2.718559880000000248e+02 4.308330080000000066e+02
3.408750000000000000e+02 4.261260070000000155e+02
3.106189880000000016e+02 4.187749939999999924e+02
2.831210019999999759e+02 4.133489989999999921e+02
2.557250060000000076e+02 4.088680110000000241e+02
3.365129999999999768e+02 4.340910030000000006e+02
2.704289860000000090e+02 4.306480099999999993e+02
3.409410100000000057e+02 4.289159849999999778e+02
3.144620059999999739e+02 4.235100100000000225e+02
2.682919919999999934e+02 4.229710079999999834e+02
3.214880069999999819e+02 4.294450069999999755e+02
2.993729860000000258e+02 4.100520020000000159e+02
3.050339969999999994e+02 4.071740110000000072e+02
2.705929869999999937e+02 4.063909909999999854e+02
3.105339969999999994e+02 4.144129940000000261e+02
2.572319949999999835e+02 4.432839969999999994e+02
3.355329899999999839e+02 3.998370059999999739e+02
2.830159909999999854e+02 4.301040039999999749e+02
3.432090150000000222e+02 4.018750000000000000e+02
3.286600040000000149e+02 4.094800109999999904e+02
3.021029970000000162e+02 4.213320009999999911e+02
3.412460019999999759e+02 4.720419919999999934e+02
2.622189940000000092e+02 4.322290039999999749e+02
2.504579929999999877e+02 4.107669980000000010e+02
3.217170100000000161e+02 4.361910100000000057e+02
3.011579899999999839e+02 4.073890079999999898e+02
2.968760070000000155e+02 4.262810059999999908e+02
3.317049870000000169e+02 4.129719850000000179e+02
2.769320069999999987e+02 4.199370119999999815e+02
3.494549870000000169e+02 4.265239869999999769e+02
3.466700129999999831e+02 4.134960019999999759e+02
3.193280030000000238e+02 4.303760070000000155e+02
2.503840030000000070e+02 4.412130129999999895e+02
3.383789980000000241e+02 4.246520080000000235e+02
3.356350100000000225e+02 4.050270080000000235e+02
2.571650089999999977e+02 4.123309939999999756e+02
3.042160030000000006e+02 4.396860050000000228e+02
3.033169859999999858e+02 4.059819949999999835e+02
2.480700070000000039e+02 4.143380129999999895e+02
3.140539860000000090e+02 4.212479860000000258e+02
3.297969969999999762e+02 4.194930110000000241e+02
2.686799930000000245e+02 4.220350040000000149e+02
3.259689940000000092e+02 4.256589969999999994e+02
3.385369870000000105e+02 4.157850040000000149e+02
2.512550050000000113e+02 4.305700069999999755e+02
2.582699890000000096e+02 4.175289920000000166e+02
2.979089969999999994e+02 4.337399899999999775e+02
3.364419859999999858e+02 4.177340090000000146e+02
3.028550109999999904e+02 4.059230039999999917e+02
3.192600100000000225e+02 4.266400150000000053e+02
3.052049870000000169e+02 4.327109990000000153e+02
2.878020020000000159e+02 4.082909849999999778e+02
3.256409909999999854e+02 4.364689940000000092e+02
2.959960019999999759e+02 4.159909969999999930e+02
2.745020139999999742e+02 4.353980099999999993e+02
3.428059999999999832e+02 4.119259950000000003e+02
3.192000120000000152e+02 3.993450010000000248e+02
3.142210079999999834e+02 4.112650150000000053e+02
2.800769960000000083e+02 4.371319889999999759e+02
2.535229950000000088e+02 4.328179930000000013e+02
3.261650089999999977e+02 4.205129999999999768e+02
3.473770139999999742e+02 4.218909909999999854e+02
3.032149959999999851e+02 4.219679869999999937e+02
3.367529910000000086e+02 4.093609920000000102e+02
2.715129999999999768e+02 4.193770139999999742e+02
3.228150019999999927e+02 4.379989929999999845e+02
2.955570069999999987e+02 4.122130129999999895e+02
3.154920040000000085e+02 4.143580019999999990e+02
2.901709900000000175e+02 4.375989989999999921e+02
3.136239929999999845e+02 4.129700010000000248e+02
2.914899899999999775e+02 3.766860050000000228e+02
3.187210079999999834e+02 4.250910030000000006e+02
3.033190000000000168e+02 4.311109920000000102e+02
3.165719910000000255e+02 4.234840090000000146e+02
3.091000060000000076e+02 4.204429930000000013e+02
2.749930110000000241e+02 4.382170100000000161e+02
2.656530149999999821e+02 3.972420040000000085e+02
2.632449950000000172e+02 4.373309939999999756e+02
2.547039949999999919e+02 4.202489929999999845e+02
2.965669859999999858e+02 4.026210019999999759e+02
2.715639949999999772e+02 3.711069949999999835e+02
2.681709900000000175e+02 4.235199890000000096e+02
2.601740110000000072e+02 4.190769960000000083e+02
3.372239989999999921e+02 4.341359860000000026e+02
2.692600100000000225e+02 4.275169980000000010e+02
2.870660100000000057e+02 4.196210019999999759e+02
3.422070009999999911e+02 4.038850100000000225e+02
3.108280030000000238e+02 4.044140009999999847e+02
2.983609920000000102e+02 4.031400150000000053e+02
2.985360109999999736e+02 4.407909849999999778e+02
3.399679869999999937e+02 4.211770020000000159e+02
2.775129999999999768e+02 4.405840150000000222e+02
2.719970089999999914e+02 3.766849980000000073e+02
2.716350100000000225e+02 3.975079959999999915e+02
2.559869999999999948e+02 4.150310059999999908e+02
3.154060059999999908e+02 4.205700069999999755e+02
2.768890079999999898e+02 4.076300049999999828e+02
2.647500000000000000e+02 4.382560119999999984e+02
2.636350100000000225e+02 4.315969850000000179e+02
2.924129940000000261e+02 4.320119930000000181e+02
2.745409849999999778e+02 4.376709900000000175e+02
2.614150089999999977e+02 4.197070009999999911e+02
3.152749939999999924e+02 4.167780149999999821e+02
3.151709900000000175e+02 4.095750120000000152e+02
3.275580140000000142e+02 4.021830140000000142e+02
2.550529940000000124e+02 4.360299989999999752e+02
3.047139890000000264e+02 4.075140079999999898e+02
3.170280149999999821e+02 4.202279970000000162e+02
3.412850040000000149e+02 3.959309999999999832e+02
3.052909849999999778e+02 4.062149959999999851e+02
3.049920040000000085e+02 4.190599980000000073e+02
2.828219910000000255e+02 4.418959960000000251e+02
2.880820009999999911e+02 3.771419980000000010e+02
2.831849980000000073e+02 4.390660100000000057e+02
3.119719850000000179e+02 4.148559880000000248e+02
2.880060119999999984e+02 4.132969969999999762e+02
2.519369959999999935e+02 4.420549930000000245e+02
3.298500060000000076e+02 4.318290099999999825e+02
2.837070009999999911e+02 3.973150019999999927e+02
3.445629880000000185e+02 3.967829899999999839e+02
2.804989929999999845e+02 4.195849910000000023e+02
3.073210139999999910e+02 4.284830019999999990e+02
2.815350040000000149e+02 4.273569949999999835e+02
3.365660100000000057e+02 4.117699890000000096e+02
2.720750120000000152e+02 4.347420040000000085e+02
3.169729919999999765e+02 4.296960139999999910e+02
2.959429930000000013e+02 4.265620119999999815e+02
2.814870000000000232e+02 3.687539980000000241e+02
2.625650019999999927e+02 4.284519960000000083e+02
3.310109860000000026e+02 4.323420100000000161e+02
2.816359860000000026e+02 4.169490049999999997e+02
3.059989929999999845e+02 4.052510070000000155e+02
2.633940119999999752e+02 4.361140139999999974e+02
2.869909969999999930e+02 4.114769900000000007e+02
2.811019900000000007e+02 4.103540039999999749e+02
2.989719850000000179e+02 4.174030149999999821e+02
3.497009889999999928e+02 4.216520080000000235e+02
3.130000000000000000e+02 4.258689880000000016e+02
3.153699950000000172e+02 4.187239989999999921e+02
2.915239869999999769e+02 4.061019900000000007e+02
2.848469850000000179e+02 4.103609920000000102e+02
2.935660100000000057e+02 4.367229919999999765e+02
2.722749939999999924e+02 4.457579959999999915e+02
3.087950129999999831e+02 3.795960079999999834e+02
3.179309999999999832e+02 4.315719910000000255e+02
3.449330140000000142e+02 4.313009950000000003e+02
2.854460139999999910e+02 4.119979860000000258e+02
2.678869930000000181e+02 4.037940060000000244e+02
2.467680049999999881e+02 3.745400089999999977e+02
2.712579959999999915e+02 4.394370119999999815e+02
2.873070069999999987e+02 4.282070009999999911e+02
3.511910100000000057e+02 4.320190119999999752e+02
2.521690059999999960e+02 4.331539920000000166e+02
2.986189880000000016e+02 4.073989869999999769e+02
3.276919859999999858e+02 4.121929930000000013e+02
3.435899959999999851e+02 4.087439880000000016e+02
2.777999879999999848e+02 4.406210019999999759e+02
3.373859860000000026e+02 4.210039980000000241e+02
3.139920040000000085e+02 4.160969850000000179e+02
2.490689999999999884e+02 3.901260070000000155e+02
2.870280149999999821e+02 4.642500000000000000e+02
3.357550049999999828e+02 4.135780030000000238e+02
3.186799930000000245e+02 4.085400089999999977e+02
3.225629880000000185e+02 4.391010130000000231e+02
2.714660030000000006e+02 4.299280089999999745e+02
2.729370119999999815e+02 4.347850040000000149e+02
3.097009889999999928e+02 4.328489989999999921e+02
3.392099910000000023e+02 4.143510130000000231e+02
2.895870059999999739e+02 4.122969969999999762e+02
3.439349980000000073e+02 4.051109920000000102e+02
2.644089969999999994e+02 4.366149899999999775e+02
2.587359920000000102e+02 4.393330080000000066e+02
2.836990049999999997e+02 4.235580140000000142e+02
3.003030089999999745e+02 4.048219910000000255e+02
2.934899899999999775e+02 4.230260010000000079e+02
2.973290099999999825e+02 4.256539920000000166e+02
3.163020020000000159e+02 4.051780089999999745e+02
3.251050109999999904e+02 4.192890009999999847e+02
2.625100100000000225e+02 4.197869870000000105e+02
2.571480099999999993e+02 4.213370059999999739e+02
3.524719850000000179e+02 4.303789980000000241e+02
2.791199950000000172e+02 4.128330080000000066e+02
2.617900089999999977e+02 4.225989989999999921e+02
3.122139890000000264e+02 4.251189880000000016e+02
3.214169919999999934e+02 4.108510130000000231e+02
2.863800049999999828e+02 4.235559999999999832e+02
2.700400089999999977e+02 4.106489869999999769e+02
2.677019960000000083e+02 4.234609990000000153e+02
3.385190119999999752e+02 4.019559939999999756e+02
3.333989869999999769e+02 4.567059939999999756e+02
2.930299989999999752e+02 4.355960079999999834e+02
2.564299930000000245e+02 4.327550049999999828e+02
3.047109990000000153e+02 4.261109920000000102e+02
2.898989869999999769e+02 4.351770020000000159e+02
3.107430110000000241e+02 4.063989869999999769e+02
2.510260010000000079e+02 4.182290039999999749e+02
2.645020139999999742e+02 4.379909969999999930e+02
3.047739869999999769e+02 4.089150089999999977e+02
2.765169980000000010e+02 4.053529970000000162e+02
2.711340030000000070e+02 4.248550109999999904e+02
2.818779910000000086e+02 4.070310059999999908e+02
2.719320069999999987e+02 4.140350040000000149e+02
2.955669859999999858e+02 4.172030030000000238e+02
3.259849849999999947e+02 4.326809999999999832e+02
3.178750000000000000e+02 4.069280089999999745e+02
2.587919919999999934e+02 4.092709960000000251e+02
2.845750120000000152e+02 4.125209960000000251e+02
3.256530149999999821e+02 4.271650089999999977e+02
