1.812929990000000089e+02 1.486329959999999915e+02
1.999369959999999935e+02 1.445599980000000073e+02
2.114559940000000040e+02 1.694439999999999884e+02
2.058439940000000092e+02 1.561349950000000035e+02
2.277539979999999957e+02 1.617220000000000084e+02
1.674790040000000033e+02 1.753060000000000116e+02
2.052689970000000130e+02 1.385740049999999997e+02
2.014159999999999968e+02 1.637879939999999976e+02
1.948939970000000130e+02 1.457709959999999967e+02
2.473419949999999972e+02 1.626609950000000140e+02
2.292380070000000103e+02 1.791649930000000097e+02
1.835249939999999924e+02 1.681710050000000081e+02
2.058840030000000070e+02 1.831929930000000013e+02
2.282180020000000127e+02 1.482669980000000010e+02
2.339649960000000135e+02 1.727819979999999873e+02
2.313480069999999955e+02 1.494080050000000028e+02
2.108020019999999874e+02 1.715260010000000079e+02
2.488200070000000039e+02 1.448899989999999889e+02
2.176710050000000081e+02 1.247079999999999984e+02
1.736219940000000008e+02 1.622109989999999868e+02
1.764889980000000094e+02 1.446349950000000035e+02
2.073540040000000033e+02 1.402960050000000081e+02
2.167570039999999949e+02 1.941889950000000056e+02
1.766470030000000122e+02 1.752369999999999948e+02
2.446329959999999915e+02 1.646150049999999965e+02
1.779450070000000039e+02 1.737519990000000121e+02
2.175149989999999889e+02 1.471990049999999997e+02
2.357180020000000127e+02 1.684270019999999874e+02
1.723489989999999921e+02 1.600350039999999865e+02
2.218679960000000051e+02 1.756179960000000051e+02
1.727760010000000079e+02 1.733410030000000006e+02
2.332129970000000014e+02 1.816549990000000037e+02
2.071759950000000003e+02 2.106950070000000039e+02
2.368809970000000078e+02 1.784980009999999879e+02
2.161529999999999916e+02 1.325160060000000044e+02
1.959060059999999908e+02 1.441889950000000056e+02
1.888150019999999927e+02 1.588860019999999906e+02
2.063699949999999887e+02 1.804530029999999954e+02
2.405789949999999919e+02 2.096450040000000001e+02
2.472640079999999898e+02 1.807680049999999881e+02
2.148090060000000108e+02 1.784680020000000127e+02
1.868730009999999879e+02 1.742129970000000014e+02
2.230409999999999968e+02 1.494819950000000119e+02
1.659199979999999925e+02 1.578849950000000035e+02
2.037550050000000113e+02 1.482489930000000129e+02
1.815850069999999903e+02 1.791909939999999892e+02
2.185749969999999962e+02 1.521900019999999927e+02
1.921150049999999965e+02 1.518139950000000056e+02
1.871699979999999925e+02 1.476300050000000113e+02
1.827799990000000037e+02 1.380099950000000035e+02
2.305240019999999959e+02 1.405119929999999897e+02
1.733350069999999903e+02 1.691340030000000070e+02
2.170729980000000126e+02 1.669869999999999948e+02
1.947120060000000024e+02 1.543119959999999935e+02
2.161069950000000119e+02 2.147480009999999879e+02
2.480379939999999976e+02 1.787579959999999915e+02
2.376909939999999892e+02 2.029129939999999976e+02
2.396999969999999962e+02 1.649759980000000041e+02
2.104889980000000094e+02 1.422599950000000035e+02
2.127100069999999903e+02 1.806649930000000097e+02
1.741659999999999968e+02 1.569880070000000103e+02
2.100090030000000070e+02 1.713450009999999963e+02
1.685549929999999961e+02 1.436600039999999865e+02
1.937559970000000078e+02 1.789210050000000081e+02
1.989409939999999892e+02 1.815030059999999992e+02
2.483009950000000003e+02 1.678359989999999868e+02
2.308970030000000122e+02 1.714830019999999990e+02
1.841589969999999994e+02 1.813939970000000130e+02
2.245529940000000124e+02 1.721640010000000132e+02
2.223029940000000124e+02 1.618480069999999955e+02
1.736380000000000052e+02 1.795549929999999961e+02
2.378200070000000039e+02 1.680249939999999924e+02
2.460429990000000089e+02 1.408060000000000116e+02
2.077019960000000083e+02 1.647409969999999930e+02
2.407330019999999990e+02 1.516199949999999887e+02
1.944709929999999929e+02 1.573869929999999897e+02
1.766459959999999967e+02 1.601179960000000051e+02
1.909880070000000103e+02 1.757870029999999986e+02
2.255789949999999919e+02 1.488410030000000006e+02
2.348430020000000127e+02 1.704069979999999873e+02
1.788919980000000010e+02 1.594170070000000123e+02
2.006979980000000126e+02 1.398459929999999929e+02
2.355310059999999908e+02 1.722550050000000113e+02
1.900119929999999897e+02 1.816770019999999874e+02
2.459539949999999919e+02 1.627500000000000000e+02
2.427149960000000135e+02 1.567680049999999881e+02
2.078320009999999911e+02 1.483350069999999903e+02
2.443280029999999954e+02 1.745209959999999967e+02
1.819490049999999997e+02 1.686739959999999883e+02
1.787810059999999908e+02 1.490700070000000039e+02
1.745919949999999972e+02 1.533880000000000052e+02
1.719629970000000014e+02 1.592660060000000044e+02
1.700659939999999892e+02 1.532120060000000024e+02
1.680339969999999994e+02 1.427250060000000076e+02
2.464880070000000103e+02 1.534730069999999955e+02
1.664219970000000046e+02 1.448390049999999860e+02
1.758899989999999889e+02 1.777400049999999965e+02
2.304159999999999968e+02 1.567429960000000051e+02
2.359040070000000071e+02 1.671450040000000001e+02
1.726049959999999999e+02 1.418760069999999871e+02
2.007160030000000006e+02 2.132109989999999868e+02
2.313099980000000073e+02 1.720260010000000079e+02
1.937480009999999879e+02 1.474299929999999961e+02
2.050140079999999898e+02 1.819980009999999879e+02
2.447599950000000035e+02 2.060980069999999955e+02
2.410749969999999962e+02 1.466679990000000089e+02
1.894089969999999994e+02 1.611329959999999915e+02
2.378690029999999922e+02 1.546609950000000140e+02
2.226750030000000038e+02 2.024960020000000043e+02
2.461049959999999999e+02 1.551230009999999879e+02
1.834109950000000140e+02 1.436690059999999960e+02
2.102030029999999954e+02 1.544830019999999990e+02
2.237290040000000033e+02 1.593760069999999871e+02
2.182790070000000071e+02 1.857590030000000070e+02
1.723690029999999922e+02 1.695579989999999952e+02
1.695870060000000024e+02 1.423540040000000033e+02
1.713520049999999912e+02 1.777839969999999994e+02
2.254889980000000094e+02 1.674739989999999921e+02
1.784080050000000028e+02 1.685469970000000046e+02
2.278220059999999876e+02 1.805010069999999871e+02
1.904100039999999865e+02 1.448390049999999860e+02
1.676049959999999999e+02 1.779190059999999960e+02
1.846159969999999930e+02 1.550679930000000013e+02
2.381390079999999898e+02 1.440959929999999929e+02
2.021239930000000129e+02 1.546459959999999967e+02
1.791250000000000000e+02 1.448589939999999956e+02
2.251089939999999956e+02 2.176540070000000071e+02
2.407169949999999972e+02 1.787550050000000113e+02
2.408009950000000003e+02 1.811779940000000124e+02
1.895919949999999972e+02 1.830370029999999986e+02
2.160619959999999935e+02 1.426939999999999884e+02
2.059040070000000071e+02 1.416009980000000041e+02
1.810599980000000073e+02 1.638269960000000083e+02
1.811320039999999949e+02 1.702299959999999999e+02
2.382319950000000119e+02 1.557109989999999868e+02
1.984069979999999873e+02 1.722129970000000014e+02
2.395939940000000092e+02 1.739880070000000103e+02
2.099389950000000056e+02 1.383769990000000121e+02
1.756139980000000094e+02 1.636920010000000048e+02
2.254779969999999878e+02 1.571410060000000044e+02
2.014159999999999968e+02 1.407039949999999919e+02
2.468359989999999868e+02 1.760440059999999960e+02
1.873950040000000001e+02 1.520989989999999921e+02
2.170679930000000013e+02 1.716399989999999889e+02
1.855820009999999911e+02 1.599810029999999870e+02
1.951569979999999873e+02 1.829530029999999954e+02
2.175079959999999915e+02 1.355939940000000092e+02
1.845540009999999995e+02 1.575260010000000079e+02
2.444660030000000006e+02 1.762879939999999976e+02
2.169369959999999935e+02 1.485760040000000117e+02
2.343990019999999959e+02 1.733999939999999924e+02
1.920899960000000135e+02 1.600399930000000097e+02
2.433049929999999961e+02 1.579640049999999860e+02
1.859439999999999884e+02 1.738470000000000084e+02
2.036089939999999956e+02 1.393289949999999919e+02
2.308159939999999892e+02 1.744989930000000129e+02
1.828060000000000116e+02 1.774389950000000056e+02
2.096779940000000124e+02 1.598710020000000043e+02
2.147420040000000085e+02 1.425149989999999889e+02
1.916540070000000071e+02 1.788079989999999952e+02
2.168890079999999898e+02 1.941999969999999962e+02
1.774960020000000043e+02 1.595420070000000123e+02
1.956300050000000113e+02 1.726170040000000085e+02
2.475959929999999929e+02 1.527929990000000089e+02
1.774080050000000028e+02 1.783229980000000126e+02
2.242689970000000130e+02 1.640919949999999972e+02
1.766300050000000113e+02 1.313280029999999954e+02
2.448650049999999965e+02 1.448379970000000014e+02
2.065870060000000024e+02 1.827579959999999915e+02
2.161340030000000070e+02 1.340740049999999997e+02
2.130399930000000097e+02 1.671889950000000056e+02
2.170540009999999995e+02 1.306260069999999871e+02
1.762189940000000092e+02 1.499320069999999987e+02
1.965350039999999865e+02 1.486519930000000045e+02
1.985590060000000108e+02 1.560560000000000116e+02
1.658780059999999992e+02 1.622380070000000103e+02
2.153300020000000075e+02 1.587160030000000006e+02
1.778240049999999997e+02 1.767330019999999990e+02
2.404969940000000008e+02 1.593800050000000113e+02
2.191309970000000078e+02 1.446999969999999962e+02
1.926979980000000126e+02 1.588800050000000113e+02
2.167909999999999968e+02 1.468619999999999948e+02
2.267810059999999908e+02 1.559530029999999954e+02
1.736049959999999999e+02 1.523240049999999997e+02
2.266900019999999927e+02 1.527579959999999915e+02
2.196159969999999930e+02 1.408849950000000035e+02
2.063630070000000103e+02 1.704720000000000084e+02
2.015130000000000052e+02 1.450240019999999959e+02
1.733049929999999961e+02 1.660050050000000113e+02
1.750910030000000006e+02 1.832790070000000071e+02
2.024850010000000111e+02 1.833220059999999876e+02
2.323939970000000130e+02 1.510749969999999962e+02
2.330919949999999972e+02 1.524570009999999911e+02
2.239140010000000132e+02 1.432689970000000130e+02
2.088189999999999884e+02 1.697779999999999916e+02
1.814940029999999922e+02 1.836880040000000065e+02
2.357929990000000089e+02 1.693699949999999887e+02
1.684859920000000102e+02 1.808950040000000001e+02
2.361130070000000103e+02 1.491959990000000005e+02
1.917859950000000140e+02 1.735409999999999968e+02
1.885240019999999959e+02 1.399400019999999927e+02
2.276430049999999881e+02 1.432250060000000076e+02
2.251100010000000111e+02 1.409149930000000097e+02
1.953459929999999929e+02 1.603639980000000094e+02
2.206199949999999887e+02 1.601519930000000045e+02
1.769380040000000065e+02 1.405160060000000044e+02
1.682740019999999959e+02 1.397030029999999954e+02
2.457250060000000076e+02 1.765500030000000038e+02
2.028419949999999972e+02 1.484600069999999903e+02
1.751829989999999952e+02 1.612890010000000132e+02
1.773600010000000111e+02 1.785350039999999865e+02
1.748450009999999963e+02 1.460469970000000046e+02
1.821600039999999865e+02 1.482619929999999897e+02
1.669149930000000097e+02 1.678040009999999995e+02
2.439900049999999965e+02 1.667290040000000033e+02
1.852740019999999959e+02 1.764620060000000024e+02
1.808439940000000092e+02 1.508260040000000117e+02
1.962630000000000052e+02 1.630229950000000088e+02
1.830480039999999917e+02 1.652500000000000000e+02
1.948280029999999954e+02 1.392090000000000032e+02
2.483840030000000070e+02 1.637019960000000083e+02
1.910030059999999992e+02 1.517599950000000035e+02
2.067100069999999903e+02 1.512180020000000127e+02
2.191690059999999960e+02 1.797059940000000040e+02
1.905339969999999994e+02 1.719279940000000124e+02
1.660870060000000024e+02 1.429750060000000076e+02
2.110989989999999921e+02 1.483200070000000039e+02
2.382760010000000079e+02 1.806430049999999881e+02
1.953329929999999877e+02 1.466569979999999873e+02
1.780339969999999994e+02 1.733820039999999949e+02
2.128670040000000085e+02 1.383189999999999884e+02
1.698670040000000085e+02 1.600449979999999925e+02
1.851289979999999957e+02 1.757339939999999956e+02
1.669420010000000048e+02 1.725579989999999952e+02
2.103489989999999921e+02 1.525119929999999897e+02
2.462550050000000113e+02 1.442180020000000127e+02
2.005229950000000088e+02 1.647369999999999948e+02
1.825870060000000024e+02 1.721450040000000001e+02
1.951210020000000043e+02 1.447709959999999967e+02
1.773820039999999949e+02 1.505529940000000124e+02
2.395720059999999876e+02 1.468009950000000003e+02
1.800859989999999868e+02 1.713119959999999935e+02
2.106450040000000001e+02 1.778150019999999927e+02
1.896779940000000124e+02 1.738829959999999915e+02
2.373569950000000119e+02 1.793619999999999948e+02
2.073390049999999860e+02 1.744920040000000085e+02
1.909609989999999868e+02 1.591519930000000045e+02
1.892350010000000111e+02 1.445890049999999860e+02
1.739210050000000081e+02 1.523470000000000084e+02
2.475859989999999868e+02 1.746109920000000102e+02
1.863379970000000014e+02 1.611049959999999999e+02
1.825070039999999949e+02 1.704479980000000126e+02
2.191349950000000035e+02 1.398809970000000078e+02
2.093950040000000001e+02 1.657500000000000000e+02
1.944299929999999961e+02 1.687039949999999919e+02
2.114409939999999892e+02 1.572059940000000040e+02
1.938540040000000033e+02 1.783350069999999903e+02
2.173760069999999871e+02 2.136450040000000001e+02
1.900279999999999916e+02 1.786300050000000113e+02
1.998869929999999897e+02 1.718869929999999897e+02
2.200310059999999908e+02 1.541260069999999871e+02
2.342039949999999919e+02 1.553679960000000051e+02
1.769629970000000014e+02 1.736710050000000081e+02
2.308560029999999870e+02 1.618229980000000126e+02
1.689409939999999892e+02 1.655059970000000078e+02
2.456569979999999873e+02 1.485630040000000065e+02
1.752380070000000103e+02 1.652299959999999999e+02
2.179730069999999955e+02 1.702949979999999925e+02
2.150829929999999877e+02 1.617369999999999948e+02
1.888880000000000052e+02 1.549470059999999876e+02
1.739499969999999962e+02 1.556430049999999881e+02
2.008880000000000052e+02 1.686300050000000113e+02
1.998670040000000085e+02 1.751569979999999873e+02
2.164170070000000123e+02 1.864479980000000126e+02
2.176589969999999994e+02 1.940059970000000078e+02
2.010070039999999949e+02 1.652960050000000081e+02
1.997220000000000084e+02 1.496069950000000119e+02
2.173439940000000092e+02 1.744669949999999972e+02
2.159799959999999999e+02 1.567879939999999976e+02
1.835590060000000108e+02 1.754620060000000024e+02
1.694089969999999994e+02 1.398370060000000024e+02
1.836380000000000052e+02 1.390079959999999915e+02
1.743040009999999995e+02 1.421150049999999965e+02
1.754810029999999870e+02 1.768170010000000048e+02
1.752369999999999948e+02 1.483580019999999990e+02
1.928090060000000108e+02 1.599730069999999955e+02
2.460659939999999892e+02 1.799960020000000043e+02
2.246670070000000123e+02 1.448959959999999967e+02
2.371750030000000038e+02 1.829530029999999954e+02
1.849519960000000083e+02 1.490899960000000135e+02
1.852239989999999921e+02 1.704010010000000079e+02
1.677949979999999925e+02 1.831529999999999916e+02
2.117310029999999870e+02 1.717619929999999897e+02
1.916679990000000089e+02 1.545689999999999884e+02
2.050879970000000014e+02 1.514349980000000073e+02
2.118719940000000008e+02 1.941450040000000001e+02
2.204040070000000071e+02 1.569660030000000006e+02
2.130070039999999949e+02 1.428220059999999876e+02
1.749060059999999908e+02 1.548849950000000035e+02
2.348780059999999992e+02 1.818780059999999992e+02
