2.281860049999999944e+02 4.042659909999999854e+02
2.430630040000000065e+02 4.416159969999999930e+02
2.286770019999999874e+02 4.086560059999999908e+02
1.998619999999999948e+02 4.171809999999999832e+02
1.886219940000000008e+02 4.173729860000000258e+02
1.775350039999999865e+02 4.159570009999999911e+02
2.038869929999999897e+02 4.406870119999999815e+02
1.629880070000000103e+02 4.212200010000000248e+02
1.915079959999999915e+02 4.237969969999999762e+02
1.734259950000000003e+02 4.256820069999999987e+02
2.456419980000000010e+02 4.263620000000000232e+02
1.780160060000000044e+02 4.029020080000000235e+02
2.394470059999999876e+02 4.079089969999999994e+02
2.111260069999999871e+02 4.148729860000000258e+02
2.195000000000000000e+02 4.136589969999999994e+02
2.125700070000000039e+02 4.242799989999999752e+02
1.756390079999999898e+02 4.309920040000000085e+02
1.738119959999999935e+02 4.355350040000000149e+02
1.738990019999999959e+02 4.067619930000000181e+02
1.888359989999999868e+02 4.171029970000000162e+02
1.548809970000000078e+02 4.216340030000000070e+02
1.679420010000000048e+02 4.092189940000000092e+02
2.041629939999999976e+02 4.247999879999999848e+02
1.508189999999999884e+02 4.301990049999999997e+02
1.707400049999999965e+02 4.665360109999999736e+02
2.355059970000000078e+02 4.055150150000000053e+02
2.430729980000000126e+02 4.541449890000000096e+02
1.824799959999999999e+02 4.708609920000000102e+02
1.513020019999999874e+02 4.121610109999999736e+02
1.692769930000000045e+02 4.715509950000000003e+02
1.532239989999999921e+02 4.306830140000000142e+02
2.169069979999999873e+02 3.786820069999999987e+02
2.262859950000000140e+02 4.325199890000000096e+02
2.377109989999999868e+02 4.155369870000000105e+02
2.162790070000000071e+02 4.303580019999999990e+02
1.506929930000000013e+02 4.184209900000000175e+02
2.162920070000000123e+02 4.373919980000000010e+02
2.385260010000000079e+02 4.415929869999999937e+02
1.799949949999999887e+02 4.293869930000000181e+02
2.086580050000000028e+02 4.066910100000000057e+02
1.974340060000000108e+02 4.152019960000000083e+02
2.272850039999999865e+02 4.092170100000000161e+02
1.603589939999999956e+02 4.347359920000000102e+02
2.164049990000000037e+02 4.302030030000000238e+02
2.174259950000000003e+02 3.873179930000000013e+02
1.723730009999999879e+02 4.292500000000000000e+02
2.374409939999999892e+02 4.031409909999999854e+02
1.908350069999999903e+02 4.283510130000000231e+02
1.678630070000000103e+02 4.061650089999999977e+02
2.200930020000000127e+02 4.154719850000000179e+02
2.209759980000000041e+02 4.140450129999999831e+02
2.000899960000000135e+02 4.425459900000000175e+02
1.497740019999999959e+02 4.104349980000000073e+02
1.453150019999999927e+02 4.111059880000000248e+02
2.308769990000000121e+02 4.365690000000000168e+02
2.339889980000000094e+02 4.227640079999999898e+02
1.512310029999999870e+02 4.164819949999999835e+02
2.086629939999999976e+02 4.238800049999999828e+02
2.392769930000000045e+02 4.188569949999999835e+02
2.201730039999999917e+02 4.657820130000000063e+02
1.563099980000000073e+02 4.308680110000000241e+02
2.161060029999999870e+02 3.806019900000000007e+02
2.328060000000000116e+02 4.395889890000000264e+02
2.189590000000000032e+02 4.201310119999999984e+02
2.296100010000000111e+02 3.803280030000000238e+02
2.064519960000000083e+02 4.266830140000000142e+02
1.563410030000000006e+02 4.581449890000000096e+02
1.538049929999999961e+02 4.204880069999999819e+02
1.944499969999999962e+02 3.794450069999999755e+02
2.176439970000000130e+02 4.291180110000000241e+02
2.328410030000000006e+02 4.266480099999999993e+02
2.384510040000000117e+02 4.069079899999999839e+02
2.146450040000000001e+02 4.371250000000000000e+02
1.906540070000000071e+02 4.078659969999999930e+02
1.822859950000000140e+02 4.029540099999999825e+02
2.296340030000000070e+02 4.131610109999999736e+02
1.754429930000000013e+02 4.235559999999999832e+02
1.739499969999999962e+02 4.322479860000000258e+02
1.769620060000000024e+02 4.006029970000000162e+02
1.741289979999999957e+02 4.109920040000000085e+02
1.535930020000000127e+02 4.097749939999999924e+02
1.606179960000000051e+02 4.083890079999999898e+02
1.886340030000000070e+02 4.114549870000000169e+02
2.174380040000000065e+02 4.418729860000000258e+02
2.150429990000000089e+02 4.111969910000000255e+02
2.346210020000000043e+02 4.201679990000000089e+02
2.413029940000000124e+02 4.101379999999999768e+02
1.653189999999999884e+02 4.670029910000000086e+02
2.051869959999999935e+02 4.163049930000000245e+02
2.419239959999999883e+02 4.231050109999999904e+02
1.696979980000000126e+02 4.118559880000000248e+02
1.714259950000000003e+02 4.298529970000000162e+02
1.832440029999999922e+02 4.375230099999999993e+02
1.760119929999999897e+02 4.203770139999999742e+02
1.710930020000000127e+02 4.386489869999999769e+02
2.290330050000000028e+02 4.116619870000000105e+02
2.356210020000000043e+02 4.174630129999999895e+02
1.537389980000000094e+02 4.044110109999999736e+02
1.690149989999999889e+02 4.110169980000000010e+02
1.727279969999999878e+02 4.017430110000000241e+02
1.573730009999999879e+02 4.515899959999999851e+02
1.919649960000000135e+02 4.088389890000000264e+02
1.698899989999999889e+02 4.066270139999999742e+02
1.668480069999999955e+02 4.097319949999999835e+02
1.671770019999999874e+02 4.068680110000000241e+02
2.196649930000000097e+02 4.341069949999999835e+02
1.596889950000000056e+02 4.117510070000000155e+02
1.782559970000000078e+02 4.132340090000000146e+02
1.920310059999999908e+02 4.207090150000000222e+02
1.606649930000000097e+02 4.097049870000000169e+02
2.061089939999999956e+02 4.187409969999999930e+02
2.070549929999999961e+02 4.272650150000000053e+02
1.662550050000000113e+02 4.219309999999999832e+02
2.168329929999999877e+02 3.826149899999999775e+02
1.785720059999999876e+02 4.198349910000000023e+02
1.715460050000000081e+02 4.308689880000000016e+02
1.763760069999999871e+02 4.248389890000000264e+02
2.091049959999999999e+02 4.333959960000000251e+02
2.045549929999999961e+02 4.209570009999999911e+02
2.181320039999999949e+02 4.159599910000000023e+02
1.836430049999999881e+02 4.147250060000000076e+02
2.009279940000000124e+02 4.279410100000000057e+02
2.123430020000000127e+02 4.236019900000000007e+02
1.782909999999999968e+02 4.106749879999999848e+02
2.374640049999999860e+02 4.267330019999999990e+02
2.070549929999999961e+02 4.131279910000000086e+02
1.567590030000000070e+02 4.003340150000000222e+02
1.977530059999999992e+02 4.143810119999999984e+02
2.376069950000000119e+02 4.359299930000000245e+02
1.641770019999999874e+02 4.082439880000000016e+02
2.263410030000000006e+02 4.283599849999999947e+02
1.719490049999999997e+02 4.224660030000000006e+02
1.703950040000000001e+02 4.271400150000000053e+02
2.307200009999999963e+02 3.826919859999999858e+02
2.077870029999999986e+02 4.173460079999999834e+02
2.077640079999999898e+02 4.085469969999999762e+02
1.526710050000000081e+02 4.457130129999999895e+02
1.908110049999999944e+02 4.153999939999999924e+02
2.060449979999999925e+02 4.360230099999999993e+02
2.298439940000000092e+02 4.041539920000000166e+02
1.636419980000000010e+02 4.295280149999999821e+02
1.481179960000000051e+02 4.008299870000000169e+02
2.097749939999999924e+02 4.291430050000000165e+02
1.690520019999999874e+02 4.363359990000000153e+02
2.101479950000000088e+02 4.284320069999999987e+02
1.911909939999999892e+02 4.140199890000000096e+02
1.936640010000000132e+02 4.315969850000000179e+02
2.052469940000000008e+02 4.295629880000000185e+02
2.350059970000000078e+02 4.043309939999999756e+02
1.811430049999999881e+02 4.363800049999999828e+02
1.920800020000000075e+02 4.372130129999999895e+02
1.579310000000000116e+02 4.381069949999999835e+02
2.131609950000000140e+02 4.074110109999999736e+02
2.005180049999999881e+02 4.035299989999999752e+02
1.588390049999999860e+02 4.109469910000000255e+02
2.344590000000000032e+02 4.317999879999999848e+02
2.443040009999999995e+02 4.121719969999999762e+02
2.409080050000000028e+02 4.343389890000000264e+02
1.730209959999999967e+02 4.005299989999999752e+02
1.627640079999999898e+02 4.253030089999999745e+02
1.459940029999999922e+02 4.259020080000000235e+02
1.907230069999999955e+02 4.197160030000000006e+02
2.018950040000000001e+02 4.217179869999999937e+02
1.877519990000000121e+02 4.537640079999999898e+02
2.020970000000000084e+02 4.217829899999999839e+02
2.096730039999999917e+02 4.419880069999999819e+02
1.586219940000000008e+02 4.349909969999999930e+02
2.337619929999999897e+02 4.434880069999999819e+02
2.215560000000000116e+02 4.056659849999999778e+02
1.553699949999999887e+02 4.131099849999999947e+02
2.416659999999999968e+02 4.210989989999999921e+02
2.160079959999999915e+02 3.896059880000000248e+02
1.509680020000000127e+02 4.333510130000000231e+02
1.831130070000000103e+02 4.047200010000000248e+02
2.200059970000000078e+02 4.327390139999999974e+02
1.569369959999999935e+02 3.972869870000000105e+02
1.709340060000000108e+02 4.048869930000000181e+02
1.728509980000000041e+02 4.389379880000000185e+02
1.488950040000000001e+02 4.122969969999999762e+02
1.959779969999999878e+02 4.037189940000000092e+02
1.501770019999999874e+02 3.962040099999999825e+02
2.262409969999999930e+02 4.105679930000000013e+02
2.218419949999999972e+02 4.144729919999999765e+02
1.527510069999999871e+02 4.276489869999999769e+02
1.754439999999999884e+02 4.268410030000000006e+02
2.098919980000000010e+02 4.090920100000000161e+02
2.220500030000000038e+02 4.228559880000000248e+02
2.180379939999999976e+02 4.245209960000000251e+02
1.774499969999999962e+02 4.399609990000000153e+02
2.070339969999999994e+02 4.274070130000000063e+02
1.515980069999999955e+02 4.310989989999999921e+02
2.280149989999999889e+02 4.386650089999999977e+02
1.939060059999999908e+02 4.074320069999999987e+02
1.570209959999999967e+02 4.018529970000000162e+02
1.921869959999999935e+02 4.391279910000000086e+02
1.733060000000000116e+02 4.205260010000000079e+02
1.913189999999999884e+02 4.094249879999999848e+02
2.131000060000000076e+02 4.102770080000000235e+02
2.428150019999999927e+02 4.431040039999999749e+02
2.385610049999999944e+02 4.083070069999999987e+02
2.135110019999999906e+02 4.370190119999999752e+02
2.390319979999999873e+02 4.330910030000000006e+02
1.791089939999999956e+02 4.116239929999999845e+02
2.110079959999999915e+02 4.062009889999999928e+02
1.694089969999999994e+02 4.136700129999999831e+02
1.917870029999999986e+02 4.040769960000000083e+02
2.214640049999999860e+02 4.145379940000000261e+02
2.217579959999999915e+02 4.239549870000000169e+02
1.519439999999999884e+02 4.028980099999999993e+02
1.953829959999999915e+02 4.158609920000000102e+02
1.493820039999999949e+02 3.980159909999999854e+02
1.978459929999999929e+02 4.248789980000000241e+02
1.718280029999999954e+02 4.242510070000000155e+02
2.345070039999999949e+02 4.184679869999999937e+02
1.705260010000000079e+02 4.378500060000000076e+02
1.759310000000000116e+02 4.269490049999999997e+02
1.735890049999999860e+02 4.178879999999999768e+02
1.980149989999999889e+02 4.309429930000000013e+02
2.327369999999999948e+02 4.080150150000000053e+02
2.188159939999999892e+02 4.207850040000000149e+02
1.757230069999999955e+02 4.048569949999999835e+02
2.218500060000000076e+02 4.408640139999999974e+02
2.407870029999999986e+02 4.290069889999999759e+02
2.432209929999999929e+02 4.113429869999999937e+02
1.494850010000000111e+02 4.174670100000000161e+02
2.342100069999999903e+02 3.730119930000000181e+02
1.435160060000000044e+02 4.277359920000000102e+02
2.055749969999999962e+02 4.108980099999999993e+02
1.534519960000000083e+02 4.068890079999999898e+02
1.638439940000000092e+02 4.095809939999999756e+02
1.755220030000000122e+02 4.285969850000000179e+02
2.341139980000000094e+02 4.501719969999999762e+02
1.571499939999999924e+02 4.008039860000000090e+02
1.974290009999999995e+02 4.324739989999999921e+02
1.508099980000000073e+02 4.276749879999999848e+02
1.719190059999999960e+02 4.367189940000000092e+02
1.840549929999999961e+02 4.354960019999999759e+02
1.883609920000000102e+02 4.361040039999999749e+02
2.106629939999999976e+02 4.282309880000000248e+02
2.114810029999999870e+02 4.144920040000000085e+02
1.856089939999999956e+02 4.239169919999999934e+02
1.966239930000000129e+02 4.119509889999999928e+02
2.005110019999999906e+02 4.279549870000000169e+02
1.776990049999999997e+02 4.300050049999999828e+02
1.562859950000000140e+02 4.062529910000000086e+02
1.902729950000000088e+02 4.138989869999999769e+02
2.014089969999999994e+02 3.768190000000000168e+02
1.572680049999999881e+02 4.324549870000000169e+02
2.355200040000000001e+02 4.318070069999999987e+02
1.650619959999999935e+02 4.269479979999999841e+02
2.256790009999999995e+02 4.354100040000000149e+02
1.965229950000000088e+02 4.580530089999999745e+02
2.161499939999999924e+02 4.068739929999999845e+02
2.275350039999999865e+02 4.293080140000000142e+02
1.445859989999999868e+02 4.304909969999999930e+02
1.522259980000000041e+02 4.128550109999999904e+02
2.240429990000000089e+02 4.101589969999999994e+02
2.002389980000000094e+02 4.308240049999999997e+02
1.904369959999999935e+02 4.197690119999999752e+02
1.617090000000000032e+02 4.354750060000000076e+02
2.393320009999999911e+02 3.668389890000000264e+02
1.815220030000000122e+02 4.035950010000000248e+02
1.561060029999999870e+02 4.342869870000000105e+02
2.061219940000000008e+02 4.067680050000000165e+02
2.364149930000000097e+02 4.277309880000000248e+02
2.358650049999999965e+02 4.097709960000000251e+02
1.905290070000000071e+02 4.137839969999999994e+02
2.411970059999999876e+02 4.137099910000000023e+02
1.945500030000000038e+02 4.295339969999999994e+02
1.860769960000000083e+02 4.291180110000000241e+02
1.918829959999999915e+02 4.088160100000000057e+02
2.218690029999999922e+02 4.372500000000000000e+02
2.169190059999999960e+02 4.150719910000000255e+02
2.058840030000000070e+02 4.091940000000000168e+02
1.496320039999999949e+02 4.331069949999999835e+02
1.798379970000000014e+02 4.295450129999999831e+02
1.955469970000000046e+02 4.182810059999999908e+02
1.580420070000000123e+02 4.301149899999999775e+02
1.544190059999999960e+02 4.340450129999999831e+02
2.078300020000000075e+02 4.310929869999999937e+02
1.984629970000000014e+02 4.300060119999999984e+02
2.356739959999999883e+02 4.043080140000000142e+02
1.857460020000000043e+02 4.259819949999999835e+02
1.930549929999999961e+02 4.369530030000000238e+02
1.763179930000000013e+02 4.371310119999999984e+02
2.162810059999999908e+02 4.037380069999999819e+02
2.438000030000000038e+02 4.335539860000000090e+02
1.612030029999999954e+02 4.151080019999999990e+02
1.754439999999999884e+02 4.073089899999999943e+02
2.088840030000000070e+02 4.077139890000000264e+02
1.926840060000000108e+02 4.137709960000000251e+02
1.798880000000000052e+02 4.284219969999999762e+02
1.434669949999999972e+02 4.257340090000000146e+02
2.197969970000000046e+02 4.409660030000000006e+02
2.317839969999999994e+02 4.145079959999999915e+02
2.091629939999999976e+02 4.108399959999999851e+02
1.653750000000000000e+02 4.000690000000000168e+02
1.831219940000000008e+02 4.337030030000000238e+02
1.956799929999999961e+02 4.071090090000000146e+02
2.117039949999999919e+02 4.178779910000000086e+02
1.511719970000000046e+02 4.170740049999999997e+02
2.230679930000000013e+02 4.336189880000000016e+02
2.168459929999999929e+02 4.117470089999999914e+02
1.710299990000000037e+02 4.032420040000000085e+02
1.504170070000000123e+02 4.345079959999999915e+02
2.439620060000000024e+02 4.408139949999999772e+02
1.832209929999999929e+02 4.082900089999999977e+02
1.973750000000000000e+02 4.141090090000000146e+02
1.539770049999999912e+02 4.265419919999999934e+02
1.966730039999999917e+02 4.225729979999999841e+02
1.645130000000000052e+02 4.376910100000000057e+02
2.127799990000000037e+02 4.194440000000000168e+02
1.762879939999999976e+02 4.062080080000000066e+02
