5.315170289999999795e+02 3.931520080000000235e+02
5.063559880000000248e+02 3.404639890000000264e+02
5.367310179999999491e+02 3.426619870000000105e+02
4.968129880000000185e+02 3.533479919999999765e+02
5.221840210000000297e+02 3.663659969999999930e+02
5.224619750000000522e+02 3.968609920000000102e+02
5.607390139999999974e+02 3.440400089999999977e+02
5.265189820000000509e+02 3.730400089999999977e+02
5.219400020000000495e+02 3.193120119999999815e+02
5.129710079999999834e+02 3.466780089999999745e+02
5.109800109999999904e+02 3.878959960000000251e+02
5.140209959999999683e+02 3.507370000000000232e+02
5.378309940000000324e+02 3.860270080000000235e+02
5.488950200000000450e+02 3.534270020000000159e+02
5.307579960000000483e+02 3.388160100000000057e+02
5.374799799999999550e+02 3.721440119999999752e+02
5.157369999999999663e+02 3.546329959999999915e+02
5.370729979999999841e+02 3.433240049999999997e+02
5.350070190000000139e+02 3.548789980000000241e+02
5.490659789999999703e+02 3.855969850000000179e+02
5.091929930000000013e+02 3.610780030000000238e+02
5.328610230000000456e+02 3.662290039999999749e+02
5.662520140000000310e+02 3.760060119999999984e+02
5.072520139999999742e+02 3.543710019999999759e+02
5.704899900000000343e+02 3.815400089999999977e+02
5.695910030000000006e+02 3.678800049999999828e+02
5.017170100000000161e+02 3.410310059999999908e+02
5.346669920000000502e+02 3.797699890000000096e+02
5.044219969999999762e+02 3.401619870000000105e+02
5.163270260000000462e+02 3.767510070000000155e+02
5.168179930000000013e+02 3.434419859999999858e+02
5.417020260000000462e+02 3.583190000000000168e+02
5.548079830000000356e+02 3.828770139999999742e+02
5.066560059999999908e+02 3.895639949999999772e+02
5.308579710000000205e+02 3.556889949999999772e+02
5.298530269999999973e+02 3.712349849999999947e+02
5.277849730000000363e+02 3.703810119999999984e+02
5.130520020000000159e+02 3.274719850000000179e+02
5.193480220000000145e+02 3.852460019999999759e+02
5.342280269999999973e+02 3.580350040000000149e+02
5.281380000000000337e+02 3.464920040000000085e+02
5.324130249999999478e+02 3.602799989999999752e+02
5.051520080000000235e+02 3.457529910000000086e+02
5.329260249999999814e+02 3.596409909999999854e+02
5.656149900000000343e+02 3.768030089999999745e+02
5.724699709999999868e+02 3.856329959999999915e+02
5.288109739999999874e+02 3.431029970000000162e+02
5.598569949999999835e+02 3.776210019999999759e+02
5.522890009999999847e+02 3.394719850000000179e+02
5.290020140000000310e+02 3.750100100000000225e+02
5.420390009999999847e+02 3.434429930000000013e+02
5.051359860000000026e+02 3.538070069999999987e+02
5.599470209999999497e+02 3.443129880000000185e+02
5.472109990000000153e+02 3.402179869999999937e+02
5.175629880000000185e+02 3.426879880000000185e+02
5.162930300000000443e+02 3.964729919999999765e+02
5.237800290000000132e+02 3.536270139999999742e+02
5.441900020000000495e+02 3.514389949999999772e+02
5.415930180000000291e+02 3.767720029999999838e+02
5.446209720000000516e+02 3.830350040000000149e+02
5.067999879999999848e+02 3.516809999999999832e+02
4.976120000000000232e+02 3.460260010000000079e+02
5.452459720000000516e+02 3.546839899999999943e+02
5.646010129999999663e+02 3.664429930000000013e+02
5.028750000000000000e+02 3.406170040000000085e+02
5.403820190000000139e+02 3.722009889999999928e+02
5.319199830000000020e+02 3.555849910000000023e+02
5.611959839999999531e+02 3.892049870000000169e+02
5.460919800000000350e+02 3.502460019999999759e+02
5.390620119999999815e+02 3.541040039999999749e+02
5.108659969999999930e+02 3.496730039999999917e+02
5.432490229999999656e+02 3.478080140000000142e+02
5.228950200000000450e+02 3.187090150000000222e+02
5.341380000000000337e+02 3.370759889999999928e+02
5.428220209999999497e+02 3.309719850000000179e+02
5.436060179999999491e+02 3.764540099999999825e+02
5.580839839999999867e+02 3.444089969999999994e+02
5.443049929999999677e+02 3.928030089999999745e+02
5.531380000000000337e+02 3.679620059999999739e+02
5.147260129999999663e+02 3.523240049999999997e+02
5.274019779999999855e+02 3.948479919999999765e+02
5.450499879999999848e+02 3.432990110000000072e+02
5.640880130000000463e+02 3.731610109999999736e+02
5.555919800000000350e+02 3.366780089999999745e+02
5.570139769999999544e+02 3.864880069999999819e+02
5.248150020000000495e+02 3.265610050000000228e+02
5.646370239999999967e+02 3.827239989999999921e+02
5.672609860000000026e+02 3.415390009999999847e+02
5.065929869999999937e+02 3.807059939999999756e+02
5.353569949999999835e+02 3.336180110000000241e+02
5.223720090000000482e+02 3.765759889999999928e+02
4.868410030000000006e+02 3.622269900000000007e+02
5.213980099999999993e+02 3.361010130000000231e+02
5.060140079999999898e+02 3.368450010000000248e+02
5.309799799999999550e+02 3.352250060000000076e+02
4.968280030000000238e+02 3.865060119999999984e+02
5.188150020000000495e+02 3.498009950000000003e+02
5.101979979999999841e+02 3.913529970000000162e+02
5.443359990000000153e+02 3.650889890000000264e+02
5.470089719999999716e+02 3.685239869999999769e+02
4.964179990000000089e+02 3.863550109999999904e+02
5.639010009999999511e+02 3.852629999999999768e+02
5.345750120000000152e+02 3.596979979999999841e+02
5.220880130000000463e+02 3.195129999999999768e+02
5.188449709999999868e+02 3.939219969999999762e+02
5.392700200000000450e+02 3.436159969999999930e+02
5.313839719999999716e+02 3.440360109999999736e+02
5.631599730000000363e+02 3.528250120000000152e+02
5.100799870000000169e+02 3.677449950000000172e+02
5.685609739999999874e+02 3.843080140000000142e+02
5.601030269999999973e+02 3.839849849999999947e+02
5.072980039999999917e+02 3.431409909999999854e+02
5.614509890000000496e+02 3.817370000000000232e+02
5.667169800000000350e+02 3.830339969999999994e+02
5.305430300000000443e+02 3.477170100000000161e+02
5.449569699999999557e+02 3.382780149999999821e+02
5.177160030000000006e+02 3.973810119999999984e+02
5.461119999999999663e+02 3.873900150000000053e+02
5.482869869999999537e+02 3.845469969999999762e+02
5.000790099999999825e+02 3.920840150000000222e+02
5.167089839999999867e+02 3.429670100000000161e+02
5.492189939999999524e+02 3.472879940000000261e+02
5.414119869999999537e+02 3.613529970000000162e+02
5.094110109999999736e+02 3.830790099999999825e+02
5.362109990000000153e+02 3.684339899999999943e+02
5.269849850000000515e+02 3.745180050000000165e+02
4.970109860000000026e+02 3.880339969999999994e+02
5.375750120000000152e+02 3.751459960000000251e+02
5.187410280000000284e+02 3.687309880000000248e+02
5.135310060000000476e+02 3.339429930000000013e+02
5.161719970000000330e+02 3.206099849999999947e+02
5.296489870000000337e+02 3.942879940000000261e+02
4.963550109999999904e+02 3.607340090000000146e+02
5.314310299999999643e+02 3.389299930000000245e+02
5.404970090000000482e+02 3.532919919999999934e+02
5.435629880000000185e+02 3.291499939999999924e+02
5.545089719999999716e+02 3.506440119999999752e+02
4.924169919999999934e+02 3.696759950000000003e+02
5.492769779999999855e+02 3.517059939999999756e+02
5.332819819999999709e+02 3.317290039999999749e+02
5.353389889999999696e+02 3.854840090000000146e+02
5.653220209999999497e+02 3.615969850000000179e+02
5.386240229999999656e+02 3.942990110000000072e+02
5.825430300000000443e+02 3.780209960000000251e+02
5.161749879999999848e+02 3.404230039999999917e+02
5.611890260000000126e+02 3.800960079999999834e+02
5.647630000000000337e+02 3.605849910000000023e+02
5.203309940000000324e+02 3.609649959999999851e+02
5.210170289999999795e+02 3.740440060000000244e+02
5.458150020000000495e+02 3.286610109999999736e+02
5.425549929999999677e+02 3.267739869999999769e+02
5.294940189999999802e+02 3.224200129999999831e+02
5.166119999999999663e+02 3.987520139999999742e+02
5.165750120000000152e+02 3.478190000000000168e+02
5.539290160000000469e+02 3.445790099999999825e+02
5.573699950000000172e+02 3.827829899999999839e+02
5.622180180000000291e+02 3.801510010000000079e+02
5.446309810000000198e+02 3.823389890000000264e+02
5.572369999999999663e+02 3.732699890000000096e+02
5.303049929999999677e+02 3.206629940000000261e+02
5.237789920000000166e+02 3.914530030000000238e+02
5.563699950000000172e+02 3.475209960000000251e+02
5.424080199999999650e+02 3.914379880000000185e+02
5.619160160000000133e+02 3.478340150000000222e+02
5.193220209999999497e+02 3.202040099999999825e+02
5.542490229999999656e+02 3.730989989999999921e+02
5.449249879999999848e+02 3.490280149999999821e+02
5.101870119999999815e+02 3.320440060000000244e+02
5.277399900000000343e+02 3.707409969999999930e+02
5.126290279999999484e+02 3.599750060000000076e+02
5.168660280000000284e+02 3.401220089999999914e+02
5.263930050000000165e+02 3.627799989999999752e+02
5.104570009999999911e+02 3.347569889999999759e+02
5.638120119999999815e+02 3.736589969999999994e+02
5.576420289999999795e+02 3.486140139999999974e+02
5.596149900000000343e+02 3.495669859999999858e+02
5.370869750000000522e+02 3.877669980000000010e+02
5.613430180000000291e+02 3.802770080000000235e+02
5.330310060000000476e+02 3.422579959999999915e+02
5.223460079999999834e+02 3.609840090000000146e+02
5.446160280000000284e+02 3.684649959999999851e+02
5.266550290000000132e+02 3.432269900000000007e+02
5.062820130000000063e+02 3.472560119999999984e+02
4.978800049999999828e+02 3.445159909999999854e+02
5.734609990000000153e+02 3.763640139999999974e+02
5.499279790000000503e+02 3.468699950000000172e+02
5.171240229999999656e+02 3.488389890000000264e+02
5.140130000000000337e+02 3.866629940000000261e+02
5.579589839999999867e+02 3.440660100000000057e+02
5.346979979999999841e+02 3.633070069999999987e+02
5.468880000000000337e+02 3.770320130000000063e+02
5.206920169999999644e+02 3.684230039999999917e+02
5.212880249999999478e+02 3.160660100000000057e+02
5.124240109999999504e+02 3.180239869999999769e+02
5.728829960000000483e+02 3.804899899999999775e+02
5.595360110000000304e+02 3.388439940000000092e+02
5.243599850000000515e+02 3.707399899999999775e+02
5.587069699999999557e+02 3.693919980000000010e+02
5.096239929999999845e+02 3.981279910000000086e+02
5.498729859999999690e+02 3.562550049999999828e+02
5.764550169999999980e+02 3.823110050000000228e+02
5.060490110000000072e+02 3.619719850000000179e+02
5.191790160000000469e+02 3.354649959999999851e+02
5.572189939999999524e+02 3.445530089999999745e+02
5.264959720000000516e+02 3.437560119999999984e+02
5.298339839999999867e+02 3.702909849999999778e+02
5.125120239999999967e+02 3.546489869999999769e+02
5.146389769999999544e+02 3.890360109999999736e+02
5.131270140000000310e+02 3.255759889999999928e+02
5.176820069999999987e+02 3.704859920000000102e+02
5.230650020000000495e+02 3.235989989999999921e+02
5.143280029999999670e+02 3.817479860000000258e+02
5.351190189999999802e+02 3.288439940000000092e+02
5.077200010000000248e+02 3.543059999999999832e+02
5.351989750000000186e+02 3.809060059999999908e+02
5.479080199999999650e+02 3.736109920000000102e+02
5.517260129999999663e+02 3.583819889999999759e+02
4.979070130000000063e+02 3.548900150000000053e+02
5.733389889999999696e+02 3.795140079999999898e+02
5.164050290000000132e+02 3.383770139999999742e+02
5.517999879999999848e+02 3.446650089999999977e+02
5.477739870000000337e+02 3.816289980000000241e+02
5.604660030000000006e+02 3.530409849999999778e+02
5.123289790000000039e+02 3.999700010000000248e+02
5.270949709999999868e+02 3.567009889999999928e+02
5.122119750000000522e+02 3.402149959999999851e+02
5.576959839999999531e+02 3.614710079999999834e+02
5.190910030000000006e+02 3.746140139999999974e+02
5.223900149999999485e+02 3.249309999999999832e+02
5.494379880000000185e+02 3.688150019999999927e+02
4.975530089999999745e+02 4.008840030000000070e+02
5.078169859999999858e+02 3.716549989999999752e+02
5.129979859999999690e+02 3.471340030000000070e+02
5.276420289999999795e+02 3.332749939999999924e+02
5.456339719999999716e+02 3.368070069999999987e+02
5.378579710000000205e+02 3.755339969999999994e+02
5.127290040000000317e+02 3.564320069999999987e+02
5.247810060000000476e+02 3.537430110000000241e+02
5.112879940000000261e+02 3.256610109999999736e+02
5.072590030000000070e+02 3.575539860000000090e+02
5.149149780000000192e+02 3.631589969999999994e+02
5.326300049999999828e+02 3.464630129999999895e+02
5.242709959999999683e+02 3.876619870000000105e+02
5.702760009999999511e+02 3.748900150000000053e+02
5.156170039999999517e+02 3.984620059999999739e+02
5.087349849999999947e+02 3.640849910000000023e+02
5.096860050000000228e+02 3.738049930000000245e+02
5.420100099999999657e+02 3.930289920000000166e+02
4.964249879999999848e+02 3.766229860000000258e+02
5.338729859999999690e+02 3.501199950000000172e+02
5.509160160000000133e+02 3.841059880000000248e+02
5.292390139999999974e+02 3.950599980000000073e+02
5.445059810000000198e+02 3.846799930000000245e+02
5.144260249999999814e+02 3.707200010000000248e+02
5.130510249999999814e+02 3.605759889999999928e+02
5.237979739999999538e+02 3.700390009999999847e+02
5.325780029999999670e+02 3.666619870000000105e+02
5.405499879999999848e+02 3.537099910000000023e+02
5.383790279999999484e+02 3.547099910000000023e+02
5.067479860000000258e+02 3.667730099999999993e+02
5.685590210000000297e+02 3.729410100000000057e+02
5.457589719999999716e+02 3.418720089999999914e+02
5.245369869999999537e+02 3.517709960000000251e+02
5.091950069999999755e+02 3.573349910000000023e+02
5.309790040000000317e+02 3.578479919999999765e+02
5.305529790000000503e+02 3.594049989999999752e+02
5.091449890000000096e+02 3.596749879999999848e+02
5.388670039999999517e+02 3.625520020000000159e+02
5.519780269999999973e+02 3.510280149999999821e+02
4.971910100000000057e+02 3.649110109999999736e+02
5.395670169999999644e+02 3.256350100000000225e+02
5.183519900000000007e+02 3.671549989999999752e+02
5.542860110000000304e+02 3.402330019999999990e+02
5.269769900000000007e+02 3.298250120000000152e+02
5.675570069999999987e+02 3.874750060000000076e+02
5.502379760000000033e+02 3.395260010000000079e+02
5.705050049999999828e+02 3.702749939999999924e+02
5.527609860000000026e+02 3.691799930000000245e+02
5.757109990000000153e+02 3.803909909999999854e+02
5.497459720000000516e+02 3.548129880000000185e+02
5.238569949999999835e+02 3.534410100000000057e+02
5.474769900000000007e+02 3.754460139999999910e+02
5.243079830000000356e+02 3.323450010000000248e+02
5.580930180000000291e+02 3.751010130000000231e+02
5.423740229999999656e+02 3.765979919999999765e+02
5.344739990000000489e+02 3.475499879999999848e+02
5.128010249999999814e+02 3.448689880000000016e+02
5.057730099999999993e+02 3.558739929999999845e+02
5.849769900000000007e+02 3.807049870000000169e+02
5.170070190000000139e+02 3.352959900000000175e+02
5.403850099999999657e+02 3.738219910000000255e+02
5.068689880000000016e+02 3.914689940000000092e+02
5.187800290000000132e+02 3.857510070000000155e+02
5.314500120000000152e+02 3.507929990000000089e+02
5.143800049999999828e+02 3.721539920000000166e+02
5.055910030000000006e+02 3.497219850000000179e+02
5.728909909999999854e+02 3.846250000000000000e+02
5.281149900000000343e+02 3.898850100000000225e+02
5.502960209999999961e+02 3.391310119999999984e+02
5.194400020000000495e+02 3.862940060000000244e+02
5.306790160000000469e+02 3.348810119999999984e+02
5.079389949999999772e+02 3.564240110000000072e+02
5.310739750000000186e+02 3.701929930000000013e+02
5.149310299999999643e+02 3.640270080000000235e+02
5.624910280000000284e+02 3.826440119999999752e+02
5.334790040000000317e+02 3.628680110000000241e+02
5.326240229999999656e+02 3.799609990000000153e+02
5.354140009999999847e+02 3.760780030000000238e+02
5.212860110000000304e+02 3.848420100000000161e+02
5.390510249999999814e+02 3.745459900000000175e+02
5.490460209999999961e+02 3.473250120000000152e+02
5.204060060000000476e+02 3.395050049999999828e+02
5.380029909999999518e+02 3.940979919999999765e+02
5.564639889999999696e+02 3.757160030000000006e+02
5.554609990000000153e+02 3.511520080000000235e+02
5.247310179999999491e+02 3.881390079999999898e+02
5.400050049999999828e+02 3.772909849999999778e+02
5.069129940000000261e+02 4.012600100000000225e+02
5.114010010000000079e+02 3.391770020000000159e+02
5.252570190000000139e+02 3.215549930000000245e+02
5.649479979999999841e+02 3.882510070000000155e+02
5.289869999999999663e+02 3.913810119999999984e+02
4.977909849999999778e+02 3.821140139999999974e+02
5.227160030000000006e+02 3.723959960000000251e+02
5.281320190000000139e+02 3.571870119999999815e+02
5.084479979999999841e+02 3.849079899999999839e+02
5.311320190000000139e+02 3.270809939999999756e+02
5.458410030000000006e+02 3.577130129999999895e+02
5.388969730000000027e+02 3.831910100000000057e+02
5.082510070000000155e+02 3.403940119999999752e+02
5.823859860000000026e+02 3.846099849999999947e+02
5.075289920000000166e+02 3.588829959999999915e+02
5.543380130000000463e+02 3.888429869999999937e+02
5.358350219999999808e+02 3.757659909999999854e+02
