5.066350100000000225e+02 6.193800000000000239e+01
5.164019779999999855e+02 8.634400200000000325e+01
4.734949950000000172e+02 4.079499799999999965e+01
4.441860050000000228e+02 7.477300300000000277e+01
4.625849910000000023e+02 4.692300000000000182e+01
5.176649780000000192e+02 7.005799899999999525e+01
5.219580079999999498e+02 8.982800299999999538e+01
4.563200069999999755e+02 8.562400100000000691e+01
4.641979979999999841e+02 4.813499800000000306e+01
4.543229979999999841e+02 7.104499800000000675e+01
4.610539860000000090e+02 5.812300100000000214e+01
4.585589899999999943e+02 6.491300200000000586e+01
4.599760130000000231e+02 5.918500099999999975e+01
5.178959959999999683e+02 5.544599900000000048e+01
4.412869870000000105e+02 7.508100100000000054e+01
4.474259950000000003e+02 5.831900000000000261e+01
4.871289980000000241e+02 7.148200199999999427e+01
4.392569889999999759e+02 7.456099700000000041e+01
5.084259950000000003e+02 6.192399999999999949e+01
4.506419980000000010e+02 7.015599799999999675e+01
4.603330080000000066e+02 8.726399999999999579e+01
4.890310059999999908e+02 6.912500000000000000e+01
5.027430110000000241e+02 8.363400300000000698e+01
4.461300049999999828e+02 9.292199700000000462e+01
5.357680050000000165e+02 8.793199900000000468e+01
4.639710079999999834e+02 6.267499899999999968e+01
4.903760070000000155e+02 6.023899800000000226e+01
4.257489929999999845e+02 8.565300000000000580e+01
5.010100100000000225e+02 5.618199899999999758e+01
4.469890139999999974e+02 6.066799900000000179e+01
4.538240049999999997e+02 5.645500200000000035e+01
4.372229919999999765e+02 8.901599899999999366e+01
4.970480039999999917e+02 8.824700199999999484e+01
5.056040039999999749e+02 8.058699799999999414e+01
4.564519960000000083e+02 7.010399599999999509e+01
5.251909789999999703e+02 8.766200299999999856e+01
5.234660030000000006e+02 6.777300300000000277e+01
5.130859990000000153e+02 5.053799800000000175e+01
5.367559810000000198e+02 8.425299800000000516e+01
4.955719910000000255e+02 7.874500299999999697e+01
4.543099980000000073e+02 5.957799899999999838e+01
4.734289860000000090e+02 5.429700100000000162e+01
4.846530149999999821e+02 7.814700299999999800e+01
4.827520139999999742e+02 6.154700100000000162e+01
4.541629940000000261e+02 5.739799899999999866e+01
4.991419980000000010e+02 7.543299899999999525e+01
4.428919980000000010e+02 8.768699599999999350e+01
4.212000120000000152e+02 2.448399900000000073e+01
4.415409849999999778e+02 8.412599899999999309e+01
4.426719969999999762e+02 7.761799600000000510e+01
4.903259889999999928e+02 7.466899899999999946e+01
4.946289980000000241e+02 9.307599600000000351e+01
4.615799870000000169e+02 6.066599999999999682e+01
4.879750060000000076e+02 7.636000099999999691e+01
5.172739870000000337e+02 9.057099900000000048e+01
5.032780149999999821e+02 4.434799999999999898e+01
4.526940000000000168e+02 5.814899799999999885e+01
4.772900089999999977e+02 8.231800099999999532e+01
5.240469970000000330e+02 7.331999999999999318e+01
4.747380069999999819e+02 5.416700000000000159e+01
4.690969850000000179e+02 6.340499899999999656e+01
4.563529970000000162e+02 6.424600200000000427e+01
4.736740110000000072e+02 6.955599999999999739e+01
4.618670040000000085e+02 4.088799999999999812e+01
4.969100040000000149e+02 5.455099899999999735e+01
4.925350040000000149e+02 5.623500099999999691e+01
4.824559939999999756e+02 4.175400199999999984e+01
4.989739989999999921e+02 6.252199900000000099e+01
5.043680110000000241e+02 8.623500099999999691e+01
4.595249939999999924e+02 7.562300100000000214e+01
5.267379760000000033e+02 8.044499999999999318e+01
5.275109860000000026e+02 9.364299800000000573e+01
4.691430050000000165e+02 7.424500299999999697e+01
5.208499759999999696e+02 7.785600300000000118e+01
5.026740110000000072e+02 6.757499699999999621e+01
4.604240110000000072e+02 5.747700100000000134e+01
4.211300049999999828e+02 4.855400099999999952e+01
4.334249879999999848e+02 8.911399799999999516e+01
5.273969730000000027e+02 7.547100100000000111e+01
4.817699890000000096e+02 5.976499900000000309e+01
4.884739989999999921e+02 8.305400099999999952e+01
5.063810119999999984e+02 5.586299900000000207e+01
4.412149959999999851e+02 8.674500299999999697e+01
4.556459960000000251e+02 7.552700000000000102e+01
4.490599980000000073e+02 9.628600299999999379e+01
4.863150019999999927e+02 7.706700100000000475e+01
4.665509950000000003e+02 5.570000100000000032e+01
4.578760070000000155e+02 5.003599899999999678e+01
4.489230039999999917e+02 6.099200100000000191e+01
4.482290039999999749e+02 7.479000100000000373e+01
5.117160030000000006e+02 8.590599799999999675e+01
4.743940119999999752e+02 9.054399899999999946e+01
5.020690000000000168e+02 8.494499999999999318e+01
5.063370059999999739e+02 5.581199999999999761e+01
5.518530269999999973e+02 4.310800199999999904e+01
4.901010130000000231e+02 5.614699900000000099e+01
5.088150019999999927e+02 5.448300199999999904e+01
4.615950010000000248e+02 6.934999799999999937e+01
5.131669920000000502e+02 8.462799800000000516e+01
5.290889889999999696e+02 8.556500200000000689e+01
5.528619999999999663e+02 4.133200099999999821e+01
4.319920040000000085e+02 5.060499999999999687e+01
5.297500000000000000e+02 9.108499899999999627e+01
5.034590150000000222e+02 9.005400099999999952e+01
4.970469969999999762e+02 9.581900000000000261e+01
4.770109860000000026e+02 4.327899899999999889e+01
5.119779970000000162e+02 6.211200000000000188e+01
4.886560059999999908e+02 4.990999999999999659e+01
4.615679930000000013e+02 7.237000299999999697e+01
4.409920040000000085e+02 6.282600000000000051e+01
4.756229860000000258e+02 4.073599999999999710e+01
4.583699950000000172e+02 8.600499700000000303e+01
5.061189880000000016e+02 9.278399699999999939e+01
4.822869870000000105e+02 7.229699700000000462e+01
5.286010129999999663e+02 8.078900099999999895e+01
4.715620119999999815e+02 6.081399900000000258e+01
4.290029910000000086e+02 8.412000299999999697e+01
4.856149899999999775e+02 9.612599899999999309e+01
4.852239989999999921e+02 6.701200099999999793e+01
5.080499879999999848e+02 5.253799800000000175e+01
4.851409909999999854e+02 7.645600100000000054e+01
4.646379999999999768e+02 5.701699800000000096e+01
4.259559939999999756e+02 7.890599799999999675e+01
4.440989989999999921e+02 7.823500099999999691e+01
4.313980099999999993e+02 6.915499900000000366e+01
4.327590030000000070e+02 7.350499700000000303e+01
4.571140139999999974e+02 7.967400399999999649e+01
5.075329899999999839e+02 4.927100000000000080e+01
5.520280149999999821e+02 6.516899899999999946e+01
5.646229859999999690e+02 3.900099900000000019e+01
4.736799930000000245e+02 7.594000200000000689e+01
4.862460019999999759e+02 4.444300100000000242e+01
5.309340210000000297e+02 9.157900200000000268e+01
4.951950069999999755e+02 7.312100200000000427e+01
4.451560059999999908e+02 8.906500200000000689e+01
5.015499879999999848e+02 6.148899800000000226e+01
5.074700010000000248e+02 5.768699999999999761e+01
5.279379880000000185e+02 3.636099999999999710e+01
4.623739929999999845e+02 1.074970019999999948e+02
5.044049989999999752e+02 7.314700299999999800e+01
4.861669919999999934e+02 1.093479999999999990e+02
4.542059939999999756e+02 8.878800200000000586e+01
4.523160100000000057e+02 9.441599999999999682e+01
4.576220089999999914e+02 7.807099900000000048e+01
4.363529970000000162e+02 9.196800199999999847e+01
5.221459959999999683e+02 4.940399899999999889e+01
5.162639769999999544e+02 8.019799799999999834e+01
5.008219910000000255e+02 7.599500299999999697e+01
4.635610050000000228e+02 8.395099600000000351e+01
5.175380249999999478e+02 5.660900099999999924e+01
5.139370119999999815e+02 7.057099900000000048e+01
5.293289790000000039e+02 3.314099900000000076e+01
5.163140260000000126e+02 5.617399999999999949e+01
4.970599980000000073e+02 2.972400100000000123e+01
4.257810059999999908e+02 2.915299999999999869e+01
4.365650019999999927e+02 6.922399900000000628e+01
5.204949950000000172e+02 6.069699899999999815e+01
4.785840150000000222e+02 5.456800100000000242e+01
5.151199950000000172e+02 6.608699799999999414e+01
4.323250120000000152e+02 4.393199899999999758e+01
5.161829830000000356e+02 8.516200299999999856e+01
4.968179930000000013e+02 3.269200099999999765e+01
4.593049930000000245e+02 7.872000099999999634e+01
4.258460079999999834e+02 7.813200399999999490e+01
5.096789860000000090e+02 5.501499900000000309e+01
5.034460139999999910e+02 7.382199900000000525e+01
5.259320069999999987e+02 8.842199700000000462e+01
4.627139890000000264e+02 4.895399900000000315e+01
4.668110050000000228e+02 3.857000000000000028e+01
5.124110110000000304e+02 7.127400199999999586e+01
5.266030269999999973e+02 6.526599899999999366e+01
4.312000120000000152e+02 9.107800299999999538e+01
5.134270020000000159e+02 5.435300099999999901e+01
4.717510070000000155e+02 6.319100199999999745e+01
4.873190000000000168e+02 5.428699900000000156e+01
4.321449890000000096e+02 8.467800099999999475e+01
4.947690119999999752e+02 8.284600100000000111e+01
4.392690119999999752e+02 7.647499799999999937e+01
5.242689820000000509e+02 7.777500200000000063e+01
4.688250120000000152e+02 5.784999799999999937e+01
4.977460019999999759e+02 8.690699800000000153e+01
4.376510010000000079e+02 9.731999999999999318e+01
5.237119750000000522e+02 7.502400199999999586e+01
4.889849849999999947e+02 4.641899899999999946e+01
4.657409969999999930e+02 4.012699899999999786e+01
4.599890139999999974e+02 4.806199999999999761e+01
5.175889889999999696e+02 5.582199899999999815e+01
4.682839969999999994e+02 5.423700000000000188e+01
4.822550049999999828e+02 8.278500400000000070e+01
4.823309939999999756e+02 7.633899700000000621e+01
5.288800049999999828e+02 8.030400099999999952e+01
4.416359860000000026e+02 6.640200000000000102e+01
4.910530089999999745e+02 6.821900200000000325e+01
4.798460079999999834e+02 5.683700199999999825e+01
4.685050049999999828e+02 6.344300100000000242e+01
4.722879940000000261e+02 6.141799900000000179e+01
5.099609990000000153e+02 8.861599699999999302e+01
4.325010070000000155e+02 8.716799899999999468e+01
4.568900150000000053e+02 6.259000000000000341e+01
4.418959960000000251e+02 9.794999699999999621e+01
4.881870119999999815e+02 6.792299699999999518e+01
4.444129940000000261e+02 7.276200099999999793e+01
4.572189940000000092e+02 6.105799900000000235e+01
4.440020139999999742e+02 7.380400099999999952e+01
4.831749879999999848e+02 5.242100099999999685e+01
4.370409849999999778e+02 8.933799700000000144e+01
5.229680180000000291e+02 8.029399899999999946e+01
4.534930110000000241e+02 7.694400000000000261e+01
5.352269900000000007e+02 8.510299700000000200e+01
4.563519900000000007e+02 7.816999800000000675e+01
4.932609860000000026e+02 5.864300200000000274e+01
5.311900020000000495e+02 8.505500000000000682e+01
4.387929990000000089e+02 7.657099900000000048e+01
5.151649780000000192e+02 6.847399900000000628e+01
4.550920100000000161e+02 6.009500100000000344e+01
5.103450010000000248e+02 1.020370029999999986e+02
4.777319949999999835e+02 7.157199900000000525e+01
4.438439940000000092e+02 8.704200000000000159e+01
4.404639890000000264e+02 7.970999899999999627e+01
4.893229979999999841e+02 5.398899800000000226e+01
4.453389890000000264e+02 5.729399899999999946e+01
5.048330080000000066e+02 8.531300400000000650e+01
4.744960019999999759e+02 4.976100199999999774e+01
4.624790039999999749e+02 7.937799800000000516e+01
4.615840150000000222e+02 7.757099900000000048e+01
4.944670100000000161e+02 8.463700099999999793e+01
4.516719969999999762e+02 4.847700100000000134e+01
4.937000120000000152e+02 8.147799700000000200e+01
4.867699890000000096e+02 6.344300100000000242e+01
5.006740110000000072e+02 7.016000400000000070e+01
5.525469970000000330e+02 6.637599899999999309e+01
5.099070130000000063e+02 6.462500000000000000e+01
4.316780089999999745e+02 7.841200299999999856e+01
5.630170289999999795e+02 6.269599900000000048e+01
5.513229979999999841e+02 3.490000200000000063e+01
4.622380069999999819e+02 7.064299800000000573e+01
5.252490229999999656e+02 8.308899700000000621e+01
4.710000000000000000e+02 4.233299999999999841e+01
4.498559880000000248e+02 9.900800300000000220e+01
5.319359739999999874e+02 8.323400100000000634e+01
4.264500120000000152e+02 5.251699800000000096e+01
4.557420040000000085e+02 7.260399599999999509e+01
5.299899900000000343e+02 8.264600400000000491e+01
5.600000000000000000e+02 4.034400200000000325e+01
4.970679930000000013e+02 3.846900200000000325e+01
4.895539860000000090e+02 6.139799899999999866e+01
4.500169980000000010e+02 6.796600300000000061e+01
5.052269900000000007e+02 9.538300300000000220e+01
4.928450010000000248e+02 8.363500200000000007e+01
4.960409849999999778e+02 1.128700029999999970e+02
5.360430300000000443e+02 8.247199999999999420e+01
4.509419859999999858e+02 6.634799999999999898e+01
4.430419919999999934e+02 7.500700399999999490e+01
5.197260129999999663e+02 6.411399799999999516e+01
4.903890079999999898e+02 4.664899799999999885e+01
4.675299989999999752e+02 7.101100200000000484e+01
4.702160030000000006e+02 8.218299899999999525e+01
4.606499939999999924e+02 8.826000200000000007e+01
4.475639949999999772e+02 9.745099600000000351e+01
5.354559940000000324e+02 8.744799799999999834e+01
5.162050169999999980e+02 7.753299699999999461e+01
4.856340030000000070e+02 4.341999799999999965e+01
4.747810059999999908e+02 3.897700100000000134e+01
5.599010009999999511e+02 4.668800000000000239e+01
5.183690189999999802e+02 8.569499999999999318e+01
4.476040039999999749e+02 5.180400099999999952e+01
4.766000060000000076e+02 4.571799899999999894e+01
4.553290099999999825e+02 7.819699900000000525e+01
5.163020020000000159e+02 9.234100300000000061e+01
4.846969910000000255e+02 4.780899800000000255e+01
5.292500000000000000e+02 7.302999900000000366e+01
4.474010010000000079e+02 5.267999999999999972e+01
4.763919980000000010e+02 4.903399999999999892e+01
4.585660100000000057e+02 7.711199999999999477e+01
4.354670100000000161e+02 7.368499799999999311e+01
5.050159909999999854e+02 5.769800200000000245e+01
5.519829710000000205e+02 3.824000199999999694e+01
5.265819699999999557e+02 7.599500299999999697e+01
4.298469850000000179e+02 8.910700199999999427e+01
5.099920040000000085e+02 7.679200000000000159e+01
5.218489990000000489e+02 4.702299899999999866e+01
4.878710019999999759e+02 6.167599899999999735e+01
4.771310119999999984e+02 5.455400099999999952e+01
4.591390079999999898e+02 8.319400000000000261e+01
4.416220089999999914e+02 8.271199799999999414e+01
5.249630130000000463e+02 8.521900200000000325e+01
4.903020020000000159e+02 5.007899900000000315e+01
4.462390139999999974e+02 6.536499799999999993e+01
4.760809939999999756e+02 7.541100299999999379e+01
5.201010129999999663e+02 5.917499899999999968e+01
4.491950069999999755e+02 7.323400100000000634e+01
4.563020020000000159e+02 5.318099999999999739e+01
4.867380069999999819e+02 7.927899899999999889e+01
4.921659849999999778e+02 8.623300199999999904e+01
5.330449830000000020e+02 3.497800099999999901e+01
4.603879999999999768e+02 6.803800200000000586e+01
4.435750120000000152e+02 7.547699699999999723e+01
4.974949950000000172e+02 1.042839969999999994e+02
5.125709839999999531e+02 7.429799699999999518e+01
4.453829959999999915e+02 7.738099699999999359e+01
4.566499939999999924e+02 5.368600099999999742e+01
4.616019900000000007e+02 5.476699800000000096e+01
4.678129880000000185e+02 6.447899599999999509e+01
5.119830019999999990e+02 5.536200000000000188e+01
4.919859920000000102e+02 5.856300000000000239e+01
4.961319889999999759e+02 1.090759960000000035e+02
4.968039860000000090e+02 1.092200009999999963e+02
4.559779970000000162e+02 5.864099900000000076e+01
5.042090150000000222e+02 5.449000199999999694e+01
4.304599910000000023e+02 8.172899599999999509e+01
4.441659849999999778e+02 7.066799899999999468e+01
5.048030089999999745e+02 6.830200200000000166e+01
4.740790099999999825e+02 4.425699999999999790e+01
4.897290039999999749e+02 7.901499900000000309e+01
5.289810179999999491e+02 7.667400399999999649e+01
4.805050049999999828e+02 5.946799899999999894e+01
5.194849850000000515e+02 6.608299999999999841e+01
4.808429869999999937e+02 4.622600200000000115e+01
4.839800109999999904e+02 7.080999799999999311e+01
4.505289920000000166e+02 7.952899899999999889e+01
4.740610050000000228e+02 8.321900200000000325e+01
4.489460139999999910e+02 8.654499800000000675e+01
4.744230039999999917e+02 5.589199800000000096e+01
4.767370000000000232e+02 8.414800300000000277e+01
4.665719910000000255e+02 6.881900000000000261e+01
4.554169919999999934e+02 7.216899899999999946e+01
5.165369869999999537e+02 9.071499599999999930e+01
4.726040039999999749e+02 4.175199899999999786e+01
4.965010070000000155e+02 4.489400100000000293e+01
5.278989870000000337e+02 7.088999900000000309e+01
5.229299929999999677e+02 6.630899800000000255e+01
4.561199950000000172e+02 5.219300100000000242e+01
4.471149899999999775e+02 6.204399899999999946e+01
4.711700129999999831e+02 8.228099799999999675e+01
4.896940000000000168e+02 5.346900200000000325e+01
5.186019900000000007e+02 8.725399799999999573e+01
4.528370059999999739e+02 6.724700199999999484e+01
4.949819949999999835e+02 7.017800099999999475e+01
4.955350040000000149e+02 7.942199700000000462e+01
4.890790099999999825e+02 9.698500099999999691e+01
4.825610050000000228e+02 4.164300200000000274e+01
4.703829959999999915e+02 5.647600200000000115e+01
5.523209839999999531e+02 6.585500299999999640e+01
4.421650089999999977e+02 6.216599999999999682e+01
5.174390260000000126e+02 8.657700300000000482e+01
5.238870239999999967e+02 8.284899900000000628e+01
4.387629999999999768e+02 9.804599799999999732e+01
4.912380069999999819e+02 8.573600000000000421e+01
5.208259890000000496e+02 9.470600100000000054e+01
4.514970089999999914e+02 9.414199800000000096e+01
4.970509950000000003e+02 1.081110000000000042e+02
4.310400089999999977e+02 6.958899700000000621e+01
4.311820069999999987e+02 5.020999900000000338e+01
5.198699950000000172e+02 5.599200100000000191e+01
5.055480039999999917e+02 6.554699700000000462e+01
4.525509950000000003e+02 2.820999899999999982e+01
