3.866080019999999990e+02 2.891940000000000168e+02
3.315369870000000105e+02 2.772789920000000166e+02
3.900369870000000105e+02 2.786770020000000159e+02
4.198389890000000264e+02 2.909729919999999765e+02
4.287160030000000006e+02 2.792319949999999835e+02
3.612040099999999825e+02 2.617080080000000066e+02
4.031350100000000225e+02 3.079519960000000083e+02
3.774270020000000159e+02 2.773869930000000181e+02
3.764460139999999910e+02 2.118130040000000065e+02
3.756640009999999847e+02 2.739179990000000089e+02
4.027730099999999993e+02 2.842179869999999937e+02
3.813890079999999898e+02 2.643620000000000232e+02
4.094119870000000105e+02 2.962409969999999930e+02
3.836889949999999772e+02 2.931319889999999759e+02
3.961449890000000096e+02 2.878500060000000076e+02
4.182009889999999928e+02 2.856820069999999987e+02
3.948640139999999974e+02 2.868160100000000057e+02
3.886619870000000105e+02 2.979540099999999825e+02
4.085769960000000083e+02 3.007650150000000053e+02
3.586600040000000149e+02 2.766199950000000172e+02
3.324280089999999745e+02 2.524709929999999929e+02
4.107080080000000066e+02 2.859719850000000179e+02
3.311390079999999898e+02 2.700790099999999825e+02
4.209859920000000102e+02 2.927690119999999752e+02
3.761220089999999914e+02 3.005859990000000153e+02
3.295459900000000175e+02 2.542380070000000103e+02
3.761000060000000076e+02 2.998450010000000248e+02
3.317380069999999819e+02 2.726279910000000086e+02
3.659760130000000231e+02 2.777900089999999977e+02
3.760010070000000155e+02 3.030190119999999752e+02
3.499989929999999845e+02 2.676099849999999947e+02
3.540419919999999934e+02 2.712399899999999775e+02
3.326979979999999841e+02 2.608729860000000258e+02
4.273850100000000225e+02 2.819890139999999974e+02
3.579299930000000245e+02 2.620039980000000241e+02
3.913879999999999768e+02 2.113569950000000119e+02
3.407529910000000086e+02 2.667940060000000244e+02
3.705239869999999769e+02 2.595809939999999756e+02
3.827170100000000161e+02 3.187510070000000155e+02
3.827969969999999762e+02 2.909769900000000007e+02
3.542760010000000079e+02 2.660989989999999921e+02
3.622380069999999819e+02 2.677160030000000006e+02
3.856659849999999778e+02 3.230769960000000083e+02
4.094630129999999895e+02 2.784979860000000258e+02
3.677149959999999851e+02 2.611510010000000079e+02
3.897399899999999775e+02 3.018680110000000241e+02
4.181570130000000063e+02 2.830209960000000251e+02
3.458510130000000231e+02 2.883909909999999854e+02
3.481140139999999974e+02 2.753529970000000162e+02
3.775759889999999928e+02 3.178290099999999825e+02
4.325920100000000161e+02 2.788959960000000251e+02
3.648680110000000241e+02 2.433269960000000083e+02
3.770799870000000169e+02 2.919509889999999928e+02
3.624280089999999745e+02 3.001130069999999819e+02
3.886789860000000090e+02 1.999210050000000081e+02
3.844060059999999908e+02 2.254109950000000140e+02
3.532049870000000169e+02 2.929590150000000222e+02
3.502680050000000165e+02 2.269929960000000051e+02
3.652640079999999898e+02 2.615690000000000168e+02
3.949719850000000179e+02 2.953299870000000169e+02
3.665610050000000228e+02 2.524080050000000028e+02
3.763240049999999997e+02 2.326280059999999992e+02
4.236250000000000000e+02 2.786059880000000248e+02
3.625780030000000238e+02 2.745920100000000161e+02
4.013919980000000010e+02 2.682709960000000251e+02
3.902669980000000010e+02 2.882070009999999911e+02
3.739159849999999778e+02 2.607900089999999977e+02
3.767409969999999930e+02 2.223450009999999963e+02
3.682919919999999934e+02 2.665480039999999917e+02
3.559989929999999845e+02 2.841059880000000248e+02
3.451220089999999914e+02 2.819280089999999745e+02
4.121969910000000255e+02 2.980339969999999994e+02
3.599079899999999839e+02 2.612210079999999834e+02
3.556270139999999742e+02 2.905669859999999858e+02
3.584370119999999815e+02 2.655840150000000222e+02
4.148439940000000092e+02 2.928909909999999854e+02
3.513689880000000016e+02 2.589079899999999839e+02
4.106359860000000026e+02 2.937770080000000235e+02
3.863599849999999947e+02 2.402440029999999922e+02
4.041510010000000079e+02 2.908770139999999742e+02
3.427709960000000251e+02 2.826109920000000102e+02
3.529270020000000159e+02 2.623869930000000181e+02
4.248030089999999745e+02 2.894349980000000073e+02
3.320759889999999928e+02 2.759809880000000248e+02
3.855039980000000241e+02 2.631860050000000228e+02
4.039570009999999911e+02 3.072229919999999765e+02
4.038219910000000255e+02 2.980339969999999994e+02
3.641180110000000241e+02 2.751870119999999815e+02
3.946640009999999847e+02 2.312989959999999883e+02
3.691369930000000181e+02 2.874110109999999736e+02
3.851010130000000231e+02 2.886369930000000181e+02
3.411789860000000090e+02 2.707049870000000169e+02
3.837309880000000248e+02 2.812229919999999765e+02
4.274620059999999739e+02 2.266250000000000000e+02
3.458120119999999815e+02 2.726419980000000010e+02
4.069280089999999745e+02 3.046879880000000185e+02
3.763980099999999993e+02 2.515740049999999997e+02
3.773410030000000006e+02 2.592340090000000146e+02
4.219230039999999917e+02 2.847609860000000026e+02
3.473779910000000086e+02 2.726719969999999762e+02
4.294559939999999756e+02 2.804649959999999851e+02
4.310209960000000251e+02 2.486939999999999884e+02
4.015199890000000096e+02 3.090100100000000225e+02
3.604700010000000248e+02 2.611470029999999838e+02
3.458900150000000053e+02 2.815899959999999851e+02
4.324970089999999914e+02 2.797929990000000089e+02
3.561010130000000231e+02 2.938609920000000102e+02
4.206539920000000166e+02 2.781579899999999839e+02
3.906400150000000053e+02 2.939580080000000066e+02
3.487290039999999749e+02 2.646910100000000057e+02
3.955920100000000161e+02 2.993630069999999819e+02
3.548150019999999927e+02 2.584039920000000166e+02
3.620440060000000244e+02 2.668439940000000092e+02
3.527810059999999908e+02 2.608229979999999841e+02
3.411659849999999778e+02 2.564899899999999775e+02
3.333290099999999825e+02 2.623959960000000251e+02
4.118399959999999851e+02 2.930039980000000241e+02
3.564179990000000089e+02 2.852250060000000076e+02
4.254639890000000264e+02 2.817409969999999930e+02
3.363359990000000153e+02 2.528150019999999927e+02
3.925960079999999834e+02 3.164259950000000003e+02
3.503219910000000255e+02 2.708399959999999851e+02
4.019660030000000006e+02 2.903580019999999990e+02
3.848550109999999904e+02 3.071979979999999841e+02
3.825249939999999924e+02 2.664909969999999930e+02
4.034859920000000102e+02 2.797279970000000162e+02
3.720230099999999993e+02 2.292400049999999965e+02
3.769020080000000235e+02 2.492169949999999972e+02
3.667890009999999847e+02 2.570840150000000222e+02
3.582210079999999834e+02 2.569429930000000013e+02
3.590029910000000086e+02 2.784970089999999914e+02
3.541640009999999847e+02 2.617489929999999845e+02
3.335620119999999815e+02 2.612959900000000175e+02
3.957950129999999831e+02 2.904209900000000175e+02
3.661120000000000232e+02 2.822040099999999825e+02
4.008590090000000146e+02 2.582650150000000053e+02
3.846629940000000261e+02 2.950849910000000023e+02
3.792229919999999765e+02 2.729970089999999914e+02
4.019259950000000003e+02 3.020199890000000096e+02
3.888120119999999815e+02 2.378480069999999955e+02
3.515190119999999752e+02 2.925559999999999832e+02
3.780639949999999772e+02 2.642890009999999847e+02
4.160559999999999832e+02 2.753380129999999895e+02
3.831489869999999769e+02 1.990249939999999924e+02
3.472009889999999928e+02 2.606090090000000146e+02
4.120129999999999768e+02 2.730390009999999847e+02
3.587210079999999834e+02 2.599119870000000105e+02
3.298259889999999928e+02 2.562690119999999752e+02
3.396820069999999987e+02 2.968250120000000152e+02
4.204880069999999819e+02 2.781390079999999898e+02
3.470270080000000235e+02 2.694840090000000146e+02
4.071300049999999828e+02 2.416829989999999952e+02
3.375440060000000244e+02 2.557570039999999949e+02
3.873110050000000228e+02 2.717690119999999752e+02
4.076090090000000146e+02 2.850220029999999838e+02
3.479920040000000085e+02 2.904309999999999832e+02
3.336120000000000232e+02 2.912229919999999765e+02
3.756440119999999752e+02 2.487850039999999865e+02
3.979630129999999895e+02 3.013120119999999815e+02
4.327409969999999930e+02 2.603800049999999828e+02
3.360790099999999825e+02 2.681700129999999831e+02
4.261279910000000086e+02 2.866820069999999987e+02
3.751549989999999752e+02 2.946449890000000096e+02
3.634379880000000185e+02 2.607019960000000083e+02
3.635740049999999997e+02 2.062539979999999957e+02
3.683970029999999838e+02 2.620580140000000142e+02
3.757789920000000166e+02 2.615220029999999838e+02
3.770599980000000073e+02 1.999869999999999948e+02
3.899450069999999755e+02 2.981990049999999997e+02
4.013460079999999834e+02 2.783850100000000225e+02
3.578859860000000026e+02 2.810260010000000079e+02
3.694710079999999834e+02 2.600989989999999921e+02
3.734909969999999930e+02 2.907219850000000179e+02
3.458059999999999832e+02 2.836099849999999947e+02
3.668710019999999759e+02 2.817820130000000063e+02
4.113229979999999841e+02 3.031260070000000155e+02
3.480840150000000222e+02 2.562980039999999917e+02
3.577300109999999904e+02 2.785050049999999828e+02
3.323909909999999854e+02 2.899719850000000179e+02
3.561189880000000016e+02 2.784679869999999937e+02
4.102539980000000241e+02 2.745280149999999821e+02
3.967909849999999778e+02 2.849530030000000238e+02
3.487229919999999765e+02 2.687200010000000248e+02
3.676430050000000165e+02 2.632139890000000264e+02
3.781789860000000090e+02 2.895079959999999915e+02
3.637619930000000181e+02 2.651809999999999832e+02
3.478299870000000169e+02 2.619140009999999847e+02
4.079960019999999759e+02 2.860079959999999915e+02
3.436940000000000168e+02 2.731610109999999736e+02
3.778840030000000070e+02 2.526139980000000094e+02
3.630350040000000149e+02 2.654070130000000063e+02
3.528039860000000090e+02 2.914819949999999835e+02
3.328420100000000161e+02 2.730490110000000072e+02
3.452780149999999821e+02 2.780780030000000238e+02
3.297929990000000089e+02 2.576789860000000090e+02
3.642600100000000225e+02 2.736839899999999943e+02
3.880799870000000169e+02 2.920759889999999928e+02
3.745159909999999854e+02 3.015809939999999756e+02
4.237590030000000070e+02 2.833649899999999775e+02
3.356359860000000026e+02 2.684330140000000142e+02
3.517760010000000079e+02 2.578670040000000085e+02
3.818949890000000096e+02 3.015740049999999997e+02
3.899370119999999815e+02 3.002330019999999990e+02
3.974750060000000076e+02 2.869129940000000261e+02
3.541329959999999915e+02 2.696530149999999821e+02
4.187300109999999904e+02 2.942460019999999759e+02
3.767850040000000149e+02 2.745339969999999994e+02
3.997109990000000153e+02 2.771120000000000232e+02
3.756379999999999768e+02 2.657690119999999752e+02
3.767250060000000076e+02 2.506580050000000028e+02
3.482080080000000066e+02 2.812810059999999908e+02
3.405440060000000244e+02 2.596960139999999910e+02
3.352730099999999993e+02 2.568599849999999947e+02
3.982460019999999759e+02 2.685549930000000245e+02
3.643020020000000159e+02 2.700239869999999769e+02
3.754110109999999736e+02 2.899830019999999990e+02
3.659620059999999739e+02 2.678340150000000222e+02
3.805180050000000165e+02 2.700679930000000013e+02
3.456359860000000026e+02 2.717829899999999839e+02
4.015129999999999768e+02 2.953439940000000092e+02
3.504400019999999927e+02 2.728070069999999987e+02
3.462659909999999854e+02 2.683859860000000026e+02
4.020050049999999828e+02 2.926260070000000155e+02
3.675150150000000053e+02 2.587009889999999928e+02
3.986520080000000235e+02 3.014020080000000235e+02
4.154530030000000238e+02 2.465249939999999924e+02
3.638059999999999832e+02 2.781350100000000225e+02
3.938699950000000172e+02 2.753590090000000146e+02
4.041820069999999987e+02 2.979609990000000153e+02
3.955979919999999765e+02 2.685539860000000090e+02
3.791700129999999831e+02 2.646229860000000258e+02
3.649970089999999914e+02 2.702799989999999752e+02
3.469150089999999977e+02 2.725710139999999910e+02
3.996669919999999934e+02 2.905039980000000241e+02
3.868500060000000076e+02 2.682080080000000066e+02
3.680010070000000155e+02 2.402420040000000085e+02
3.920260010000000079e+02 2.740409849999999778e+02
3.847730099999999993e+02 2.900629880000000185e+02
4.016919859999999858e+02 2.886960139999999910e+02
3.616000060000000076e+02 2.705589899999999943e+02
3.929140009999999847e+02 2.820499879999999848e+02
4.061109920000000102e+02 2.872969969999999762e+02
3.942810059999999908e+02 3.038129880000000185e+02
3.310549930000000245e+02 2.867239989999999921e+02
3.776390079999999898e+02 2.191699979999999925e+02
4.007900089999999977e+02 2.755530089999999745e+02
3.870620119999999815e+02 2.782080080000000066e+02
3.477330019999999990e+02 2.821629940000000261e+02
3.459870000000000232e+02 2.855920100000000161e+02
4.004739989999999921e+02 2.944089969999999994e+02
4.052829899999999839e+02 2.940220029999999838e+02
3.884530030000000238e+02 2.898150019999999927e+02
3.358550109999999904e+02 2.587969969999999762e+02
3.866830140000000142e+02 2.776830140000000142e+02
3.540690000000000168e+02 2.789270020000000159e+02
3.722319949999999835e+02 2.749440000000000168e+02
4.093080140000000142e+02 2.951300049999999828e+02
3.822560119999999984e+02 2.933059999999999832e+02
3.962820130000000063e+02 2.772829899999999839e+02
3.814580080000000066e+02 2.769890139999999974e+02
4.020029910000000086e+02 2.192640079999999898e+02
4.024790039999999749e+02 2.992229919999999765e+02
3.297059939999999756e+02 2.847130129999999895e+02
3.514679869999999937e+02 2.672829899999999839e+02
4.328190000000000168e+02 2.290099950000000035e+02
3.539119870000000105e+02 2.754169919999999934e+02
3.680750120000000152e+02 2.827049870000000169e+02
3.915320130000000063e+02 2.769179990000000089e+02
4.014519960000000083e+02 2.747380069999999819e+02
3.712070009999999911e+02 2.880329899999999839e+02
3.777600100000000225e+02 2.119199979999999925e+02
3.853200069999999755e+02 2.726000060000000076e+02
4.067640079999999898e+02 2.832460019999999759e+02
3.291099849999999947e+02 2.667590030000000070e+02
4.251350100000000225e+02 2.860650019999999927e+02
4.089880069999999819e+02 3.039249879999999848e+02
3.728340150000000222e+02 2.738420100000000161e+02
3.641229860000000258e+02 2.796619870000000105e+02
3.523460079999999834e+02 2.853919980000000010e+02
3.781669919999999934e+02 2.643150019999999927e+02
3.778229979999999841e+02 2.112619929999999897e+02
3.409519960000000083e+02 2.734259950000000003e+02
3.576379999999999768e+02 2.778139949999999772e+02
3.556040039999999749e+02 2.702090150000000222e+02
3.816650089999999977e+02 2.727319949999999835e+02
3.710929869999999937e+02 2.677049870000000169e+02
3.922739869999999769e+02 2.139490049999999997e+02
4.043439940000000092e+02 2.791579899999999839e+02
3.482120059999999739e+02 2.809450069999999755e+02
3.948269960000000083e+02 2.738640139999999974e+02
3.921099849999999947e+02 2.709729919999999765e+02
3.623349910000000023e+02 2.655820009999999911e+02
3.348649899999999775e+02 2.502200009999999963e+02
3.571300049999999828e+02 2.894450069999999755e+02
3.949540099999999825e+02 2.859030149999999821e+02
4.075880129999999895e+02 3.033129880000000185e+02
3.540150150000000053e+02 2.929030149999999821e+02
3.407269900000000007e+02 2.591470029999999838e+02
3.939530030000000238e+02 2.787869870000000105e+02
3.760889890000000264e+02 2.210249939999999924e+02
3.908729860000000258e+02 2.715509950000000003e+02
3.747229919999999765e+02 2.644270020000000159e+02
3.449840090000000146e+02 2.750840150000000222e+02
3.690109860000000026e+02 2.937059939999999756e+02
3.906480099999999993e+02 2.826419980000000010e+02
3.650409849999999778e+02 2.729179990000000089e+02
3.899649959999999851e+02 2.738309939999999756e+02
3.699719850000000179e+02 2.632489929999999845e+02
4.132430110000000241e+02 2.930710139999999910e+02
3.743340150000000222e+02 2.757579959999999915e+02
3.503519900000000007e+02 2.678410030000000006e+02
3.641629940000000261e+02 2.919060059999999908e+02
3.314289860000000090e+02 2.877780149999999821e+02
3.581369930000000181e+02 2.502680049999999881e+02
3.943070069999999987e+02 3.008139949999999772e+02
3.970220029999999838e+02 2.664830019999999990e+02
3.903110050000000228e+02 2.666279910000000086e+02
3.863909909999999854e+02 2.668779910000000086e+02
3.481040039999999749e+02 2.686929930000000013e+02
3.286820069999999987e+02 2.720799870000000169e+02
3.545799870000000169e+02 2.841260070000000155e+02
3.894660030000000006e+02 2.949400019999999927e+02
3.853640139999999974e+02 2.676589969999999994e+02
3.506950069999999755e+02 2.693859860000000026e+02
4.186690060000000244e+02 2.690119930000000181e+02
