1.316269990000000121e+02 1.663820039999999949e+02
1.576269990000000121e+02 2.055480039999999917e+02
9.080799899999999525e+01 1.515709990000000005e+02
1.102730030000000028e+02 1.489510040000000117e+02
1.453410030000000006e+02 1.683820039999999949e+02
1.024550019999999932e+02 1.629980009999999879e+02
1.568899989999999889e+02 1.501309970000000078e+02
1.319369959999999935e+02 1.492590030000000070e+02
1.317220000000000084e+02 1.736589969999999994e+02
1.181090010000000063e+02 2.136150049999999965e+02
1.154860000000000042e+02 1.770850069999999903e+02
9.341999800000000675e+01 1.530679930000000013e+02
9.722899599999999509e+01 1.670760040000000117e+02
1.542579959999999915e+02 1.645399930000000097e+02
1.054530029999999954e+02 1.494279940000000124e+02
1.051579969999999946e+02 1.814400019999999927e+02
9.623699999999999477e+01 1.860290070000000071e+02
1.273509980000000041e+02 1.713489989999999921e+02
1.230009989999999931e+02 1.929420010000000048e+02
1.142030029999999954e+02 1.739019930000000045e+02
1.032129970000000014e+02 1.770540009999999995e+02
1.113089980000000025e+02 1.628090060000000108e+02
1.027580030000000022e+02 1.614159999999999968e+02
1.594920040000000085e+02 1.514750060000000076e+02
1.101989970000000056e+02 1.817510069999999871e+02
1.494060059999999908e+02 1.614230039999999917e+02
1.043469999999999942e+02 1.756109920000000102e+02
1.202409969999999930e+02 1.556519930000000045e+02
1.627610019999999906e+02 1.548150019999999927e+02
1.587259980000000041e+02 1.834570009999999911e+02
1.026080019999999990e+02 1.664389950000000056e+02
1.283170010000000048e+02 1.512270049999999912e+02
1.570310059999999908e+02 1.384170070000000123e+02
1.089879990000000021e+02 1.676999969999999962e+02
9.150399799999999573e+01 1.705209959999999967e+02
1.129280009999999947e+02 1.717799990000000037e+02
1.616540070000000071e+02 1.823820039999999949e+02
1.157949980000000068e+02 1.458639980000000094e+02
1.335140079999999898e+02 1.455160060000000044e+02
1.002320019999999943e+02 1.635279999999999916e+02
1.129280009999999947e+02 1.707790070000000071e+02
1.102379990000000021e+02 1.633000030000000038e+02
1.635870060000000024e+02 1.383999939999999924e+02
1.566439970000000130e+02 1.888300020000000075e+02
1.554720000000000084e+02 1.387920070000000123e+02
1.397879939999999976e+02 1.716000060000000076e+02
1.571840060000000108e+02 2.110240019999999959e+02
1.330209959999999967e+02 1.685070039999999949e+02
1.536959990000000005e+02 1.830130000000000052e+02
8.814900199999999586e+01 1.617010040000000117e+02
1.497480009999999879e+02 1.774439999999999884e+02
1.167030029999999954e+02 1.543159939999999892e+02
1.613600010000000111e+02 1.583880000000000052e+02
8.887999700000000303e+01 1.468200070000000039e+02
8.870600100000000054e+01 1.766849980000000073e+02
1.537290040000000033e+02 1.689530029999999954e+02
1.610469970000000046e+02 1.670319979999999873e+02
1.026460040000000049e+02 1.601329959999999915e+02
1.067129970000000014e+02 1.585679930000000013e+02
1.573829959999999915e+02 2.053569950000000119e+02
9.681199599999999350e+01 1.397250060000000076e+02
9.579000100000000373e+01 1.736799929999999961e+02
1.093679960000000051e+02 1.745090030000000070e+02
1.126399990000000031e+02 1.747949979999999925e+02
9.484200300000000539e+01 1.352039949999999919e+02
8.896600300000000061e+01 1.768000030000000038e+02
1.043899990000000031e+02 1.394869999999999948e+02
1.006169969999999978e+02 1.591439970000000130e+02
9.003299699999999461e+01 1.599810029999999870e+02
1.464609989999999868e+02 1.448379970000000014e+02
1.110380020000000059e+02 1.934799959999999999e+02
1.649880070000000103e+02 1.572220000000000084e+02
1.489159999999999968e+02 1.477870029999999986e+02
1.436260069999999871e+02 1.526549990000000037e+02
1.180599979999999931e+02 1.692790070000000071e+02
1.339730069999999955e+02 1.650980069999999955e+02
1.149280009999999947e+02 1.716889950000000056e+02
1.057119979999999941e+02 1.645749969999999962e+02
1.096279980000000052e+02 1.692760010000000079e+02
1.404270019999999874e+02 1.537940059999999960e+02
1.632649989999999889e+02 1.449759980000000041e+02
1.125280000000000058e+02 1.433000030000000038e+02
1.084940030000000064e+02 1.417389980000000094e+02
1.586620029999999986e+02 1.795010069999999871e+02
1.432969970000000046e+02 1.453450009999999963e+02
1.008030009999999947e+02 1.701580050000000028e+02
1.195599979999999931e+02 1.382120060000000024e+02
1.140810010000000005e+02 1.765579989999999952e+02
1.496089939999999956e+02 1.592030029999999954e+02
1.099380040000000065e+02 1.468789979999999957e+02
9.545600100000000054e+01 1.495560000000000116e+02
1.570970000000000084e+02 1.470950009999999963e+02
1.633880000000000052e+02 1.763430020000000127e+02
1.322590030000000070e+02 1.756649930000000097e+02
1.057949980000000068e+02 1.811620029999999986e+02
1.104970019999999948e+02 1.644299929999999961e+02
1.423899989999999889e+02 1.788990019999999959e+02
1.330959929999999929e+02 1.615409999999999968e+02
1.266890029999999996e+02 1.440809940000000040e+02
1.549709929999999929e+02 1.516269990000000121e+02
1.275090030000000070e+02 1.421419980000000010e+02
1.139229969999999952e+02 1.520890049999999860e+02
1.467449949999999887e+02 1.595390010000000132e+02
1.255930019999999985e+02 1.795240019999999959e+02
1.438419949999999972e+02 1.820209959999999967e+02
1.238550029999999964e+02 1.674629970000000014e+02
1.016679989999999947e+02 1.689049990000000037e+02
1.353189999999999884e+02 1.829989930000000129e+02
1.251250000000000000e+02 1.399909969999999930e+02
1.570220030000000122e+02 1.642689970000000130e+02
9.791200299999999856e+01 1.557500000000000000e+02
9.550399799999999573e+01 1.575549929999999961e+02
9.315399899999999889e+01 1.835440059999999960e+02
9.960900100000000634e+01 1.518939970000000130e+02
1.502429960000000051e+02 1.774730069999999955e+02
1.472689970000000130e+02 1.832510069999999871e+02
9.458999599999999930e+01 1.750449979999999925e+02
1.032009960000000035e+02 1.747630000000000052e+02
9.430300099999999475e+01 1.827980039999999917e+02
9.608400000000000318e+01 1.869420010000000048e+02
1.065059969999999936e+02 1.699989930000000129e+02
9.627600099999999372e+01 1.818589939999999956e+02
1.317440029999999922e+02 1.781419980000000010e+02
1.433600010000000111e+02 1.748040009999999995e+02
1.579060059999999908e+02 1.386889950000000056e+02
1.603659969999999930e+02 1.459470059999999876e+02
1.440859989999999868e+02 2.088110049999999944e+02
1.032929989999999947e+02 1.645209959999999967e+02
1.202009960000000035e+02 1.816399989999999889e+02
9.788600200000000484e+01 1.558090060000000108e+02
9.044499999999999318e+01 1.441529999999999916e+02
1.196999969999999962e+02 1.678480069999999955e+02
1.128960040000000049e+02 1.549980009999999879e+02
1.177580030000000022e+02 1.524839939999999956e+02
1.078280029999999954e+02 1.837640079999999898e+02
1.573730009999999879e+02 1.974920040000000085e+02
1.037330019999999990e+02 1.479940029999999922e+02
1.414550020000000075e+02 1.512460020000000043e+02
1.593470000000000084e+02 1.464299929999999961e+02
1.003960040000000049e+02 1.660440059999999960e+02
1.618899989999999889e+02 1.492039949999999919e+02
1.306080019999999990e+02 1.669969940000000008e+02
1.002289959999999951e+02 1.719210050000000081e+02
1.603540040000000033e+02 1.577200009999999963e+02
1.093209990000000005e+02 1.380939940000000092e+02
1.023600009999999969e+02 1.710729980000000126e+02
1.498800050000000113e+02 1.827019960000000083e+02
1.528650049999999965e+02 1.650879970000000014e+02
1.330359950000000140e+02 1.471699979999999925e+02
1.579159999999999968e+02 1.922590030000000070e+02
1.600610049999999944e+02 1.629190059999999960e+02
1.645659939999999892e+02 1.956199949999999887e+02
1.405070039999999949e+02 1.677839969999999994e+02
1.198109970000000004e+02 1.632090000000000032e+02
1.225920030000000054e+02 1.818639980000000094e+02
1.287599950000000035e+02 1.458789979999999957e+02
1.536549990000000037e+02 1.583189999999999884e+02
1.277429960000000051e+02 1.555229950000000088e+02
1.081380000000000052e+02 1.717090000000000032e+02
1.384640049999999860e+02 1.619559940000000040e+02
1.083160019999999975e+02 1.495650019999999927e+02
1.059820019999999943e+02 1.821869959999999935e+02
1.470420070000000123e+02 1.618609920000000102e+02
1.363020019999999874e+02 1.402039949999999919e+02
1.071809999999999974e+02 1.647239989999999921e+02
1.442440029999999922e+02 1.790760040000000117e+02
1.456829989999999952e+02 1.531439970000000130e+02
1.648459929999999929e+02 1.610140079999999898e+02
1.070210040000000049e+02 1.442559970000000078e+02
9.561299900000000207e+01 1.595299990000000037e+02
1.246900020000000069e+02 1.711549990000000037e+02
1.241770020000000017e+02 1.563999939999999924e+02
1.599640049999999860e+02 1.383899989999999889e+02
9.370900000000000318e+01 1.465220030000000122e+02
1.170940020000000032e+02 1.543359989999999868e+02
1.186340030000000070e+02 1.793880000000000052e+02
1.187360000000000042e+02 1.768040009999999995e+02
1.487510069999999871e+02 1.813370060000000024e+02
1.325149989999999889e+02 1.294219970000000046e+02
1.191740039999999965e+02 1.543739930000000129e+02
1.325850069999999903e+02 1.756309970000000078e+02
1.517310029999999870e+02 1.499730069999999955e+02
9.764700299999999800e+01 1.447200009999999963e+02
1.420700070000000039e+02 1.387259980000000041e+02
1.138150020000000069e+02 1.674799959999999999e+02
9.488099699999999359e+01 1.798880000000000052e+02
1.251569980000000015e+02 1.508079989999999952e+02
1.336540070000000071e+02 1.494120029999999986e+02
1.323320009999999911e+02 1.784620060000000024e+02
1.361829989999999952e+02 1.515879970000000014e+02
1.337200009999999963e+02 1.261340030000000070e+02
9.654599799999999732e+01 2.068079989999999952e+02
1.011370009999999979e+02 1.463280029999999954e+02
1.459920040000000085e+02 1.820379939999999976e+02
8.929699700000000462e+01 1.554909969999999930e+02
1.629590000000000032e+02 1.541369929999999897e+02
1.045749969999999962e+02 1.636499939999999924e+02
1.014329989999999952e+02 1.680420070000000123e+02
1.428139950000000056e+02 1.764850010000000111e+02
1.157870029999999986e+02 1.458370060000000024e+02
1.487440029999999922e+02 1.382740019999999959e+02
1.582700040000000001e+02 1.758470000000000084e+02
1.086019969999999972e+02 1.780910030000000006e+02
1.622630000000000052e+02 1.735910030000000006e+02
1.526540070000000071e+02 1.643849950000000035e+02
8.941500100000000373e+01 1.722160030000000006e+02
1.040110020000000048e+02 1.635359950000000140e+02
1.267320019999999943e+02 1.420339969999999994e+02
1.506369929999999897e+02 1.702579959999999915e+02
1.483320009999999911e+02 1.766089939999999956e+02
1.624859920000000102e+02 1.570829929999999877e+02
9.600900300000000698e+01 2.064519960000000083e+02
9.079699700000000462e+01 1.706069950000000119e+02
1.464660030000000006e+02 1.634570009999999911e+02
1.378860019999999906e+02 1.777160030000000006e+02
9.449900100000000691e+01 1.383410030000000006e+02
1.062330019999999990e+02 1.715800020000000075e+02
1.158119959999999935e+02 1.449530029999999954e+02
1.521939999999999884e+02 1.531529999999999916e+02
1.426089939999999956e+02 1.416690059999999960e+02
1.235660019999999975e+02 1.772239989999999921e+02
1.534799959999999999e+02 1.478990019999999959e+02
1.563179930000000013e+02 1.987590030000000070e+02
1.463760069999999871e+02 1.704680020000000127e+02
1.445780029999999954e+02 1.736840060000000108e+02
1.474250030000000038e+02 1.607929990000000089e+02
1.376459959999999967e+02 1.669439999999999884e+02
1.651820069999999987e+02 1.603350069999999903e+02
9.428199800000000153e+01 1.414600069999999903e+02
1.394040070000000071e+02 1.541069950000000119e+02
1.493500060000000076e+02 1.670590060000000108e+02
1.211979979999999983e+02 1.664949949999999887e+02
1.172229999999999990e+02 1.490930020000000127e+02
1.269530029999999954e+02 1.535590060000000108e+02
1.379620060000000024e+02 1.797339939999999956e+02
1.408370060000000024e+02 1.391459959999999967e+02
9.006600199999999745e+01 1.398800050000000113e+02
1.445449979999999925e+02 1.587530059999999992e+02
1.213109970000000004e+02 1.811309970000000078e+02
1.216579969999999946e+02 1.489669949999999972e+02
1.290440059999999960e+02 2.236679990000000089e+02
1.182500000000000000e+02 1.562630000000000052e+02
9.579499800000000675e+01 1.411519930000000045e+02
1.087450029999999970e+02 1.459929960000000051e+02
1.138130040000000065e+02 1.449920040000000085e+02
1.531300050000000113e+02 1.729880070000000103e+02
1.010820010000000053e+02 1.598029940000000124e+02
1.574499969999999962e+02 1.678670040000000085e+02
1.127969970000000046e+02 1.761170040000000085e+02
1.032229999999999990e+02 1.726810000000000116e+02
1.048720019999999948e+02 1.690650019999999927e+02
9.663400300000000698e+01 1.705209959999999967e+02
1.123690030000000064e+02 1.641920010000000048e+02
1.409900049999999965e+02 1.666939999999999884e+02
1.306719970000000046e+02 1.740299990000000037e+02
1.267399979999999999e+02 1.557250060000000076e+02
1.370279999999999916e+02 1.762100069999999903e+02
1.562160030000000006e+02 1.766730039999999917e+02
