1.160989990000000063e+02 2.963829959999999915e+02
8.683999599999999930e+01 3.078980099999999993e+02
1.371119999999999948e+02 2.896889949999999772e+02
1.356999969999999962e+02 2.722950129999999831e+02
1.361649930000000097e+02 2.349089969999999994e+02
1.057350009999999969e+02 2.663229979999999841e+02
7.931099700000000041e+01 2.848829959999999915e+02
4.058400000000000318e+01 2.454170070000000123e+02
1.267630000000000052e+02 2.727370000000000232e+02
1.371369929999999897e+02 2.818479919999999765e+02
6.746600300000000061e+01 2.768439940000000092e+02
1.173639979999999952e+02 2.614689940000000092e+02
6.595799999999999841e+01 2.866369930000000181e+02
1.000690000000000026e+02 2.807950129999999831e+02
1.284320069999999987e+02 2.902690119999999752e+02
5.262200200000000194e+01 2.890369870000000105e+02
3.379600099999999685e+01 2.547420040000000085e+02
6.935399599999999509e+01 2.760350040000000149e+02
1.045670010000000048e+02 2.880740049999999997e+02
1.161179960000000051e+02 2.700989989999999921e+02
1.622299999999999898e+01 2.519709929999999929e+02
6.305899800000000255e+01 2.889949950000000172e+02
1.174000020000000006e+02 2.252760010000000079e+02
1.279680019999999985e+02 2.868340150000000222e+02
1.047669980000000010e+02 2.279830019999999990e+02
6.974600200000000427e+01 3.027959900000000175e+02
9.905799899999999525e+01 2.680039980000000241e+02
1.183259960000000035e+02 2.926730039999999917e+02
9.406900000000000261e+01 2.858810119999999984e+02
1.090179980000000057e+02 2.825000000000000000e+02
1.427510069999999871e+02 2.905060119999999984e+02
1.118489990000000063e+02 2.773550109999999904e+02
9.825700399999999490e+01 2.705180050000000165e+02
1.110650020000000069e+02 2.839249879999999848e+02
3.233299999999999841e+01 2.747309880000000248e+02
7.302200299999999800e+01 2.645920100000000161e+02
1.142020030000000048e+02 2.276390079999999898e+02
1.115910030000000006e+02 2.700119930000000181e+02
9.755799899999999525e+01 2.595079959999999915e+02
3.110199899999999928e+01 2.536950070000000039e+02
1.374730069999999955e+02 2.701440119999999752e+02
1.092529980000000052e+02 2.695679930000000013e+02
4.549599800000000016e+01 2.501990049999999997e+02
6.490300000000000580e+01 3.055020139999999742e+02
7.436299900000000207e+01 3.163399959999999851e+02
9.742199700000000462e+01 2.240529940000000124e+02
8.700800300000000220e+01 2.703439940000000092e+02
9.444300099999999532e+01 2.906969910000000255e+02
1.060589980000000025e+02 2.891239929999999845e+02
1.054369959999999935e+02 2.943810119999999984e+02
5.809100000000000108e+01 2.985589899999999943e+02
7.079900399999999649e+01 2.328459929999999929e+02
1.310440059999999960e+02 2.583670040000000085e+02
1.333370060000000024e+02 2.860180050000000165e+02
1.062460020000000043e+02 2.983729860000000258e+02
1.285579989999999952e+02 2.878059999999999832e+02
5.190000200000000063e+01 2.862179869999999937e+02
1.167300029999999964e+02 2.668609920000000102e+02
7.104399899999999946e+01 3.023609920000000102e+02
1.186200029999999970e+02 2.641780089999999745e+02
1.101439969999999988e+02 2.640899959999999851e+02
8.936100000000000421e+01 3.030989989999999921e+02
7.354299899999999468e+01 3.026570130000000063e+02
1.193570019999999943e+02 2.711489869999999769e+02
1.080350040000000007e+02 2.645409849999999778e+02
1.034430009999999953e+02 2.751130069999999819e+02
5.718099999999999739e+01 2.880859990000000153e+02
9.535099800000000414e+01 3.023909909999999854e+02
7.230100299999999436e+01 3.101440119999999752e+02
7.420799999999999841e+01 2.745629880000000185e+02
1.003649979999999999e+02 3.185050049999999828e+02
1.371040040000000033e+02 2.716969910000000255e+02
5.686600099999999713e+01 2.904809880000000248e+02
1.352420040000000085e+02 2.645379940000000261e+02
1.334530029999999954e+02 2.890199890000000096e+02
9.714099899999999366e+01 3.040580140000000142e+02
1.340189970000000130e+02 2.829179990000000089e+02
1.299360049999999944e+02 2.906870119999999815e+02
9.228600299999999379e+01 2.953580019999999990e+02
3.181599999999999895e+01 2.694909969999999930e+02
7.941000400000000070e+01 3.123850100000000225e+02
1.120380020000000059e+02 2.664809880000000248e+02
5.811600099999999713e+01 2.386799929999999961e+02
8.497100100000000111e+01 2.937950129999999831e+02
9.770799999999999841e+01 2.244360049999999944e+02
9.275800300000000220e+01 2.793569949999999835e+02
6.167300000000000182e+01 2.885979919999999765e+02
1.198150020000000069e+02 2.965450129999999831e+02
7.634400200000000325e+01 2.815109860000000026e+02
6.903600299999999379e+01 2.797539980000000241e+02
1.162890009999999990e+02 2.987760010000000079e+02
1.011019969999999972e+02 2.929060059999999908e+02
3.495500200000000035e+01 2.451280059999999992e+02
1.166259989999999931e+02 2.985580140000000142e+02
9.616300200000000586e+01 3.325060119999999984e+02
1.201819990000000047e+02 2.592359920000000102e+02
1.404219970000000046e+02 2.694360050000000228e+02
1.120250020000000006e+02 2.719419859999999858e+02
7.548799900000000207e+01 2.899970089999999914e+02
8.468699599999999350e+01 3.016170040000000085e+02
5.192999999999999972e+01 2.794790039999999749e+02
6.448799900000000207e+01 2.467790070000000071e+02
1.115829999999999984e+02 2.896040039999999749e+02
9.483000199999999325e+01 2.861669919999999934e+02
5.786000099999999691e+01 2.931579899999999839e+02
6.924400300000000641e+01 2.890310059999999908e+02
8.110700199999999427e+01 2.933469850000000179e+02
1.094209979999999973e+02 2.606749879999999848e+02
6.419000200000000689e+01 2.836570130000000063e+02
7.862100200000000427e+01 2.888020020000000159e+02
7.217400399999999649e+01 2.934970089999999914e+02
3.189999999999999858e+01 2.603169859999999858e+02
1.081699980000000068e+02 2.712080080000000066e+02
1.359550020000000075e+02 2.352420040000000085e+02
1.098679960000000051e+02 2.928620000000000232e+02
1.248199999999999932e+02 2.618640139999999974e+02
6.615200000000000102e+01 2.668049930000000245e+02
7.014099899999999366e+01 3.124440000000000168e+02
1.115770030000000048e+02 2.398209990000000005e+02
1.332850039999999865e+02 2.589729919999999765e+02
1.199039989999999989e+02 2.859370119999999815e+02
1.345359950000000140e+02 2.861400150000000053e+02
1.065199970000000036e+02 2.663229979999999841e+02
1.309470059999999876e+02 2.677200010000000248e+02
1.114700009999999963e+02 2.421860049999999944e+02
1.180429989999999947e+02 2.687629999999999768e+02
1.020350040000000007e+02 2.643540039999999749e+02
1.228560030000000012e+02 2.898439940000000092e+02
9.585099800000000414e+01 2.857149959999999851e+02
1.383959959999999967e+02 2.711390079999999898e+02
7.354299899999999468e+01 2.920559999999999832e+02
8.175299800000000516e+01 3.005989989999999921e+02
1.249960020000000043e+02 2.648469850000000179e+02
6.312099800000000016e+01 3.047179869999999937e+02
1.349299929999999961e+02 2.727650150000000053e+02
6.630599999999999739e+01 3.007999879999999848e+02
9.402899899999999889e+01 2.669729919999999765e+02
6.247399899999999917e+01 2.819729919999999765e+02
6.986900300000000641e+01 2.866749879999999848e+02
9.790799699999999461e+01 2.338090060000000108e+02
7.077100400000000491e+01 3.051589969999999994e+02
1.059909969999999930e+02 2.865230099999999993e+02
6.354600099999999685e+01 3.045520020000000159e+02
5.371699900000000127e+01 2.908919980000000010e+02
9.795400200000000268e+01 2.215959929999999929e+02
1.195210040000000049e+02 2.643420100000000161e+02
7.894799799999999834e+01 2.824010010000000079e+02
1.077129970000000014e+02 2.794500120000000152e+02
1.021770020000000017e+02 2.920400089999999977e+02
1.425030059999999992e+02 2.866239929999999845e+02
9.573400100000000634e+01 2.845320130000000063e+02
9.631800099999999532e+01 3.224270020000000159e+02
1.336009980000000041e+02 2.912909849999999778e+02
1.169170000000000016e+02 2.702929990000000089e+02
1.439170070000000123e+02 2.815650019999999927e+02
1.251520000000000010e+02 2.885880129999999895e+02
1.305339969999999994e+02 2.889509889999999928e+02
1.142310030000000012e+02 2.675920100000000161e+02
1.388540040000000033e+02 2.633120119999999815e+02
1.194030000000000058e+02 2.878750000000000000e+02
1.138410030000000006e+02 2.678720089999999914e+02
8.150000000000000000e+01 2.845889890000000264e+02
1.206839980000000025e+02 2.648429869999999937e+02
1.085230030000000028e+02 2.828699950000000172e+02
7.793499799999999311e+01 2.971830140000000142e+02
6.571499599999999930e+01 2.933219910000000255e+02
7.318900299999999959e+01 2.830249939999999924e+02
9.633100100000000054e+01 3.384219969999999762e+02
5.804899999999999949e+01 2.830249939999999924e+02
1.004329989999999952e+02 2.933330080000000066e+02
6.101699800000000096e+01 2.797330019999999990e+02
1.076389999999999958e+02 2.878959960000000251e+02
6.778600299999999379e+01 2.972539980000000241e+02
1.072079999999999984e+02 2.727409969999999930e+02
1.195530009999999947e+02 2.848649899999999775e+02
1.342720030000000122e+02 2.914339899999999943e+02
1.336560059999999908e+02 2.850260010000000079e+02
1.409040070000000071e+02 2.773219910000000255e+02
8.581099700000000041e+01 2.737909849999999778e+02
6.763099699999999359e+01 2.819649959999999851e+02
1.387350010000000111e+02 2.558580019999999990e+02
1.297070009999999911e+02 2.894590150000000222e+02
1.326119999999999948e+02 2.589519960000000083e+02
1.179970019999999948e+02 2.863110050000000228e+02
1.092860029999999938e+02 2.782290039999999749e+02
1.381410060000000044e+02 2.800409849999999778e+02
9.777400199999999586e+01 2.637720029999999838e+02
1.236449970000000036e+02 2.648349910000000023e+02
8.737999700000000303e+01 2.311959990000000005e+02
1.423560029999999870e+02 2.847810059999999908e+02
1.028069990000000047e+02 2.753999939999999924e+02
1.119199980000000068e+02 2.730589899999999943e+02
9.538200399999999490e+01 2.830429990000000089e+02
7.196800199999999847e+01 3.127449950000000172e+02
4.707699999999999818e+01 2.391790009999999995e+02
6.088000100000000003e+01 2.933689880000000016e+02
9.778600299999999379e+01 2.862739869999999769e+02
6.238199999999999790e+01 2.915539860000000090e+02
9.219699900000000525e+01 2.988269960000000083e+02
1.099700009999999963e+02 2.488910060000000044e+02
1.078529970000000020e+02 2.770260010000000079e+02
1.175810010000000005e+02 2.995629880000000185e+02
9.872499799999999937e+01 2.804440000000000168e+02
1.113229979999999983e+02 2.715549930000000245e+02
9.490499900000000366e+01 2.933580019999999990e+02
1.385579989999999952e+02 2.521990049999999997e+02
1.412030029999999954e+02 2.658219910000000255e+02
7.596700300000000539e+01 2.641979979999999841e+02
6.298500099999999691e+01 2.893710019999999759e+02
8.490899699999999939e+01 3.050759889999999928e+02
9.250399799999999573e+01 2.662959900000000175e+02
1.045770030000000048e+02 2.678280030000000238e+02
1.137500000000000000e+02 2.771919859999999858e+02
6.620900000000000318e+01 2.848210139999999910e+02
9.666799899999999468e+01 3.260759889999999928e+02
9.948500099999999691e+01 2.693340150000000222e+02
1.257580030000000022e+02 2.899509889999999928e+02
1.367299959999999999e+02 2.786889949999999772e+02
9.568299899999999525e+01 2.680169980000000010e+02
9.634699999999999420e+01 2.898949890000000096e+02
1.130770030000000048e+02 2.625950010000000248e+02
9.495900000000000318e+01 2.835849910000000023e+02
1.016920010000000048e+02 2.800969850000000179e+02
1.061760029999999944e+02 2.924559939999999756e+02
1.052099989999999963e+02 2.863439940000000092e+02
7.256600199999999745e+01 3.122460019999999759e+02
9.617500300000000379e+01 2.668909909999999854e+02
9.960500299999999640e+01 2.887829899999999839e+02
7.419599900000000048e+01 2.995159909999999854e+02
1.410840000000000032e+02 2.708330080000000066e+02
7.859200300000000539e+01 2.838340150000000222e+02
1.295039979999999957e+02 3.105809939999999756e+02
9.808000199999999325e+01 2.842470089999999914e+02
9.128299699999999461e+01 2.957890009999999847e+02
1.378060000000000116e+02 2.403529969999999878e+02
7.893000000000000682e+01 2.787390139999999974e+02
1.306820069999999987e+02 2.812349849999999947e+02
7.888700099999999793e+01 2.648879999999999768e+02
1.353639980000000094e+02 2.674809880000000248e+02
9.318800400000000650e+01 2.279219970000000046e+02
5.940999999999999659e+01 2.809060059999999908e+02
1.259680019999999985e+02 3.180299989999999752e+02
9.763200399999999490e+01 2.460500030000000038e+02
1.060100020000000001e+02 2.631300049999999828e+02
5.650899900000000287e+01 2.998380129999999895e+02
9.899800100000000214e+01 2.752149959999999851e+02
8.636100000000000421e+01 2.808280030000000238e+02
8.576599899999999366e+01 2.979200129999999831e+02
1.054089969999999994e+02 2.698959960000000251e+02
1.313090060000000108e+02 2.643879999999999768e+02
8.662200199999999484e+01 2.917990110000000072e+02
6.652300300000000277e+01 2.837990110000000072e+02
1.285579989999999952e+02 2.367449949999999887e+02
6.460199699999999723e+01 2.809599910000000023e+02
7.036399799999999516e+01 2.870960079999999834e+02
1.234899979999999999e+02 2.860329899999999839e+02
1.022870029999999986e+02 2.726969910000000255e+02
8.717199700000000462e+01 2.841340030000000070e+02
1.090139999999999958e+02 2.975360109999999736e+02
5.618899900000000258e+01 2.374109950000000140e+02
9.637200199999999484e+01 3.178139949999999772e+02
5.659299899999999894e+01 2.596539920000000166e+02
7.227500200000000063e+01 2.896289980000000241e+02
9.106400299999999959e+01 2.660220029999999838e+02
9.339199800000000096e+01 2.893640139999999974e+02
6.942199700000000462e+01 3.112789920000000166e+02
8.950199899999999786e+01 3.025060119999999984e+02
1.254869999999999948e+02 2.592460019999999759e+02
7.636599699999999302e+01 2.964169919999999934e+02
1.321549990000000037e+02 2.886809999999999832e+02
1.317929990000000089e+02 2.866960139999999910e+02
1.035559999999999974e+02 2.815790099999999825e+02
7.715200000000000102e+01 3.106400150000000053e+02
1.261969990000000053e+02 2.907999879999999848e+02
1.412030029999999954e+02 2.869989929999999845e+02
1.010869979999999941e+02 2.869899899999999775e+02
1.147720029999999980e+02 2.910509950000000003e+02
1.351970059999999876e+02 2.547469940000000008e+02
8.497499799999999937e+01 2.999949950000000172e+02
