6.567730099999999993e+02 1.175899959999999993e+02
6.157760009999999511e+02 1.235289989999999989e+02
6.469520260000000462e+02 1.218840030000000070e+02
6.383939820000000509e+02 8.655999799999999311e+01
6.399050290000000132e+02 1.113990019999999959e+02
6.446380000000000337e+02 1.022099989999999963e+02
6.319530029999999670e+02 9.027600099999999372e+01
6.452719730000000027e+02 8.961499799999999993e+01
6.319229739999999538e+02 1.244339980000000025e+02
6.013040160000000469e+02 8.780500000000000682e+01
6.561099850000000515e+02 1.361360019999999906e+02
6.595770260000000462e+02 1.018939969999999988e+02
6.566480099999999993e+02 1.236179960000000051e+02
6.585230099999999993e+02 1.253389970000000062e+02
6.652000120000000152e+02 1.367500000000000000e+02
6.352449950000000172e+02 1.037949980000000068e+02
6.338439939999999524e+02 8.447100100000000111e+01
6.233720090000000482e+02 1.125619959999999935e+02
6.397579960000000483e+02 8.747899599999999509e+01
6.286119999999999663e+02 1.035400010000000037e+02
6.024899900000000343e+02 1.156930009999999953e+02
6.438140260000000126e+02 7.036199999999999477e+01
6.534580079999999498e+02 7.761499799999999993e+01
6.550280149999999821e+02 1.105530009999999947e+02
6.427150269999999637e+02 2.419500000000000028e+01
6.247199709999999868e+02 9.698799900000000207e+01
6.364949950000000172e+02 1.293189999999999884e+02
6.565339969999999994e+02 1.271340030000000070e+02
6.351480099999999993e+02 7.822899599999999509e+01
6.050549929999999677e+02 6.533499899999999627e+01
6.282769779999999855e+02 8.709300199999999847e+01
6.485599979999999505e+02 2.952199900000000099e+01
6.269949950000000172e+02 1.175630040000000065e+02
6.436389769999999544e+02 9.418900299999999959e+01
6.569219970000000330e+02 1.302969970000000046e+02
6.294149780000000192e+02 1.145479969999999952e+02
6.243720090000000482e+02 1.325070039999999949e+02
6.605440059999999676e+02 9.750900300000000698e+01
6.359819949999999835e+02 1.167129970000000014e+02
6.242160030000000006e+02 1.332960050000000081e+02
6.489299929999999677e+02 7.958699799999999414e+01
6.620830079999999498e+02 1.084400020000000069e+02
6.575250240000000304e+02 1.207350009999999969e+02
6.174710079999999834e+02 1.279209979999999973e+02
6.491669920000000502e+02 7.449500299999999697e+01
6.426149900000000343e+02 7.023600000000000421e+01
6.231909789999999703e+02 3.866899899999999946e+01
6.593959959999999683e+02 8.901899699999999882e+01
6.379810179999999491e+02 7.563600200000000484e+01
6.513369750000000522e+02 8.252800000000000580e+01
6.611489870000000337e+02 1.127730030000000028e+02
6.437880249999999478e+02 7.988800000000000523e+01
6.477589719999999716e+02 1.204810030000000012e+02
6.010720209999999497e+02 1.088209990000000005e+02
6.247219850000000179e+02 1.073809969999999936e+02
6.507529909999999518e+02 1.062750020000000006e+02
6.911719970000000330e+02 6.683599900000000105e+01
6.384290160000000469e+02 6.983299999999999841e+01
6.163519900000000007e+02 1.204369959999999935e+02
6.530000000000000000e+02 1.176880040000000065e+02
6.257349850000000515e+02 1.297599950000000035e+02
6.028590090000000146e+02 1.070100020000000001e+02
6.259359739999999874e+02 1.126589969999999994e+02
6.264699709999999868e+02 1.286329959999999915e+02
6.468150020000000495e+02 1.325099950000000035e+02
6.447700200000000450e+02 1.298549959999999999e+02
6.457630000000000337e+02 1.211699980000000068e+02
6.576439820000000509e+02 4.418500099999999975e+01
6.346240229999999656e+02 9.268499799999999311e+01
6.440830079999999498e+02 8.588999900000000309e+01
6.459910280000000284e+02 7.643599700000000041e+01
6.276040040000000317e+02 1.291759950000000003e+02
6.336589969999999994e+02 7.955500000000000682e+01
6.451439820000000509e+02 1.002360000000000042e+02
6.319000240000000304e+02 9.206300400000000650e+01
6.425000000000000000e+02 8.783899700000000621e+01
6.311810299999999643e+02 9.057800299999999538e+01
6.022449950000000172e+02 4.067999999999999972e+01
6.204790040000000317e+02 1.232519989999999979e+02
6.582680050000000165e+02 1.003759989999999931e+02
6.023889769999999544e+02 7.478399699999999939e+01
6.193649900000000343e+02 8.989900199999999586e+01
6.465360110000000304e+02 1.138880000000000052e+02
6.223029790000000503e+02 9.693800400000000650e+01
6.593410030000000006e+02 9.680999799999999311e+01
6.718939820000000509e+02 4.397299999999999898e+01
6.612899780000000192e+02 1.260650020000000069e+02
6.574959720000000516e+02 1.139509960000000035e+02
6.396079710000000205e+02 1.234260029999999944e+02
6.563690189999999802e+02 1.102160030000000006e+02
6.507100219999999808e+02 1.239530029999999954e+02
6.299660030000000006e+02 1.180339969999999994e+02
6.520709839999999531e+02 1.279309999999999974e+02
6.463709720000000516e+02 1.125770030000000048e+02
5.932730099999999993e+02 9.179799699999999518e+01
6.424409789999999703e+02 6.510299700000000200e+01
6.343820190000000139e+02 1.330319979999999873e+02
6.419119869999999537e+02 6.942199700000000462e+01
6.442979739999999538e+02 1.126880040000000065e+02
6.390520020000000159e+02 1.104120029999999986e+02
5.843989870000000337e+02 4.085800199999999904e+01
6.392169800000000350e+02 1.079329989999999952e+02
6.198950200000000450e+02 1.073140029999999996e+02
6.321160280000000284e+02 9.524500299999999697e+01
5.647680050000000165e+02 6.011700100000000191e+01
6.578629760000000033e+02 6.583699799999999414e+01
6.452949830000000020e+02 1.052929989999999947e+02
6.178670039999999517e+02 1.225630040000000065e+02
6.254780269999999973e+02 1.192149959999999993e+02
6.164680180000000291e+02 9.408499899999999627e+01
6.604409789999999703e+02 9.757599600000000351e+01
6.023569949999999835e+02 7.393399800000000255e+01
6.574780269999999973e+02 7.572399900000000628e+01
6.493040160000000469e+02 1.176940000000000026e+02
6.272949830000000020e+02 9.730300099999999475e+01
6.297509770000000344e+02 1.060660019999999975e+02
6.205869750000000522e+02 9.295799999999999841e+01
6.448939820000000509e+02 8.060800199999999904e+01
6.390499879999999848e+02 1.204909969999999930e+02
6.016959839999999531e+02 2.853500000000000014e+01
6.143449709999999868e+02 3.615499899999999656e+01
6.574010009999999511e+02 2.692099999999999937e+01
6.608229979999999841e+02 1.353470000000000084e+02
6.496370239999999967e+02 8.258400000000000318e+01
6.288950200000000450e+02 7.709699999999999420e+01
6.264310299999999643e+02 1.257030029999999954e+02
6.537899780000000192e+02 1.139909969999999930e+02
6.226879880000000185e+02 1.254570010000000053e+02
5.964990229999999656e+02 1.039479979999999983e+02
6.585469970000000330e+02 1.314810029999999870e+02
6.519609990000000153e+02 1.044380040000000065e+02
6.496480099999999993e+02 1.310330050000000028e+02
6.541900020000000495e+02 1.235719990000000053e+02
6.280100099999999657e+02 7.984799999999999898e+01
6.105360110000000304e+02 1.327409969999999930e+02
6.284439700000000357e+02 1.180149990000000031e+02
6.463159789999999703e+02 1.137750020000000006e+02
6.463560179999999491e+02 7.627100400000000491e+01
6.458590090000000146e+02 9.037599899999999309e+01
6.307390139999999974e+02 7.579399899999999946e+01
6.328430180000000291e+02 1.233529970000000020e+02
6.505579830000000356e+02 9.282399700000000564e+01
6.181950070000000323e+02 1.326380000000000052e+02
6.471400149999999485e+02 1.087570039999999949e+02
6.753179930000000013e+02 1.351109920000000102e+02
6.524769900000000007e+02 1.214759980000000041e+02
6.287109990000000153e+02 2.878399999999999892e+01
6.227189939999999524e+02 1.038050000000000068e+02
6.271459959999999683e+02 1.093799970000000030e+02
6.578339839999999867e+02 7.150700399999999490e+01
6.558649900000000343e+02 9.973600000000000421e+01
6.022500000000000000e+02 5.337699899999999786e+01
6.350570069999999987e+02 9.988999900000000309e+01
6.352869869999999537e+02 9.220500199999999325e+01
6.400490109999999504e+02 1.093639979999999952e+02
6.012160030000000006e+02 1.189550019999999932e+02
6.480689700000000357e+02 1.028730010000000021e+02
6.226799929999999677e+02 9.645200300000000482e+01
6.242719730000000027e+02 1.201670000000000016e+02
6.371589969999999994e+02 7.338099699999999359e+01
5.746569819999999709e+02 8.298600000000000421e+01
6.400499879999999848e+02 1.256009980000000041e+02
6.474879760000000033e+02 1.179579999999999984e+02
6.373090210000000297e+02 8.887300100000000214e+01
6.230369869999999537e+02 8.480500000000000682e+01
6.344890139999999974e+02 8.407499699999999621e+01
6.231740109999999504e+02 1.298970030000000122e+02
6.371560060000000476e+02 7.119400000000000261e+01
6.605780029999999670e+02 1.186829989999999952e+02
6.273930050000000165e+02 9.618800400000000650e+01
6.173419800000000350e+02 8.576899699999999882e+01
6.157210079999999834e+02 1.015370029999999986e+02
6.628800049999999828e+02 1.145820010000000053e+02
6.305939939999999524e+02 1.009970019999999948e+02
6.579589839999999867e+02 7.423999799999999993e+01
6.253400269999999637e+02 1.068519969999999972e+02
6.403909909999999854e+02 7.183699799999999414e+01
6.518950200000000450e+02 1.009229969999999952e+02
6.609849850000000515e+02 9.401100200000000484e+01
6.204140009999999847e+02 9.215000200000000063e+01
6.237230220000000145e+02 8.680500000000000682e+01
6.283900149999999485e+02 8.857499699999999621e+01
6.218779909999999518e+02 6.782199900000000525e+01
6.506259770000000344e+02 7.438400300000000698e+01
6.963250120000000152e+02 8.225000000000000000e+01
6.839470209999999497e+02 7.462000299999999697e+01
6.488250120000000152e+02 1.325079959999999915e+02
6.319660030000000006e+02 8.950199899999999786e+01
6.014429930000000013e+02 2.547500000000000142e+01
6.421920169999999644e+02 1.181470029999999980e+02
6.239060060000000476e+02 1.183840030000000070e+02
6.415390009999999847e+02 1.225179980000000057e+02
6.237949830000000020e+02 1.216999969999999962e+02
6.440930180000000291e+02 8.766799899999999468e+01
6.489390260000000126e+02 7.088400300000000698e+01
6.567230220000000145e+02 1.181989970000000056e+02
6.021840210000000297e+02 6.496399700000000621e+01
6.774279790000000503e+02 3.525799899999999809e+01
6.579260249999999814e+02 1.109159999999999968e+02
6.395789790000000039e+02 8.386499799999999993e+01
6.022689820000000509e+02 1.088820039999999949e+02
6.334710079999999834e+02 1.092870029999999986e+02
6.589039920000000166e+02 3.254700100000000162e+01
6.589099730000000363e+02 1.019570010000000053e+02
6.501840210000000297e+02 8.712899799999999573e+01
6.413430180000000291e+02 9.027200299999999800e+01
6.678419800000000350e+02 8.095500199999999325e+01
6.250720209999999497e+02 5.906199999999999761e+01
6.472030029999999670e+02 1.244329989999999952e+02
6.427500000000000000e+02 1.269199980000000068e+02
6.010300290000000132e+02 4.491599999999999682e+01
6.905560299999999643e+02 1.075339969999999994e+02
5.884299929999999677e+02 1.179260029999999944e+02
5.983829960000000483e+02 1.251790009999999995e+02
6.393099979999999505e+02 1.126920010000000048e+02
6.474829710000000205e+02 8.477600099999999372e+01
6.430419920000000502e+02 1.022490010000000069e+02
5.780070190000000139e+02 7.783899700000000621e+01
6.595319819999999709e+02 5.280300100000000185e+01
6.468729859999999690e+02 7.021900200000000325e+01
6.445739750000000186e+02 1.095989990000000063e+02
6.460059810000000198e+02 1.018590010000000063e+02
6.599730220000000145e+02 9.918800400000000650e+01
6.255079960000000483e+02 1.254950029999999970e+02
6.438880000000000337e+02 9.006099700000000041e+01
6.377139889999999696e+02 1.226060030000000012e+02
6.748449709999999868e+02 9.143599700000000041e+01
6.305150149999999485e+02 8.143900299999999959e+01
6.388220209999999497e+02 1.199639970000000062e+02
6.576760249999999814e+02 1.107949980000000068e+02
6.190570069999999987e+02 1.191829989999999952e+02
6.290850219999999808e+02 1.147880020000000059e+02
6.339829710000000205e+02 8.175700399999999490e+01
5.668510129999999663e+02 7.599500299999999697e+01
6.352340090000000146e+02 8.106500200000000689e+01
6.345139769999999544e+02 1.302630000000000052e+02
6.626500240000000304e+02 1.368990019999999959e+02
6.018010249999999814e+02 1.264189989999999995e+02
6.336660160000000133e+02 8.095099600000000351e+01
6.379920039999999517e+02 1.129420010000000048e+02
6.876380000000000337e+02 3.758700199999999825e+01
6.162890009999999847e+02 1.024779970000000020e+02
6.399509890000000496e+02 9.234899900000000628e+01
6.263099979999999505e+02 1.134670030000000054e+02
6.455399780000000192e+02 1.146979979999999983e+02
6.520529790000000503e+02 9.048100300000000118e+01
6.252860110000000304e+02 6.130199799999999755e+01
6.138959959999999683e+02 1.171190030000000064e+02
6.507130130000000463e+02 7.252400199999999586e+01
6.298530269999999973e+02 9.401000200000000007e+01
6.528109739999999874e+02 2.820599899999999849e+01
6.475339969999999994e+02 1.211800000000000068e+02
6.477239990000000489e+02 7.080200200000000166e+01
6.221630249999999478e+02 1.306900019999999927e+02
6.483709720000000516e+02 1.089660030000000006e+02
6.150739750000000186e+02 1.218919980000000010e+02
6.508800049999999828e+02 7.918599700000000041e+01
