4.307539980000000241e+02 3.876350100000000225e+02
3.889010010000000079e+02 3.865450129999999831e+02
3.533949890000000096e+02 4.174240110000000072e+02
3.597760010000000079e+02 4.235840150000000222e+02
4.102040099999999825e+02 3.991629940000000261e+02
3.757080080000000066e+02 3.996239929999999845e+02
4.035719910000000255e+02 4.021530149999999821e+02
3.828630069999999819e+02 3.869519960000000083e+02
3.678640139999999974e+02 4.043399959999999851e+02
4.062609860000000026e+02 3.785759889999999928e+02
4.090729979999999841e+02 3.982739869999999769e+02
3.546319889999999759e+02 4.183699950000000172e+02
4.145260010000000079e+02 3.841189880000000016e+02
4.235360109999999736e+02 3.970910030000000006e+02
3.825809939999999756e+02 4.193150019999999927e+02
3.954100040000000149e+02 3.903540039999999749e+02
3.702470089999999914e+02 4.004440000000000168e+02
3.931579899999999839e+02 4.140610050000000228e+02
3.981279910000000086e+02 4.139460139999999910e+02
4.064760130000000231e+02 3.762349849999999947e+02
4.390409849999999778e+02 3.852640079999999898e+02
3.778070069999999987e+02 4.124240110000000072e+02
3.764719850000000179e+02 4.330390009999999847e+02
3.647219850000000179e+02 4.176109920000000102e+02
4.293399959999999851e+02 3.983210139999999910e+02
3.801809999999999832e+02 3.892170100000000161e+02
3.897890009999999847e+02 4.161029970000000162e+02
4.107550049999999828e+02 3.831929930000000013e+02
3.764639890000000264e+02 3.782929990000000089e+02
4.113970029999999838e+02 3.824779970000000162e+02
4.120589899999999943e+02 3.909920040000000085e+02
4.125079959999999915e+02 3.976210019999999759e+02
4.089519960000000083e+02 3.979960019999999759e+02
4.233640139999999974e+02 3.886539920000000166e+02
3.574259950000000003e+02 3.980419919999999934e+02
3.618940119999999752e+02 3.933280030000000238e+02
4.326839899999999943e+02 4.082030030000000238e+02
4.092550049999999828e+02 4.065209960000000251e+02
4.358710019999999759e+02 3.799939880000000016e+02
3.890960079999999834e+02 3.706109920000000102e+02
3.640090030000000070e+02 4.036319889999999759e+02
3.862099910000000023e+02 3.869429930000000013e+02
4.070239869999999769e+02 3.878770139999999742e+02
4.364200129999999831e+02 4.014280089999999745e+02
3.639599910000000023e+02 4.102619930000000181e+02
3.926759950000000003e+02 3.565920100000000161e+02
3.984079899999999839e+02 3.831210019999999759e+02
4.242919919999999934e+02 4.059469910000000255e+02
4.072959900000000175e+02 3.812399899999999775e+02
4.027879940000000261e+02 3.994809880000000248e+02
3.657890009999999847e+02 3.924150089999999977e+02
3.718169859999999858e+02 4.220079959999999915e+02
4.125079959999999915e+02 3.932120059999999739e+02
3.957189940000000092e+02 3.861180110000000241e+02
3.558590090000000146e+02 3.944570009999999911e+02
3.958900150000000053e+02 3.795580140000000142e+02
3.754379880000000185e+02 4.266350100000000225e+02
3.677720029999999838e+02 4.676770020000000159e+02
4.212929990000000089e+02 3.680270080000000235e+02
4.005660100000000057e+02 4.017070009999999911e+02
4.263500060000000076e+02 4.167009889999999928e+02
3.838299870000000169e+02 3.982690119999999752e+02
3.921690060000000244e+02 3.914010010000000079e+02
3.997739869999999769e+02 3.816189880000000016e+02
3.583320009999999911e+02 4.262799989999999752e+02
4.295950010000000248e+02 4.196969910000000255e+02
4.073059999999999832e+02 3.802210079999999834e+02
3.768529970000000162e+02 4.127829899999999839e+02
3.575360109999999736e+02 3.956409909999999854e+02
4.398009950000000003e+02 3.810910030000000006e+02
4.494460139999999910e+02 3.871789860000000090e+02
3.834140009999999847e+02 4.152000120000000152e+02
3.815220029999999838e+02 3.868909909999999854e+02
3.749230039999999917e+02 4.506149899999999775e+02
4.000750120000000152e+02 4.040020139999999742e+02
4.003970029999999838e+02 3.979840090000000146e+02
4.166789860000000090e+02 4.640310059999999908e+02
3.489830019999999990e+02 3.982500000000000000e+02
4.070570069999999987e+02 4.062869870000000105e+02
3.521050109999999904e+02 4.018439940000000092e+02
3.996889949999999772e+02 4.121579899999999839e+02
3.874729919999999765e+02 4.126359860000000026e+02
3.831610109999999736e+02 3.922449950000000172e+02
3.800079959999999915e+02 3.681610109999999736e+02
4.072019960000000083e+02 4.023299870000000169e+02
4.335220029999999838e+02 3.879100040000000149e+02
4.052099910000000023e+02 3.761809999999999832e+02
4.222250060000000076e+02 3.763469850000000179e+02
4.082990110000000072e+02 3.807080080000000066e+02
3.815989989999999921e+02 4.159349980000000073e+02
4.155690000000000168e+02 3.824710079999999834e+02
4.236669919999999934e+02 3.907659909999999854e+02
3.863729860000000258e+02 3.970140079999999898e+02
3.803280030000000238e+02 3.860440060000000244e+02
4.065329899999999839e+02 4.003240049999999997e+02
3.824320069999999987e+02 3.921239929999999845e+02
4.038219910000000255e+02 3.797799989999999752e+02
3.637690119999999752e+02 4.246069949999999835e+02
3.902229919999999765e+02 4.046430050000000165e+02
3.890440060000000244e+02 4.009360050000000228e+02
3.660150150000000053e+02 3.979769900000000007e+02
4.382680050000000165e+02 3.789010010000000079e+02
4.269360050000000228e+02 3.836459960000000251e+02
3.668290099999999825e+02 4.240239869999999769e+02
4.199490049999999997e+02 3.754010010000000079e+02
3.800429990000000089e+02 4.194609990000000153e+02
3.989689940000000092e+02 3.799590150000000222e+02
4.116979979999999841e+02 4.036359860000000026e+02
4.220969850000000179e+02 4.543670040000000085e+02
4.398940119999999752e+02 3.850140079999999898e+02
4.203550109999999904e+02 4.642919919999999934e+02
3.701549989999999752e+02 3.893359990000000153e+02
3.972680050000000165e+02 3.938190000000000168e+02
3.827380069999999819e+02 4.127109990000000153e+02
4.037680050000000165e+02 4.128559880000000248e+02
3.758919980000000010e+02 3.941109920000000102e+02
4.203970029999999838e+02 3.994570009999999911e+02
4.119819949999999835e+02 3.744630129999999895e+02
4.241510010000000079e+02 3.960029910000000086e+02
4.081220089999999914e+02 3.944660030000000006e+02
3.890880129999999895e+02 4.186830140000000142e+02
3.888900150000000053e+02 4.160780030000000238e+02
3.782810059999999908e+02 4.493359990000000153e+02
3.963359990000000153e+02 3.822520139999999742e+02
3.642179869999999937e+02 4.101310119999999984e+02
4.370780030000000238e+02 4.234590150000000222e+02
3.771969910000000255e+02 3.953420100000000161e+02
3.938869930000000181e+02 3.868620000000000232e+02
3.564159849999999778e+02 4.448460079999999834e+02
3.730830080000000066e+02 3.894849849999999947e+02
4.040239869999999769e+02 4.072139890000000264e+02
3.625799870000000169e+02 4.132059939999999756e+02
4.011000060000000076e+02 4.023649899999999775e+02
4.296759950000000003e+02 3.994960019999999759e+02
3.994580080000000066e+02 4.105230099999999993e+02
3.881459960000000251e+02 3.860020139999999742e+02
4.323999939999999924e+02 3.882739869999999769e+02
3.961650089999999977e+02 3.855459900000000175e+02
3.928070069999999987e+02 3.815790099999999825e+02
3.909169919999999934e+02 4.057799989999999752e+02
3.762780149999999821e+02 3.861449890000000096e+02
4.679540099999999825e+02 4.176929930000000013e+02
3.946029970000000162e+02 3.812130129999999895e+02
4.155509950000000003e+02 3.816180110000000241e+02
3.673710019999999759e+02 4.132619930000000181e+02
4.007470089999999914e+02 3.903089899999999943e+02
4.077950129999999831e+02 4.008540039999999749e+02
3.534039920000000166e+02 4.234079899999999839e+02
3.624450069999999755e+02 4.171170040000000085e+02
3.822590030000000070e+02 3.964190060000000244e+02
4.030799870000000169e+02 3.801990049999999997e+02
4.502929990000000089e+02 4.576300049999999828e+02
3.775280149999999821e+02 4.278999939999999924e+02
4.477019960000000083e+02 4.212980039999999917e+02
4.348680110000000241e+02 3.902560119999999984e+02
4.174620059999999739e+02 3.851449890000000096e+02
4.359920040000000085e+02 3.913059999999999832e+02
4.335710139999999910e+02 4.018590090000000146e+02
3.586619870000000105e+02 4.061130069999999819e+02
4.723200069999999755e+02 4.087019960000000083e+02
3.970729979999999841e+02 4.123919980000000010e+02
3.770740049999999997e+02 3.818590090000000146e+02
4.339460139999999910e+02 3.913460079999999834e+02
4.423840030000000070e+02 3.960669859999999858e+02
3.816690060000000244e+02 4.143299870000000169e+02
3.719410100000000057e+02 4.040880129999999895e+02
4.000050049999999828e+02 4.008410030000000006e+02
3.979389949999999772e+02 3.964240110000000072e+02
3.693099980000000073e+02 4.245339969999999994e+02
4.258779910000000086e+02 4.026969910000000255e+02
4.070230099999999993e+02 4.156730039999999917e+02
3.671950069999999755e+02 4.107659909999999854e+02
3.516700129999999831e+02 4.109509889999999928e+02
4.005639949999999772e+02 3.967189940000000092e+02
3.966010130000000231e+02 3.843219910000000255e+02
4.257789920000000166e+02 3.824559939999999756e+02
4.055109860000000026e+02 4.135280149999999821e+02
3.773940119999999752e+02 4.450230099999999993e+02
4.040090030000000070e+02 4.232629999999999768e+02
4.372780149999999821e+02 3.785929869999999937e+02
4.279890139999999974e+02 3.786640009999999847e+02
3.733420100000000161e+02 4.016579899999999839e+02
4.211430050000000165e+02 3.821650089999999977e+02
3.979119870000000105e+02 4.078200069999999755e+02
4.275669859999999858e+02 4.030360109999999736e+02
4.481459960000000251e+02 3.935020139999999742e+02
4.227019960000000083e+02 3.688989869999999769e+02
4.336189880000000016e+02 4.633160100000000057e+02
3.630750120000000152e+02 4.110150150000000053e+02
3.873250120000000152e+02 4.188980099999999993e+02
3.837160030000000006e+02 4.635679930000000013e+02
4.275150150000000053e+02 4.005270080000000235e+02
3.940429990000000089e+02 4.038370059999999739e+02
3.686940000000000168e+02 4.115870059999999739e+02
3.787470089999999914e+02 4.132860109999999736e+02
4.148169859999999858e+02 3.739500120000000152e+02
4.249410100000000057e+02 4.488500060000000076e+02
3.882919919999999934e+02 3.996430050000000165e+02
3.611809999999999832e+02 4.133599849999999947e+02
4.002900089999999977e+02 4.035830080000000066e+02
4.248410030000000006e+02 3.701830140000000142e+02
3.912749939999999924e+02 4.104330140000000142e+02
3.741170040000000085e+02 3.947820130000000063e+02
3.779609990000000153e+02 4.312009889999999928e+02
4.361040039999999749e+02 3.903710019999999759e+02
3.774200129999999831e+02 4.162330019999999990e+02
4.387919919999999934e+02 3.832919919999999934e+02
4.506470029999999838e+02 3.900299989999999752e+02
4.156539920000000166e+02 4.491719969999999762e+02
4.201730039999999917e+02 3.911789860000000090e+02
3.770459900000000175e+02 4.194549870000000169e+02
4.200499879999999848e+02 3.948120119999999815e+02
3.768670040000000085e+02 3.738959960000000251e+02
4.458989869999999769e+02 3.876040039999999749e+02
4.181340030000000070e+02 3.849030149999999821e+02
4.207619930000000181e+02 3.759089969999999994e+02
4.055729979999999841e+02 3.760639949999999772e+02
4.011239929999999845e+02 4.244100040000000149e+02
3.807040099999999825e+02 3.978399959999999851e+02
4.384769900000000007e+02 3.896440119999999752e+02
3.994519960000000083e+02 3.938550109999999904e+02
4.280450129999999831e+02 3.962070009999999911e+02
3.832789920000000166e+02 4.176359860000000026e+02
4.158169859999999858e+02 4.115830080000000066e+02
4.317539980000000241e+02 3.785450129999999831e+02
3.851589969999999994e+02 3.968179930000000013e+02
3.625650019999999927e+02 3.918120119999999815e+02
3.777040099999999825e+02 3.660039980000000241e+02
4.312569889999999759e+02 4.137709960000000251e+02
4.379830019999999990e+02 3.924559939999999756e+02
3.727219850000000179e+02 4.571140139999999974e+02
4.350480039999999917e+02 3.859429930000000013e+02
4.316619870000000105e+02 4.271600040000000149e+02
3.905499879999999848e+02 3.620409849999999778e+02
3.848399959999999851e+02 4.015650019999999927e+02
3.776849980000000073e+02 4.402090150000000222e+02
3.898640139999999974e+02 4.680069889999999759e+02
3.941700129999999831e+02 4.076279910000000086e+02
3.882900089999999977e+02 4.021870119999999815e+02
4.247860109999999736e+02 3.724509889999999928e+02
3.994909969999999930e+02 4.105729979999999841e+02
3.789840090000000146e+02 4.220039980000000241e+02
4.264039920000000166e+02 4.337770080000000235e+02
4.175950010000000248e+02 3.917789920000000166e+02
4.334989929999999845e+02 3.798030089999999745e+02
4.100570069999999987e+02 3.949859920000000102e+02
3.877200010000000248e+02 3.927430110000000241e+02
3.876650089999999977e+02 4.012210079999999834e+02
4.651950069999999755e+02 4.424649959999999851e+02
4.217340090000000146e+02 3.756860050000000228e+02
3.789609990000000153e+02 4.010719910000000255e+02
4.053540039999999749e+02 3.810150150000000053e+02
3.801730039999999917e+02 4.133640139999999974e+02
3.866279910000000086e+02 4.116180110000000241e+02
4.214580080000000066e+02 3.937569889999999759e+02
4.205469969999999762e+02 3.970589899999999943e+02
3.752149959999999851e+02 4.078340150000000222e+02
3.682820130000000063e+02 3.904609990000000153e+02
3.619689940000000092e+02 3.976220089999999914e+02
3.758630069999999819e+02 3.720870059999999739e+02
4.040509950000000003e+02 4.097269900000000007e+02
3.508340150000000222e+02 3.930150150000000053e+02
3.770750120000000152e+02 4.257699890000000096e+02
3.776279910000000086e+02 4.251860050000000228e+02
4.053989869999999769e+02 4.075969850000000179e+02
4.207269900000000007e+02 4.051979979999999841e+02
3.800249939999999924e+02 4.125580140000000142e+02
3.683919980000000010e+02 4.118039860000000090e+02
4.119590150000000222e+02 3.889939880000000016e+02
4.224039920000000166e+02 3.710710139999999910e+02
4.328179930000000013e+02 4.473410030000000006e+02
3.513750000000000000e+02 3.982049870000000169e+02
4.365469969999999762e+02 3.896470029999999838e+02
4.375929869999999937e+02 3.846459960000000251e+02
4.274559939999999756e+02 3.881369930000000181e+02
