2.692709960000000251e+02 1.633419949999999972e+02
3.124920040000000085e+02 2.102469940000000008e+02
3.248840030000000070e+02 1.708189999999999884e+02
3.228779910000000086e+02 1.811770019999999874e+02
2.887969969999999762e+02 1.613829959999999915e+02
2.493540040000000033e+02 1.831139980000000094e+02
2.583540039999999749e+02 1.601060029999999870e+02
2.713269960000000083e+02 1.207990039999999965e+02
3.064800109999999904e+02 1.403950040000000001e+02
2.737869870000000105e+02 1.711629939999999976e+02
2.811430050000000165e+02 1.696150049999999965e+02
3.038429869999999937e+02 1.393869929999999897e+02
2.791199950000000172e+02 1.633320009999999911e+02
2.504429930000000013e+02 1.474940029999999922e+02
3.151279910000000086e+02 1.650420070000000123e+02
2.697170100000000161e+02 1.602579959999999915e+02
3.298970029999999838e+02 1.719329989999999952e+02
2.688089899999999943e+02 1.577420040000000085e+02
3.010419919999999934e+02 1.437090000000000032e+02
3.114200129999999831e+02 1.449989930000000129e+02
2.936979979999999841e+02 1.744429930000000013e+02
2.842330019999999990e+02 1.677290040000000033e+02
3.314790039999999749e+02 1.584730069999999955e+02
2.736839899999999943e+02 1.646490019999999959e+02
2.870260010000000079e+02 1.447920070000000123e+02
2.851140139999999974e+02 1.771190029999999922e+02
2.861329959999999915e+02 1.820399930000000097e+02
2.931199950000000172e+02 1.399940029999999922e+02
2.725369870000000105e+02 1.295370029999999986e+02
2.975069889999999759e+02 1.422590030000000070e+02
2.503549959999999999e+02 1.759790040000000033e+02
2.826770020000000159e+02 1.730050050000000113e+02
3.164830019999999990e+02 1.743240049999999997e+02
2.804739989999999921e+02 1.526600039999999865e+02
3.089140009999999847e+02 1.764550020000000075e+02
2.627650150000000053e+02 1.462209929999999929e+02
2.563030089999999745e+02 1.486600039999999865e+02
2.830280149999999821e+02 1.440529940000000124e+02
2.837070009999999911e+02 1.836860049999999944e+02
3.243710019999999759e+02 1.569060059999999908e+02
2.738179930000000013e+02 1.666029969999999878e+02
2.601210019999999759e+02 1.766999969999999962e+02
3.235820009999999911e+02 1.746300050000000113e+02
2.564490049999999997e+02 1.561810000000000116e+02
3.258500060000000076e+02 1.568699949999999887e+02
3.227170100000000161e+02 1.782339939999999956e+02
2.519720000000000084e+02 1.700859989999999868e+02
2.655360109999999736e+02 1.581300050000000113e+02
2.785239869999999769e+02 1.659909969999999930e+02
3.138890079999999898e+02 1.656329959999999915e+02
2.647869870000000105e+02 1.482909999999999968e+02
3.035849910000000023e+02 1.806289979999999957e+02
3.225679930000000013e+02 2.035529940000000124e+02
3.077170100000000161e+02 1.805780029999999954e+02
2.723059999999999832e+02 1.628549959999999999e+02
3.041189880000000016e+02 1.415639950000000056e+02
2.536280059999999992e+02 1.768269960000000083e+02
2.941319889999999759e+02 1.737870029999999986e+02
2.804630129999999895e+02 1.531580050000000028e+02
3.000589899999999943e+02 1.327359920000000102e+02
3.080249939999999924e+02 1.647350010000000111e+02
2.905230099999999993e+02 1.574100039999999865e+02
3.703370059999999739e+02 1.903979950000000088e+02
3.307879940000000261e+02 1.800820009999999911e+02
2.771889949999999772e+02 1.626100010000000111e+02
3.308210139999999910e+02 1.742779999999999916e+02
2.763890079999999898e+02 1.637189940000000092e+02
3.311570130000000063e+02 1.776289979999999957e+02
2.729920040000000085e+02 1.883480069999999955e+02
2.583359990000000153e+02 1.536340030000000070e+02
2.892940060000000244e+02 1.521950070000000039e+02
3.164790039999999749e+02 1.806959990000000005e+02
2.554550020000000075e+02 1.725509950000000003e+02
2.718210139999999910e+02 1.856210020000000043e+02
2.678680110000000241e+02 1.490330050000000028e+02
2.741549989999999752e+02 1.511210020000000043e+02
2.800719910000000255e+02 1.916779940000000124e+02
3.228129880000000185e+02 1.790220030000000122e+02
2.773840030000000070e+02 1.862230069999999955e+02
3.130459900000000175e+02 1.578450009999999963e+02
3.295339969999999994e+02 1.766170040000000085e+02
3.145639949999999772e+02 1.657230069999999955e+02
3.020039980000000241e+02 1.734700009999999963e+02
3.125589899999999943e+02 1.444340060000000108e+02
2.567890009999999847e+02 1.511759950000000003e+02
2.602739869999999769e+02 1.465059970000000078e+02
2.787260130000000231e+02 1.541260069999999871e+02
2.539989930000000129e+02 1.504519960000000083e+02
2.674890139999999974e+02 1.296920010000000048e+02
2.747479860000000258e+02 1.656069950000000119e+02
3.182650150000000053e+02 1.594799959999999999e+02
2.713550109999999904e+02 1.610480039999999917e+02
3.009830019999999990e+02 1.820709990000000005e+02
3.240119930000000181e+02 1.665670010000000048e+02
2.526139980000000094e+02 1.572839969999999994e+02
3.268890079999999898e+02 1.815679930000000013e+02
2.888299870000000169e+02 1.414940029999999922e+02
3.021929930000000013e+02 1.632230069999999955e+02
3.218500060000000076e+02 1.829400019999999927e+02
2.985939940000000092e+02 1.747640079999999898e+02
2.842950129999999831e+02 1.791549990000000037e+02
3.279620059999999739e+02 1.811260069999999871e+02
2.963720089999999914e+02 1.668899989999999889e+02
2.627850040000000149e+02 1.493730009999999879e+02
2.650859990000000153e+02 1.712400049999999965e+02
3.040809939999999756e+02 1.469199979999999925e+02
2.652359920000000102e+02 1.512879939999999976e+02
2.815400089999999977e+02 1.489270019999999874e+02
2.510279999999999916e+02 1.802440029999999922e+02
2.932650150000000053e+02 1.520850069999999903e+02
2.941719969999999762e+02 1.476029969999999878e+02
3.219679869999999937e+02 1.663070069999999987e+02
3.225029910000000086e+02 1.373760069999999871e+02
3.072539980000000241e+02 1.722839969999999994e+02
3.068609920000000102e+02 1.740749969999999962e+02
3.066310119999999984e+02 1.497039949999999919e+02
2.682709960000000251e+02 1.449709929999999929e+02
3.089590150000000222e+02 1.707019960000000083e+02
3.278599849999999947e+02 1.743340000000000032e+02
3.059429930000000013e+02 1.680599980000000073e+02
3.228080140000000142e+02 1.677310029999999870e+02
2.796709900000000175e+02 1.676419980000000010e+02
3.002130129999999895e+02 1.648489989999999921e+02
3.270700069999999755e+02 1.457500000000000000e+02
3.037579959999999915e+02 2.062949979999999925e+02
3.167619930000000181e+02 1.425549929999999961e+02
2.725989989999999921e+02 2.061860049999999944e+02
3.213089899999999943e+02 2.135910030000000006e+02
2.869089969999999994e+02 1.549859920000000102e+02
2.841640009999999847e+02 1.736109920000000102e+02
3.306289980000000241e+02 1.732200009999999963e+02
2.583389890000000264e+02 1.402619929999999897e+02
2.547909999999999968e+02 1.686109920000000102e+02
2.541629939999999976e+02 1.458569950000000119e+02
2.599960019999999759e+02 1.572709959999999967e+02
2.995010070000000155e+02 1.731790009999999995e+02
2.604570009999999911e+02 1.420279999999999916e+02
2.513609920000000102e+02 1.722369999999999948e+02
2.594240110000000072e+02 1.414810029999999870e+02
2.496349950000000035e+02 1.473580019999999990e+02
3.047749939999999924e+02 1.464620060000000024e+02
3.317539980000000241e+02 1.788679960000000051e+02
2.678959960000000251e+02 1.268180009999999953e+02
2.495840000000000032e+02 1.401670070000000123e+02
2.526510010000000079e+02 1.811269990000000121e+02
3.092850040000000149e+02 1.722720030000000122e+02
3.055580140000000142e+02 1.491399989999999889e+02
3.013489989999999921e+02 1.556799929999999961e+02
2.871369930000000181e+02 1.685760040000000117e+02
2.558159939999999892e+02 1.703390049999999860e+02
3.195079959999999915e+02 1.669759980000000041e+02
2.763099980000000073e+02 1.476179960000000051e+02
2.563219910000000255e+02 1.765619959999999935e+02
3.183229979999999841e+02 1.826430049999999881e+02
2.787919919999999934e+02 1.695140079999999898e+02
2.593139949999999772e+02 1.473269960000000083e+02
3.282590030000000070e+02 1.485820009999999911e+02
2.748559880000000248e+02 1.823249969999999962e+02
2.567510070000000155e+02 1.768489989999999921e+02
3.208429869999999937e+02 1.382279969999999878e+02
2.970119930000000181e+02 1.767489930000000129e+02
3.010899959999999851e+02 1.465639950000000056e+02
2.669700010000000248e+02 1.596990049999999997e+02
2.982290039999999749e+02 1.485370029999999986e+02
2.816849980000000073e+02 1.520549929999999961e+02
2.831470029999999838e+02 1.733679960000000051e+02
2.575979919999999765e+02 1.592779999999999916e+02
3.287529910000000086e+02 1.809340060000000108e+02
2.925679930000000013e+02 1.472380070000000103e+02
2.864129940000000261e+02 1.596750030000000038e+02
2.781170040000000085e+02 1.435879970000000014e+02
2.735339969999999994e+02 1.532420040000000085e+02
2.840520020000000159e+02 1.453600010000000111e+02
3.001409909999999854e+02 1.544739989999999921e+02
2.871870119999999815e+02 1.949750060000000076e+02
2.616789860000000090e+02 1.494720000000000084e+02
2.589570009999999911e+02 1.696959990000000005e+02
3.289289860000000090e+02 1.428439940000000092e+02
2.772420040000000085e+02 1.828489989999999921e+02
3.112940060000000244e+02 1.431849980000000073e+02
2.953389890000000264e+02 1.614340060000000108e+02
2.953750000000000000e+02 1.494940029999999922e+02
3.215459900000000175e+02 1.697169949999999972e+02
2.968689880000000016e+02 1.258340000000000032e+02
3.302600100000000225e+02 1.746950070000000039e+02
3.306400150000000053e+02 1.593229980000000126e+02
2.825509950000000003e+02 1.684969940000000008e+02
3.258540039999999749e+02 1.571210020000000043e+02
3.037149959999999851e+02 1.480119929999999897e+02
3.056759950000000003e+02 1.666529999999999916e+02
2.632380069999999819e+02 1.704019930000000045e+02
3.261040039999999749e+02 1.889320069999999987e+02
3.154899899999999775e+02 1.690659939999999892e+02
3.158640139999999974e+02 1.488630070000000103e+02
2.987850040000000149e+02 1.757960050000000081e+02
3.040950010000000248e+02 1.621770019999999874e+02
3.078879999999999768e+02 1.455910030000000006e+02
3.155010070000000155e+02 1.420030059999999992e+02
3.166130069999999819e+02 1.433529969999999878e+02
2.966619870000000105e+02 1.414320069999999987e+02
2.676359860000000026e+02 1.681360019999999906e+02
2.901900019999999927e+02 1.695939940000000092e+02
2.939179990000000089e+02 1.681069950000000119e+02
2.500709990000000005e+02 1.708029940000000124e+02
2.700979919999999765e+02 1.394720000000000084e+02
3.264469910000000255e+02 1.712570039999999949e+02
3.283429869999999937e+02 1.698899989999999889e+02
3.089500120000000152e+02 1.574380040000000065e+02
2.512720030000000122e+02 1.692120060000000024e+02
2.894360050000000228e+02 1.469149930000000097e+02
3.196629940000000261e+02 1.549869999999999948e+02
3.195669859999999858e+02 1.635310059999999908e+02
3.191250000000000000e+02 1.513359989999999868e+02
3.105830080000000066e+02 1.619929960000000051e+02
2.517149960000000135e+02 1.827890010000000132e+02
2.860069889999999759e+02 1.740359950000000140e+02
3.305060119999999984e+02 1.327989959999999883e+02
3.294920040000000085e+02 1.529450070000000039e+02
3.635020139999999742e+02 1.787749939999999924e+02
2.515260010000000079e+02 1.755789949999999919e+02
2.718099980000000073e+02 1.218499979999999994e+02
2.723900150000000053e+02 1.656929930000000013e+02
3.144259950000000003e+02 1.691250000000000000e+02
2.827009889999999928e+02 1.554850010000000111e+02
3.303410030000000006e+02 1.525639950000000056e+02
3.030729979999999841e+02 1.830149989999999889e+02
3.064700010000000248e+02 1.534049990000000037e+02
3.229899899999999775e+02 1.620509950000000003e+02
2.802449950000000172e+02 1.715619959999999935e+02
2.778940119999999752e+02 1.602259980000000041e+02
2.944540099999999825e+02 1.821730039999999917e+02
3.374639890000000264e+02 1.836490019999999959e+02
2.770820009999999911e+02 2.028869929999999897e+02
3.263609920000000102e+02 1.416490019999999959e+02
2.744079899999999839e+02 1.583049929999999961e+02
3.041990049999999997e+02 1.407460020000000043e+02
2.529299929999999961e+02 1.542839969999999994e+02
2.529949949999999887e+02 1.759329989999999952e+02
3.266600040000000149e+02 1.492640079999999898e+02
2.784819949999999835e+02 1.470780029999999954e+02
3.291879880000000185e+02 1.519770049999999912e+02
3.080859990000000153e+02 1.832909999999999968e+02
2.575490110000000072e+02 1.469290009999999995e+02
3.283280030000000238e+02 1.613789979999999957e+02
3.142720029999999838e+02 1.403040009999999995e+02
2.726130069999999819e+02 1.629709929999999929e+02
3.092940060000000244e+02 1.756439970000000130e+02
2.696770020000000159e+02 1.635440059999999960e+02
2.773169859999999858e+02 1.509140010000000132e+02
2.833879999999999768e+02 1.628340000000000032e+02
3.305390009999999847e+02 1.646320039999999949e+02
2.702890009999999847e+02 1.414470059999999876e+02
2.714549870000000169e+02 1.460720059999999876e+02
2.730580140000000142e+02 1.480039979999999957e+02
3.180660100000000057e+02 1.802079929999999877e+02
3.230360109999999736e+02 1.420489959999999883e+02
2.958359990000000153e+02 1.616860049999999944e+02
3.011069949999999835e+02 1.579420010000000048e+02
2.991579899999999839e+02 1.623119959999999935e+02
2.961979979999999841e+02 1.641820069999999987e+02
2.629249879999999848e+02 1.471950070000000039e+02
3.192439880000000016e+02 1.607969970000000046e+02
3.076189880000000016e+02 1.468780059999999992e+02
2.767860109999999736e+02 1.167750020000000006e+02
3.159320069999999987e+02 1.819669949999999972e+02
3.211849980000000073e+02 1.765480039999999917e+02
3.549549870000000169e+02 1.914069979999999873e+02
3.269939880000000016e+02 1.456450040000000001e+02
2.834870000000000232e+02 1.590390010000000132e+02
3.310610050000000228e+02 1.467070009999999911e+02
2.541190029999999922e+02 1.730140079999999898e+02
3.252810059999999908e+02 2.010870060000000024e+02
3.136979979999999841e+02 1.757729950000000088e+02
2.572640079999999898e+02 1.428070069999999987e+02
2.736379999999999768e+02 1.689660030000000006e+02
2.512299959999999999e+02 1.593840030000000070e+02
2.751879880000000185e+02 1.617319950000000119e+02
2.942850040000000149e+02 1.718379970000000014e+02
2.769899899999999775e+02 1.591349950000000035e+02
2.946730039999999917e+02 2.120720059999999876e+02
2.775780030000000238e+02 1.838289949999999919e+02
3.096770020000000159e+02 1.439900049999999965e+02
2.949890139999999974e+02 1.621629939999999976e+02
2.724270020000000159e+02 1.668289949999999919e+02
2.514320069999999987e+02 1.545870060000000024e+02
