6.534689939999999524e+02 3.707279970000000162e+02
6.261680300000000443e+02 3.253580019999999990e+02
6.579539790000000039e+02 3.808460079999999834e+02
6.521840210000000297e+02 3.695889890000000264e+02
6.590930180000000291e+02 3.069370119999999815e+02
6.377579960000000483e+02 3.467579959999999915e+02
6.671400149999999485e+02 3.640329899999999839e+02
6.657550049999999828e+02 3.275669859999999858e+02
6.186630249999999478e+02 3.096289980000000241e+02
6.551119999999999663e+02 3.371120000000000232e+02
6.703140260000000126e+02 3.212969969999999762e+02
6.398670039999999517e+02 3.067370000000000232e+02
6.375200200000000450e+02 3.466960139999999910e+02
6.621970209999999497e+02 3.571239929999999845e+02
6.256989750000000186e+02 3.362460019999999759e+02
6.618270260000000462e+02 3.336780089999999745e+02
6.799849850000000515e+02 3.415469969999999762e+02
6.697609860000000026e+02 3.393949890000000096e+02
6.248549799999999550e+02 3.604240110000000072e+02
6.743670039999999517e+02 3.454479979999999841e+02
6.016580199999999650e+02 3.559280089999999745e+02
6.724550169999999980e+02 3.339620059999999739e+02
6.679840090000000146e+02 3.494150089999999977e+02
6.499479979999999841e+02 3.331679990000000089e+02
6.748950200000000450e+02 3.585199890000000096e+02
6.498969730000000027e+02 3.267149959999999851e+02
6.520239870000000337e+02 3.499859920000000102e+02
6.427379760000000033e+02 3.499509889999999928e+02
6.374390260000000126e+02 3.182890009999999847e+02
6.419749759999999696e+02 3.098569949999999835e+02
6.604320069999999987e+02 3.081950069999999755e+02
6.712910160000000133e+02 3.505249939999999924e+02
6.668930050000000165e+02 3.288250120000000152e+02
6.228660280000000284e+02 3.287579959999999915e+02
6.775360110000000304e+02 3.266319889999999759e+02
6.752700200000000450e+02 3.276080019999999990e+02
6.828629760000000033e+02 3.443460079999999834e+02
6.623270260000000462e+02 3.506090090000000146e+02
6.606240229999999656e+02 3.461969910000000255e+02
6.571290279999999484e+02 3.528930050000000165e+02
6.300399780000000192e+02 3.465679930000000013e+02
6.560219730000000027e+02 3.774920040000000085e+02
6.520289920000000166e+02 3.635719910000000255e+02
6.491199950000000172e+02 3.310010070000000155e+02
6.674940189999999802e+02 3.490549930000000245e+02
6.394660030000000006e+02 3.121619870000000105e+02
6.495560299999999643e+02 3.510320130000000063e+02
6.764840090000000146e+02 3.427500000000000000e+02
6.566279909999999518e+02 3.485010070000000155e+02
6.267609860000000026e+02 3.638110050000000228e+02
6.308900149999999485e+02 3.363219910000000255e+02
6.189359739999999874e+02 3.414089969999999994e+02
6.805739750000000186e+02 3.619530030000000238e+02
6.471640009999999847e+02 3.695100100000000225e+02
6.407810060000000476e+02 3.163330080000000066e+02
6.489660030000000006e+02 3.560480039999999917e+02
6.687199709999999868e+02 3.313479919999999765e+02
6.077910160000000133e+02 3.671400150000000053e+02
6.423660280000000284e+02 3.450629880000000185e+02
6.389470209999999497e+02 3.072860109999999736e+02
6.545200200000000450e+02 3.733479919999999765e+02
6.566849979999999505e+02 2.985299989999999752e+02
6.620560299999999643e+02 3.425289920000000166e+02
6.332449950000000172e+02 3.224920040000000085e+02
6.461270140000000310e+02 3.298620000000000232e+02
6.514229739999999538e+02 3.293370059999999739e+02
6.470560299999999643e+02 3.247659909999999854e+02
6.423720090000000482e+02 3.362170100000000161e+02
6.272540279999999484e+02 3.401659849999999778e+02
6.441179809999999861e+02 3.493859860000000026e+02
6.184810179999999491e+02 3.449689940000000092e+02
6.844699709999999868e+02 3.511950069999999755e+02
6.373629760000000033e+02 3.101120000000000232e+02
6.655250240000000304e+02 3.117449950000000172e+02
6.491699830000000020e+02 3.161740110000000072e+02
6.375319819999999709e+02 3.138340150000000222e+02
6.394160160000000133e+02 3.420350040000000149e+02
6.614299929999999677e+02 3.722760010000000079e+02
6.264609990000000153e+02 3.160530089999999745e+02
6.459290160000000469e+02 3.171080019999999990e+02
6.631040040000000317e+02 3.322189940000000092e+02
6.600430300000000443e+02 3.426510010000000079e+02
6.336580199999999650e+02 3.724490049999999997e+02
6.764970090000000482e+02 3.485150150000000053e+02
6.446469730000000027e+02 3.259049989999999752e+02
6.406110230000000456e+02 3.649159849999999778e+02
6.814660030000000006e+02 3.281010130000000231e+02
6.229279790000000503e+02 3.424590150000000222e+02
6.514000240000000304e+02 3.694230039999999917e+02
6.596220090000000482e+02 3.033810119999999984e+02
6.662150269999999637e+02 3.503949890000000096e+02
6.748209839999999531e+02 3.150929869999999937e+02
6.676829830000000356e+02 3.516289980000000241e+02
6.251699830000000020e+02 3.572770080000000235e+02
6.811359860000000026e+02 3.523039860000000090e+02
6.487990109999999504e+02 3.356289980000000241e+02
6.307239990000000489e+02 3.467420040000000085e+02
6.684429930000000013e+02 3.589129940000000261e+02
6.456500240000000304e+02 3.184140009999999847e+02
6.662620239999999967e+02 3.557179869999999937e+02
6.268829960000000483e+02 3.177309880000000248e+02
6.292589719999999716e+02 3.477659909999999854e+02
6.627529909999999518e+02 3.075650019999999927e+02
6.355209959999999683e+02 3.063320009999999911e+02
6.385830079999999498e+02 3.656499939999999924e+02
6.612150269999999637e+02 3.304240110000000072e+02
6.382680050000000165e+02 3.377470089999999914e+02
6.626740109999999504e+02 3.512730099999999993e+02
6.589849850000000515e+02 3.291589969999999994e+02
6.748179930000000013e+02 3.245480039999999917e+02
6.312130130000000463e+02 3.279500120000000152e+02
6.362130130000000463e+02 3.061740110000000072e+02
6.763339839999999867e+02 3.248840030000000070e+02
6.943120119999999815e+02 3.892149959999999851e+02
6.877869869999999537e+02 3.396940000000000168e+02
6.851430050000000165e+02 2.832059939999999756e+02
6.575700070000000323e+02 3.518210139999999910e+02
6.366879880000000185e+02 3.235190119999999752e+02
6.207769779999999855e+02 3.413399959999999851e+02
6.252089839999999867e+02 3.467709960000000251e+02
6.555040279999999484e+02 3.209159849999999778e+02
6.567630000000000337e+02 3.515799870000000169e+02
6.605430300000000443e+02 3.193500060000000076e+02
6.455130000000000337e+02 3.342130129999999895e+02
6.359190059999999676e+02 3.297690119999999752e+02
6.407830199999999650e+02 3.331449890000000096e+02
6.263179930000000013e+02 3.217799989999999752e+02
6.587589719999999716e+02 3.125939940000000092e+02
6.327630000000000337e+02 3.329689940000000092e+02
6.547239990000000489e+02 3.091480099999999993e+02
6.624199830000000020e+02 3.607200010000000248e+02
6.536370239999999967e+02 3.131050109999999904e+02
6.465869750000000522e+02 3.144849849999999947e+02
6.247670289999999795e+02 3.389330140000000142e+02
6.498319699999999557e+02 3.557900089999999977e+02
6.372189939999999524e+02 3.504339899999999943e+02
6.464840090000000146e+02 3.421510010000000079e+02
6.635510249999999814e+02 3.332650150000000053e+02
6.314240109999999504e+02 3.676159969999999930e+02
6.610000000000000000e+02 3.180809939999999756e+02
6.363469850000000179e+02 3.647030030000000238e+02
6.281049799999999550e+02 3.472130129999999895e+02
6.376090090000000146e+02 3.645029910000000086e+02
6.281560060000000476e+02 3.542160030000000006e+02
6.263510129999999663e+02 3.217279970000000162e+02
6.429929809999999861e+02 3.544360050000000228e+02
6.588759770000000344e+02 3.634580080000000066e+02
6.879219970000000330e+02 3.406610109999999736e+02
6.420020140000000310e+02 3.530559999999999832e+02
6.321719970000000330e+02 3.486480099999999993e+02
6.907570190000000139e+02 3.101109920000000102e+02
6.453319699999999557e+02 3.100409849999999778e+02
6.685349730000000363e+02 3.290599980000000073e+02
6.427910160000000133e+02 3.136359860000000026e+02
6.010969850000000179e+02 3.481279910000000086e+02
6.394349979999999505e+02 3.283150019999999927e+02
6.244630130000000463e+02 3.333420100000000161e+02
6.643939820000000509e+02 3.321229860000000258e+02
6.492109990000000153e+02 3.129630129999999895e+02
6.832150269999999637e+02 3.281679990000000089e+02
6.325269779999999855e+02 3.349349980000000073e+02
6.439849850000000515e+02 3.436010130000000231e+02
6.293380130000000463e+02 3.396170040000000085e+02
6.561040040000000317e+02 3.803380129999999895e+02
6.547509770000000344e+02 3.478810119999999984e+02
6.401229859999999690e+02 3.279920040000000085e+02
6.424069819999999709e+02 3.095650019999999927e+02
6.730889889999999696e+02 3.665369870000000105e+02
6.325029909999999518e+02 3.336359860000000026e+02
6.601510009999999511e+02 3.472900089999999977e+02
6.859400020000000495e+02 3.403890079999999898e+02
6.682269900000000007e+02 3.577539980000000241e+02
6.230640260000000126e+02 3.578500060000000076e+02
6.507680050000000165e+02 3.472820130000000063e+02
6.504299929999999677e+02 3.715719910000000255e+02
6.227880249999999478e+02 3.261409909999999854e+02
6.396209720000000516e+02 3.456090090000000146e+02
6.390349730000000363e+02 3.245230099999999993e+02
6.544790040000000317e+02 3.215209960000000251e+02
6.545170289999999795e+02 3.523980099999999993e+02
6.530789790000000039e+02 3.244339899999999943e+02
6.794370119999999815e+02 3.219159849999999778e+02
6.377650149999999485e+02 3.510220029999999838e+02
6.662540279999999484e+02 3.667380069999999819e+02
6.783599850000000515e+02 3.234719850000000179e+02
6.783200070000000323e+02 2.972359920000000102e+02
6.286849979999999505e+02 3.720000000000000000e+02
6.664420169999999644e+02 3.316369930000000181e+02
6.505269779999999855e+02 3.224509889999999928e+02
6.653729859999999690e+02 3.599289860000000090e+02
6.579680180000000291e+02 3.289769900000000007e+02
6.398380130000000463e+02 3.333739929999999845e+02
6.495170289999999795e+02 3.729800109999999904e+02
6.806699830000000020e+02 3.870360109999999736e+02
6.704219970000000330e+02 3.366069949999999835e+02
6.472169800000000350e+02 3.401069949999999835e+02
6.504340210000000297e+02 3.521799930000000245e+02
6.705839839999999867e+02 3.418309939999999756e+02
6.624550169999999980e+02 3.537569889999999759e+02
6.806270140000000310e+02 3.379209900000000175e+02
6.393109739999999874e+02 3.140820009999999911e+02
6.735059810000000198e+02 3.176480099999999993e+02
6.487630000000000337e+02 3.648240049999999997e+02
6.337340090000000146e+02 3.394339899999999943e+02
6.478040160000000469e+02 3.585750120000000152e+02
6.200109860000000026e+02 3.485379940000000261e+02
6.795490109999999504e+02 3.377120059999999739e+02
6.447050169999999980e+02 3.170910030000000006e+02
6.489060060000000476e+02 3.671480099999999993e+02
6.438410030000000006e+02 3.293399959999999851e+02
6.525830079999999498e+02 3.501789860000000090e+02
6.720560299999999643e+02 3.475480039999999917e+02
6.697890009999999847e+02 3.573970029999999838e+02
6.660390009999999847e+02 3.090729979999999841e+02
6.210939939999999524e+02 3.410060119999999984e+02
6.249429930000000013e+02 3.486409909999999854e+02
6.716069949999999835e+02 3.570050049999999828e+02
6.749149780000000192e+02 3.387969969999999762e+02
6.313330079999999498e+02 3.580969850000000179e+02
6.387219850000000179e+02 3.614970089999999914e+02
6.754240109999999504e+02 3.273599849999999947e+02
6.381160280000000284e+02 3.640459900000000175e+02
6.824780269999999973e+02 3.318580019999999990e+02
6.707550049999999828e+02 3.368510130000000231e+02
6.633250120000000152e+02 3.618859860000000026e+02
6.559279790000000503e+02 3.314110109999999736e+02
6.226790160000000469e+02 3.208429869999999937e+02
6.533670039999999517e+02 3.641679990000000089e+02
6.609760129999999663e+02 3.042250060000000076e+02
6.648220209999999497e+02 3.313659969999999930e+02
6.502459720000000516e+02 3.167869870000000105e+02
6.404769900000000007e+02 3.702999879999999848e+02
6.558319699999999557e+02 3.159939880000000016e+02
6.399589839999999867e+02 3.352420040000000085e+02
6.576630249999999478e+02 3.770620119999999815e+02
6.393640139999999974e+02 3.523410030000000006e+02
6.600139769999999544e+02 3.487539980000000241e+02
6.809780269999999973e+02 3.246690060000000244e+02
6.836719970000000330e+02 3.305339969999999994e+02
6.605230099999999993e+02 3.096130069999999819e+02
6.440029909999999518e+02 3.205650019999999927e+02
6.663920289999999795e+02 3.412439880000000016e+02
6.563809810000000198e+02 2.965599980000000073e+02
6.273239750000000186e+02 3.416029970000000162e+02
6.616359860000000026e+02 3.202090150000000222e+02
6.588099979999999505e+02 3.181489869999999769e+02
6.023300169999999980e+02 3.391900019999999927e+02
6.508220209999999497e+02 3.430140079999999898e+02
6.327000120000000152e+02 3.687139890000000264e+02
6.846329960000000483e+02 3.413859860000000026e+02
6.703090210000000297e+02 3.378590090000000146e+02
6.435999759999999696e+02 3.285419919999999934e+02
6.467000120000000152e+02 3.466809999999999832e+02
6.199710079999999834e+02 3.438399959999999851e+02
6.370809940000000324e+02 3.236189880000000016e+02
6.655689700000000357e+02 3.689679869999999937e+02
6.531760249999999814e+02 3.573879999999999768e+02
6.340930180000000291e+02 3.563739929999999845e+02
6.502769779999999855e+02 3.344320069999999987e+02
6.404840090000000146e+02 3.095920100000000161e+02
6.248510129999999663e+02 3.182550049999999828e+02
6.377910160000000133e+02 3.509030149999999821e+02
6.522760009999999511e+02 3.624700010000000248e+02
6.222000120000000152e+02 3.466700129999999831e+02
6.522680050000000165e+02 3.263890079999999898e+02
6.666439820000000509e+02 3.022690119999999752e+02
6.235449830000000020e+02 3.336369930000000181e+02
6.574869999999999663e+02 3.077399899999999775e+02
6.598380130000000463e+02 3.532619930000000181e+02
6.491589969999999994e+02 3.046809999999999832e+02
6.445260009999999511e+02 3.372210079999999834e+02
6.601339719999999716e+02 3.486709900000000175e+02
6.716849979999999505e+02 3.644800109999999904e+02
6.514970090000000482e+02 3.109870000000000232e+02
6.028850099999999657e+02 3.430620119999999815e+02
6.549110110000000304e+02 3.486440119999999752e+02
6.299849850000000515e+02 3.259620059999999739e+02
6.352730099999999993e+02 3.081570130000000063e+02
6.519799799999999550e+02 3.326080019999999990e+02
6.479929809999999861e+02 3.387890009999999847e+02
6.318579710000000205e+02 3.169079899999999839e+02
