2.289700009999999963e+02 2.819920040000000085e+02
1.885079959999999915e+02 2.820939940000000092e+02
1.645859989999999868e+02 2.868229979999999841e+02
1.700980069999999955e+02 2.786319889999999759e+02
1.656770019999999874e+02 2.583680110000000241e+02
1.480700070000000039e+02 2.646449890000000096e+02
2.167310029999999870e+02 2.844030149999999821e+02
2.107530059999999992e+02 2.537859950000000140e+02
1.638630070000000103e+02 2.726879880000000185e+02
1.689739989999999921e+02 2.513950040000000001e+02
1.850679930000000013e+02 2.709679869999999937e+02
1.468269960000000083e+02 2.520200040000000001e+02
1.849049990000000037e+02 2.645679930000000013e+02
1.567709959999999967e+02 2.964100040000000149e+02
1.686759950000000003e+02 2.808269960000000083e+02
2.050939940000000092e+02 2.453359989999999868e+02
2.149159999999999968e+02 2.465440059999999960e+02
2.237100069999999903e+02 2.762319949999999835e+02
1.579230039999999917e+02 2.263240049999999997e+02
1.938350069999999903e+02 2.739649959999999851e+02
1.828200070000000039e+02 2.628599849999999947e+02
2.285290070000000071e+02 2.801379999999999768e+02
1.543679960000000051e+02 2.821010130000000231e+02
2.218890079999999898e+02 2.494839939999999956e+02
1.882389980000000094e+02 2.581470029999999838e+02
1.605480039999999917e+02 2.554159999999999968e+02
2.204159999999999968e+02 2.563510130000000231e+02
2.213569950000000119e+02 2.573129880000000185e+02
1.603359989999999868e+02 2.752170100000000161e+02
2.175970000000000084e+02 3.067619930000000181e+02
1.862359920000000102e+02 2.485540009999999995e+02
1.798370060000000024e+02 2.840520020000000159e+02
1.432689970000000130e+02 2.604190060000000244e+02
1.960220030000000122e+02 2.505240019999999959e+02
1.790820009999999911e+02 2.573850100000000225e+02
1.911029969999999878e+02 2.816350100000000225e+02
1.941540070000000071e+02 2.837460019999999759e+02
1.987079929999999877e+02 2.808760070000000155e+02
1.482480009999999879e+02 2.904859920000000102e+02
2.315269930000000045e+02 2.499839939999999956e+02
1.972290040000000033e+02 2.440200040000000001e+02
1.883260040000000117e+02 2.660299989999999752e+02
1.573150019999999927e+02 2.427539979999999957e+02
1.866629939999999976e+02 2.803989869999999769e+02
2.052090000000000032e+02 2.831210019999999759e+02
2.228159939999999892e+02 2.742149959999999851e+02
1.904310000000000116e+02 2.779890139999999974e+02
1.596950070000000039e+02 2.767059939999999756e+02
1.876470030000000122e+02 2.830669859999999858e+02
1.807449949999999887e+02 3.026069949999999835e+02
1.475059970000000078e+02 2.608989869999999769e+02
2.108070069999999987e+02 2.587529910000000086e+02
2.113880000000000052e+02 2.671430050000000165e+02
1.838450009999999963e+02 2.540689999999999884e+02
1.584420010000000048e+02 2.569580080000000066e+02
1.914750060000000076e+02 2.489790040000000033e+02
2.311770019999999874e+02 2.746189880000000016e+02
2.299830019999999990e+02 2.707529910000000086e+02
1.645220030000000122e+02 2.806799930000000245e+02
2.332440029999999922e+02 2.670039980000000241e+02
1.811080019999999990e+02 2.662370000000000232e+02
1.990590060000000108e+02 2.567739869999999769e+02
2.213289949999999919e+02 2.755580140000000142e+02
1.931479950000000088e+02 2.465700070000000039e+02
1.786739959999999883e+02 2.841000060000000076e+02
1.764609989999999868e+02 2.562999879999999848e+02
1.465379939999999976e+02 2.734150089999999977e+02
1.844559940000000040e+02 2.636340030000000070e+02
2.320579989999999952e+02 2.521990049999999997e+02
1.687839969999999994e+02 2.500970000000000084e+02
2.289900049999999965e+02 2.736379999999999768e+02
1.761479950000000088e+02 2.448679960000000051e+02
1.542079929999999877e+02 2.292769930000000045e+02
1.719859920000000102e+02 2.502359920000000102e+02
1.958410030000000006e+02 2.590899959999999851e+02
2.027339939999999956e+02 2.486519930000000045e+02
2.234029999999999916e+02 2.814119870000000105e+02
1.465980069999999955e+02 2.573590090000000146e+02
1.685350039999999865e+02 2.514550020000000075e+02
2.166470030000000122e+02 2.393959959999999967e+02
1.446109920000000102e+02 2.758529970000000162e+02
1.967299959999999999e+02 2.634479979999999841e+02
1.543459929999999929e+02 2.964790039999999749e+02
1.567879939999999976e+02 2.495290070000000071e+02
1.445229950000000088e+02 2.760570069999999987e+02
1.856600039999999865e+02 2.774249879999999848e+02
1.842230069999999955e+02 2.688699950000000172e+02
1.528860019999999906e+02 2.936900019999999927e+02
1.602279969999999878e+02 2.842489929999999845e+02
1.794380040000000065e+02 2.615339969999999994e+02
1.977070009999999911e+02 2.695559999999999832e+02
1.506040040000000033e+02 2.629360050000000228e+02
1.672720030000000122e+02 2.523470000000000084e+02
1.533780059999999992e+02 2.514019930000000045e+02
2.082769930000000045e+02 2.725669859999999858e+02
2.281560059999999908e+02 2.797489929999999845e+02
1.671990049999999997e+02 2.551199949999999887e+02
1.848029940000000124e+02 2.751419980000000010e+02
2.233829959999999915e+02 2.333379970000000014e+02
1.715610049999999944e+02 2.800299989999999752e+02
2.222160030000000006e+02 2.627739869999999769e+02
2.034439999999999884e+02 2.442230069999999955e+02
1.954459990000000005e+02 2.592749939999999924e+02
1.996459959999999967e+02 2.210119929999999897e+02
2.111679990000000089e+02 2.791570130000000063e+02
1.675180049999999881e+02 2.783710019999999759e+02
2.057270049999999912e+02 2.715499879999999848e+02
1.552059940000000040e+02 2.528229980000000126e+02
1.886190029999999922e+02 2.753649899999999775e+02
2.237949979999999925e+02 2.597799989999999752e+02
1.514149930000000097e+02 2.548110049999999944e+02
1.992330019999999990e+02 2.598940119999999752e+02
1.752870029999999986e+02 2.498899989999999889e+02
1.589600069999999903e+02 2.847569889999999759e+02
1.973769990000000121e+02 2.559429930000000013e+02
1.999029999999999916e+02 2.828389890000000264e+02
1.768269960000000083e+02 2.715729979999999841e+02
1.933309940000000040e+02 2.837380069999999819e+02
2.206450040000000001e+02 2.629719850000000179e+02
1.632019960000000083e+02 2.615790099999999825e+02
2.048029940000000124e+02 3.011960139999999910e+02
1.668540040000000033e+02 2.582160030000000006e+02
1.710989989999999921e+02 2.738729860000000258e+02
1.842429960000000051e+02 2.692749939999999924e+02
1.764369959999999935e+02 2.511130070000000103e+02
1.554320069999999987e+02 2.657789920000000166e+02
2.309969940000000008e+02 2.751400150000000053e+02
1.495310059999999908e+02 2.697399899999999775e+02
1.422059940000000040e+02 2.543670040000000085e+02
1.474920040000000085e+02 2.772680050000000165e+02
1.454649960000000135e+02 2.790849910000000023e+02
2.235409999999999968e+02 2.580169980000000010e+02
2.261210020000000043e+02 2.598810119999999984e+02
2.311609950000000140e+02 2.551439970000000130e+02
1.876519930000000045e+02 2.479230039999999917e+02
1.641430049999999881e+02 2.533480069999999955e+02
1.845249939999999924e+02 2.652629999999999768e+02
1.809920040000000085e+02 2.630549930000000245e+02
1.533099980000000073e+02 2.626279910000000086e+02
1.456950070000000039e+02 2.522220000000000084e+02
1.602610019999999906e+02 2.244159999999999968e+02
1.854019930000000045e+02 2.785350040000000149e+02
1.665630040000000065e+02 2.581059880000000248e+02
1.537559970000000078e+02 2.665910030000000006e+02
1.571519930000000045e+02 2.214170070000000123e+02
1.697120060000000024e+02 2.655329899999999839e+02
2.151260069999999871e+02 2.301150049999999965e+02
2.075090030000000070e+02 2.781279910000000086e+02
1.954839939999999956e+02 2.687380069999999819e+02
2.267010040000000117e+02 2.430689999999999884e+02
1.733580019999999990e+02 2.812359920000000102e+02
2.102400049999999965e+02 2.518679960000000051e+02
2.229369959999999935e+02 2.558480069999999955e+02
1.842010040000000117e+02 2.719840090000000146e+02
1.586159969999999930e+02 2.178959959999999967e+02
1.790440059999999960e+02 2.634450069999999755e+02
2.281719970000000046e+02 2.594970089999999914e+02
2.300829929999999877e+02 2.570780030000000238e+02
1.798090060000000108e+02 2.529900049999999965e+02
1.574270019999999874e+02 2.689570009999999911e+02
1.679920040000000085e+02 2.693909909999999854e+02
2.047109989999999868e+02 3.002370000000000232e+02
2.178099980000000073e+02 2.716229860000000258e+02
1.692380070000000103e+02 2.533699949999999887e+02
1.957510069999999871e+02 2.583640139999999974e+02
2.171130070000000103e+02 2.469940029999999922e+02
1.561219940000000008e+02 2.907439880000000016e+02
1.766380000000000052e+02 2.642760010000000079e+02
2.117180020000000127e+02 2.464909969999999930e+02
1.428580019999999990e+02 2.590369870000000105e+02
1.932389980000000094e+02 2.769289860000000090e+02
1.850509950000000003e+02 2.716860050000000228e+02
1.720409999999999968e+02 2.861239929999999845e+02
2.257680049999999881e+02 2.795249939999999924e+02
1.838959959999999967e+02 2.749620059999999739e+02
1.791799929999999961e+02 2.796180110000000241e+02
1.786199949999999887e+02 2.112790070000000071e+02
1.950140079999999898e+02 2.607659909999999854e+02
2.238549959999999999e+02 2.820119930000000181e+02
2.064250030000000038e+02 2.534900049999999965e+02
1.597640079999999898e+02 2.880520020000000159e+02
1.628370060000000024e+02 2.697969969999999762e+02
1.478309940000000040e+02 2.850220029999999838e+02
1.836510010000000079e+02 2.805599980000000073e+02
1.517019960000000083e+02 2.868280030000000238e+02
1.946060029999999870e+02 2.605169980000000010e+02
2.121000060000000076e+02 2.586849980000000073e+02
1.524510040000000117e+02 2.676130069999999819e+02
2.293750000000000000e+02 2.632940060000000244e+02
2.316130070000000103e+02 2.738089899999999943e+02
2.134940029999999922e+02 2.753850100000000225e+02
1.484669949999999972e+02 2.519499969999999962e+02
1.742050020000000075e+02 2.561589969999999994e+02
2.155299990000000037e+02 2.509019930000000045e+02
1.528919980000000010e+02 2.719479979999999841e+02
2.084779969999999878e+02 2.803659969999999930e+02
2.173359989999999868e+02 3.153320009999999911e+02
1.557270049999999912e+02 2.620010070000000155e+02
1.896799929999999961e+02 2.469129939999999976e+02
2.061309970000000078e+02 2.647489929999999845e+02
2.014889980000000094e+02 2.761809999999999832e+02
1.842350010000000111e+02 2.793750000000000000e+02
1.806490019999999959e+02 2.345959929999999929e+02
1.476029969999999878e+02 2.801919859999999858e+02
2.211130070000000103e+02 2.727200010000000248e+02
1.957239989999999921e+02 2.830310059999999908e+02
2.174819950000000119e+02 2.463609920000000102e+02
2.316399989999999889e+02 2.729500120000000152e+02
1.518880000000000052e+02 2.626440119999999752e+02
2.130390010000000132e+02 2.631229860000000258e+02
2.282220000000000084e+02 2.738699950000000172e+02
2.060359950000000140e+02 2.757370000000000232e+02
1.648999939999999924e+02 2.550390010000000132e+02
1.546580050000000028e+02 2.787780149999999821e+02
1.947180020000000127e+02 2.836820069999999987e+02
2.173379970000000014e+02 2.232359920000000102e+02
1.887709959999999967e+02 2.643999939999999924e+02
1.941320039999999949e+02 2.789830019999999990e+02
1.898119959999999935e+02 2.551280059999999992e+02
2.153860019999999906e+02 2.588190000000000168e+02
2.002189940000000092e+02 2.807000120000000152e+02
2.107039949999999919e+02 2.495749969999999962e+02
1.691040040000000033e+02 2.746629940000000261e+02
1.881119999999999948e+02 2.643200069999999755e+02
2.297129970000000014e+02 2.705549930000000245e+02
2.298159939999999892e+02 2.616470029999999838e+02
1.762480009999999879e+02 2.568559880000000248e+02
1.910460050000000081e+02 2.766619870000000105e+02
1.948320009999999911e+02 2.467319950000000119e+02
2.014859920000000102e+02 2.640849910000000023e+02
2.271670070000000123e+02 2.773049930000000245e+02
2.008979950000000088e+02 2.803529970000000162e+02
2.191490019999999959e+02 2.462019960000000083e+02
1.674259950000000003e+02 2.805249939999999924e+02
2.209609989999999868e+02 2.698389890000000264e+02
1.998269960000000083e+02 2.620190119999999752e+02
2.336750030000000038e+02 2.747279970000000162e+02
2.266970059999999876e+02 2.634830019999999990e+02
1.592850039999999865e+02 2.830480039999999917e+02
2.035840000000000032e+02 2.491929930000000013e+02
1.526939999999999884e+02 2.625299989999999752e+02
1.469609989999999868e+02 2.933940119999999752e+02
2.335359950000000140e+02 2.485299990000000037e+02
1.440939940000000092e+02 2.651589969999999994e+02
2.055729980000000126e+02 2.821579899999999839e+02
1.717640079999999898e+02 2.747839969999999994e+02
2.274179990000000089e+02 2.723659969999999930e+02
1.504590000000000032e+02 2.375659939999999892e+02
1.652449949999999887e+02 2.701430050000000165e+02
1.935059970000000078e+02 2.593070069999999987e+02
1.892230069999999955e+02 2.543699949999999887e+02
1.522070009999999911e+02 2.518800050000000113e+02
2.029920040000000085e+02 2.633970029999999838e+02
2.137649989999999889e+02 2.594159849999999778e+02
1.571089939999999956e+02 2.806889949999999772e+02
1.965939940000000092e+02 2.623609920000000102e+02
1.567689970000000130e+02 2.917090150000000222e+02
2.128739930000000129e+02 2.601749879999999848e+02
2.178619999999999948e+02 2.980060119999999984e+02
1.883930049999999881e+02 2.468060000000000116e+02
1.609380040000000065e+02 2.593030089999999745e+02
1.884629970000000014e+02 2.492449949999999887e+02
1.952230069999999955e+02 2.593030089999999745e+02
1.772920070000000123e+02 2.780629880000000185e+02
1.579519960000000083e+02 2.920150150000000053e+02
1.892140049999999860e+02 2.655549930000000245e+02
1.977200009999999963e+02 2.599169919999999934e+02
2.331730039999999917e+02 2.564870000000000232e+02
1.534210050000000081e+02 2.711019900000000007e+02
1.654470059999999876e+02 2.657730099999999993e+02
1.998650049999999965e+02 2.501719970000000046e+02
1.952400049999999965e+02 2.814179990000000089e+02
1.805359950000000140e+02 2.836279910000000086e+02
1.987239989999999921e+02 2.606549989999999752e+02
1.720220030000000122e+02 2.557440029999999922e+02
1.700070039999999949e+02 2.654460139999999910e+02
2.089360049999999944e+02 2.637749939999999924e+02
1.443240049999999997e+02 2.742619930000000181e+02
1.461860049999999944e+02 2.690239869999999769e+02
2.170989989999999921e+02 2.659939880000000016e+02
1.963919980000000010e+02 2.780100100000000225e+02
1.819850010000000111e+02 2.601579899999999839e+02
2.072489930000000129e+02 2.824089969999999994e+02
1.594609989999999868e+02 2.728710019999999759e+02
1.612100069999999903e+02 2.682390139999999974e+02
1.397940059999999960e+02 2.317259980000000041e+02
1.715110019999999906e+02 2.819930110000000241e+02
2.308750000000000000e+02 2.470449979999999925e+02
2.127079929999999877e+02 2.662330019999999990e+02
1.647799990000000037e+02 2.726340030000000070e+02
1.885449979999999925e+02 2.580679930000000013e+02
1.866060029999999870e+02 2.688059999999999832e+02
1.751470030000000122e+02 2.670350040000000149e+02
2.163189999999999884e+02 2.891379999999999768e+02
1.682830050000000028e+02 2.579500120000000152e+02
1.751649930000000097e+02 2.729630129999999895e+02
2.164969940000000008e+02 2.447969970000000046e+02
2.215149989999999889e+02 2.499129939999999976e+02
2.167819979999999873e+02 2.563930050000000165e+02
1.855749969999999962e+02 2.740450129999999831e+02
1.892630000000000052e+02 2.723649899999999775e+02
