4.418559880000000248e+02 1.665119929999999897e+02
4.762200010000000248e+02 1.554199979999999925e+02
4.352659909999999854e+02 1.583489989999999921e+02
4.242940060000000244e+02 9.750900300000000698e+01
4.815339969999999994e+02 1.614219970000000046e+02
4.453120119999999815e+02 1.337729950000000088e+02
4.260979919999999765e+02 1.319629970000000014e+02
4.402579959999999915e+02 1.013830030000000022e+02
4.432219850000000179e+02 1.011279980000000052e+02
4.806929930000000013e+02 1.591549990000000037e+02
4.257539980000000241e+02 1.211330030000000022e+02
4.369270020000000159e+02 1.404839939999999956e+02
4.491239929999999845e+02 1.299889980000000094e+02
4.852940060000000244e+02 1.611519930000000045e+02
4.445719910000000255e+02 1.438699949999999887e+02
4.547120059999999739e+02 1.410619959999999935e+02
4.660899959999999851e+02 1.544779969999999878e+02
4.222980039999999917e+02 1.462559970000000078e+02
4.872999879999999848e+02 1.611990049999999997e+02
4.899230039999999917e+02 1.569069979999999873e+02
4.233179930000000013e+02 1.490149989999999889e+02
4.621969910000000255e+02 1.487530059999999992e+02
4.293599849999999947e+02 1.084850009999999969e+02
4.768519900000000007e+02 1.791410060000000044e+02
4.295000000000000000e+02 1.578320009999999911e+02
4.722890009999999847e+02 1.702579959999999915e+02
4.449880069999999819e+02 1.635180049999999881e+02
4.236940000000000168e+02 1.345599980000000073e+02
4.471029970000000162e+02 1.423359989999999868e+02
4.370159909999999854e+02 1.084850009999999969e+02
4.376379999999999768e+02 1.202460020000000043e+02
4.231279910000000086e+02 1.358350069999999903e+02
4.231730039999999917e+02 1.236039959999999951e+02
4.361600040000000149e+02 9.951000200000000007e+01
4.286430050000000165e+02 1.465509950000000003e+02
4.890780030000000238e+02 1.617630000000000052e+02
4.312090150000000222e+02 1.470429990000000089e+02
4.274670100000000161e+02 1.056289979999999957e+02
4.698900150000000053e+02 1.572899930000000097e+02
4.785549930000000245e+02 1.761549990000000037e+02
4.515409849999999778e+02 2.066159969999999930e+02
4.310270080000000235e+02 1.980610049999999944e+02
4.635440060000000244e+02 1.697729950000000088e+02
4.908359990000000153e+02 1.661860049999999944e+02
4.535159909999999854e+02 1.502420040000000085e+02
4.638219910000000255e+02 1.440950009999999963e+02
4.412539980000000241e+02 1.698189999999999884e+02
4.324859920000000102e+02 1.988769990000000121e+02
4.730440060000000244e+02 1.693000030000000038e+02
4.419580080000000066e+02 1.968070069999999987e+02
4.277869870000000105e+02 1.012969970000000046e+02
4.295750120000000152e+02 1.242419969999999978e+02
4.267090150000000222e+02 1.259240039999999965e+02
4.292479860000000258e+02 1.386419980000000010e+02
4.577380069999999819e+02 1.479490049999999997e+02
4.814960019999999759e+02 1.567090000000000032e+02
3.771629940000000261e+02 1.424310000000000116e+02
4.364700010000000248e+02 1.321269990000000121e+02
4.755369870000000105e+02 1.513840030000000070e+02
4.264150089999999977e+02 1.386089939999999956e+02
4.453299870000000169e+02 1.634439999999999884e+02
4.872030030000000238e+02 1.550540009999999995e+02
3.823879999999999768e+02 1.674299929999999961e+02
4.322950129999999831e+02 1.873679960000000051e+02
4.362489929999999845e+02 1.583439940000000092e+02
4.678280030000000238e+02 1.467920070000000123e+02
4.316589969999999994e+02 1.236600040000000007e+02
4.286650089999999977e+02 1.267949980000000068e+02
4.420010070000000155e+02 1.338910060000000044e+02
4.314190060000000244e+02 1.457550050000000113e+02
4.512239989999999921e+02 1.457749939999999924e+02
4.738099980000000073e+02 1.484960020000000043e+02
4.241300049999999828e+02 9.615000200000000063e+01
4.904299930000000245e+02 1.701470030000000122e+02
4.567439880000000016e+02 1.705619959999999935e+02
4.685710139999999910e+02 1.546609950000000140e+02
4.665880129999999895e+02 1.703589939999999956e+02
4.654960019999999759e+02 1.715220030000000122e+02
4.342260130000000231e+02 1.008970029999999980e+02
4.328290099999999825e+02 1.642879939999999976e+02
4.274559939999999756e+02 1.346799929999999961e+02
4.672780149999999821e+02 1.712839969999999994e+02
4.275610050000000228e+02 1.393999939999999924e+02
4.881539920000000166e+02 1.491510010000000079e+02
3.773620000000000232e+02 1.456309970000000078e+02
4.387969969999999762e+02 1.157289959999999951e+02
4.275350040000000149e+02 1.408419949999999972e+02
4.480180050000000165e+02 1.954120029999999986e+02
4.523450010000000248e+02 1.725989989999999921e+02
4.473649899999999775e+02 1.036679989999999947e+02
4.769609990000000153e+02 1.726699979999999925e+02
4.488500060000000076e+02 1.419010010000000079e+02
4.466059880000000248e+02 1.638690029999999922e+02
4.309230039999999917e+02 1.245920030000000054e+02
4.682730099999999993e+02 1.495229950000000088e+02
4.050289920000000166e+02 1.119810030000000012e+02
4.871090090000000146e+02 1.593119959999999935e+02
4.221809999999999832e+02 1.437940059999999960e+02
4.210750120000000152e+02 1.238929980000000057e+02
4.790310059999999908e+02 1.601569979999999873e+02
4.815960079999999834e+02 1.507469940000000008e+02
4.327210079999999834e+02 1.237419969999999978e+02
4.524460139999999910e+02 1.668139950000000056e+02
4.771530149999999821e+02 1.577010040000000117e+02
4.853510130000000231e+02 1.542400049999999965e+02
4.901669919999999934e+02 1.796620029999999986e+02
4.485979919999999765e+02 1.660099950000000035e+02
4.501679990000000089e+02 1.336580050000000028e+02
4.259309999999999832e+02 9.965399899999999889e+01
4.510570069999999987e+02 1.475240019999999959e+02
4.854049989999999752e+02 1.627239989999999921e+02
4.285010070000000155e+02 1.183919980000000010e+02
4.495669859999999858e+02 1.577850039999999865e+02
4.329200129999999831e+02 1.658049929999999961e+02
4.385939940000000092e+02 9.929599799999999732e+01
4.717239989999999921e+02 1.724470059999999876e+02
4.428970029999999838e+02 1.047630000000000052e+02
4.417269900000000007e+02 2.184199979999999925e+02
4.844259950000000003e+02 1.595919949999999972e+02
4.872929990000000089e+02 1.771909939999999892e+02
4.856480099999999993e+02 1.638780059999999992e+02
4.503080140000000142e+02 1.376479950000000088e+02
4.794479979999999841e+02 1.565469970000000046e+02
4.526520080000000235e+02 1.559689940000000092e+02
4.438989869999999769e+02 1.269059979999999968e+02
4.754649959999999851e+02 1.683099980000000073e+02
4.484030149999999821e+02 1.432070009999999911e+02
4.476489869999999769e+02 1.138919980000000010e+02
4.502569889999999759e+02 1.575720059999999876e+02
4.445700069999999755e+02 1.015739970000000056e+02
4.021130069999999819e+02 1.790319979999999873e+02
4.529079899999999839e+02 1.508950040000000001e+02
4.300530089999999745e+02 1.015709990000000005e+02
4.399389949999999772e+02 1.122239990000000063e+02
4.903330080000000066e+02 1.702160030000000006e+02
4.790539860000000090e+02 1.829830019999999990e+02
3.773859860000000026e+02 1.281459959999999967e+02
4.388429869999999937e+02 1.102259980000000041e+02
4.316910100000000057e+02 1.616829989999999952e+02
4.426029970000000162e+02 1.435149989999999889e+02
4.817359920000000102e+02 1.582570039999999949e+02
4.231130069999999819e+02 1.336750030000000038e+02
4.328779910000000086e+02 2.137100069999999903e+02
4.263110050000000228e+02 1.789210050000000081e+02
4.704809880000000248e+02 1.453459929999999929e+02
4.219230039999999917e+02 1.111490019999999959e+02
4.436239929999999845e+02 2.201589969999999994e+02
4.774710079999999834e+02 1.517799990000000037e+02
4.622780149999999821e+02 1.482790070000000071e+02
4.451679990000000089e+02 1.210360029999999938e+02
4.456719969999999762e+02 1.585070039999999949e+02
3.745920100000000161e+02 1.633630070000000103e+02
4.333800049999999828e+02 1.359750060000000076e+02
4.405409849999999778e+02 1.474429930000000013e+02
4.393479919999999765e+02 1.001070019999999943e+02
4.827569889999999759e+02 1.808240049999999997e+02
4.191329959999999915e+02 1.271989970000000056e+02
4.314819949999999835e+02 2.098000030000000038e+02
4.226940000000000168e+02 2.173569950000000119e+02
4.500069889999999759e+02 2.040319979999999873e+02
4.233110050000000228e+02 2.012980039999999917e+02
3.762569889999999759e+02 1.703329929999999877e+02
4.355220029999999838e+02 1.335000000000000000e+02
4.698810119999999984e+02 1.583399960000000135e+02
4.829060059999999908e+02 1.673410030000000006e+02
4.311510010000000079e+02 1.307830050000000028e+02
4.546069949999999835e+02 1.654909969999999930e+02
4.690350040000000149e+02 1.558079989999999952e+02
4.262420040000000085e+02 1.925269930000000045e+02
4.387529910000000086e+02 1.104499969999999962e+02
4.602409969999999930e+02 2.063780059999999992e+02
4.257579959999999915e+02 1.443670040000000085e+02
4.291910100000000057e+02 1.124069980000000015e+02
3.778340150000000222e+02 1.461190029999999922e+02
4.327919919999999934e+02 1.437989959999999883e+02
4.351040039999999749e+02 1.505639950000000056e+02
4.329349980000000073e+02 1.807059940000000040e+02
4.500169980000000010e+02 1.629819950000000119e+02
4.584549870000000169e+02 1.717230069999999955e+02
4.683869930000000181e+02 1.744490049999999997e+02
4.302929990000000089e+02 1.522420040000000085e+02
4.707420040000000085e+02 1.510279999999999916e+02
4.222669980000000010e+02 1.018990019999999959e+02
4.304419859999999858e+02 1.578739930000000129e+02
4.451470029999999838e+02 1.374129939999999976e+02
4.604049989999999752e+02 1.650110019999999906e+02
4.922869870000000105e+02 1.697779999999999916e+02
4.206629940000000261e+02 1.217249979999999994e+02
4.354219969999999762e+02 1.279150010000000037e+02
4.781210019999999759e+02 1.701519930000000045e+02
4.640780030000000238e+02 1.615859989999999868e+02
4.356830140000000142e+02 1.240780029999999954e+02
4.393340150000000222e+02 1.339109950000000140e+02
4.288550109999999904e+02 1.089919969999999978e+02
4.753919980000000010e+02 1.617039949999999919e+02
4.405129999999999768e+02 1.590720059999999876e+02
4.338890079999999898e+02 1.008980030000000028e+02
4.410559999999999832e+02 1.317920070000000123e+02
4.497500000000000000e+02 1.321609950000000140e+02
4.770050049999999828e+02 1.791199949999999887e+02
4.218049930000000245e+02 9.413300300000000220e+01
4.401300049999999828e+02 1.428470000000000084e+02
3.852219850000000179e+02 1.933659969999999930e+02
4.914989929999999845e+02 1.550560000000000116e+02
3.763179930000000013e+02 1.779129939999999976e+02
4.362170100000000161e+02 1.455010069999999871e+02
4.882890009999999847e+02 1.539170070000000123e+02
4.920199890000000096e+02 1.733229980000000126e+02
4.472420040000000085e+02 1.452259980000000041e+02
4.727489929999999845e+02 1.484299929999999961e+02
4.494200129999999831e+02 1.333430020000000127e+02
3.764989929999999845e+02 1.564420010000000048e+02
4.420820009999999911e+02 1.648699949999999887e+02
4.450369870000000105e+02 2.178139950000000056e+02
4.367869870000000105e+02 1.325240019999999959e+02
3.772349849999999947e+02 1.563309940000000040e+02
4.545199890000000096e+02 1.451190029999999922e+02
4.500679930000000013e+02 1.440729980000000126e+02
4.311279910000000086e+02 1.981360019999999906e+02
4.606839899999999943e+02 1.685489959999999883e+02
4.712789920000000166e+02 1.568999939999999924e+02
4.337090150000000222e+02 1.432619929999999897e+02
4.574389949999999772e+02 1.410480039999999917e+02
4.888389890000000264e+02 1.671170040000000085e+02
4.689849849999999947e+02 1.598860019999999906e+02
4.410830080000000066e+02 1.651139980000000094e+02
3.942260130000000231e+02 1.973110049999999944e+02
4.482890009999999847e+02 1.681770019999999874e+02
4.372269900000000007e+02 1.331210020000000043e+02
4.353670040000000085e+02 1.426620029999999986e+02
4.313240049999999997e+02 2.137740019999999959e+02
4.884049989999999752e+02 1.614669949999999972e+02
4.404079899999999839e+02 1.465420070000000123e+02
4.864030149999999821e+02 1.524270019999999874e+02
4.626990049999999997e+02 1.761730039999999917e+02
4.290079959999999915e+02 1.476430049999999881e+02
3.778689880000000016e+02 1.391300050000000113e+02
4.373559880000000248e+02 1.300220030000000122e+02
4.859079899999999839e+02 1.683009950000000003e+02
4.564179990000000089e+02 1.263580019999999990e+02
4.231520080000000235e+02 1.208140029999999996e+02
3.769769900000000007e+02 1.805989989999999921e+02
4.484670100000000161e+02 1.273310010000000005e+02
4.760440060000000244e+02 1.614490049999999997e+02
4.470969850000000179e+02 1.612630000000000052e+02
4.556900019999999927e+02 1.399299929999999961e+02
3.941900019999999927e+02 1.573970030000000122e+02
4.369609990000000153e+02 1.228610000000000042e+02
4.151189880000000016e+02 1.055400010000000037e+02
3.767080080000000066e+02 1.801730039999999917e+02
4.633359990000000153e+02 1.717619929999999897e+02
4.611300049999999828e+02 1.642760010000000079e+02
4.783450010000000248e+02 1.593679960000000051e+02
4.809519960000000083e+02 1.721040040000000033e+02
4.216019900000000007e+02 1.177170030000000054e+02
4.708670040000000085e+02 1.739259950000000003e+02
3.767500000000000000e+02 1.662259980000000041e+02
4.402130129999999895e+02 1.193340000000000032e+02
4.370000000000000000e+02 1.125940020000000032e+02
4.294760130000000231e+02 1.476549990000000037e+02
4.869660030000000006e+02 1.586900019999999927e+02
4.694190060000000244e+02 1.444550020000000075e+02
4.236579899999999839e+02 1.247590030000000070e+02
4.390599980000000073e+02 1.078249969999999962e+02
4.743550109999999904e+02 1.576820069999999987e+02
4.313389890000000264e+02 1.494049990000000037e+02
4.445929869999999937e+02 1.021859970000000004e+02
4.343529970000000162e+02 1.525829929999999877e+02
4.227040099999999825e+02 1.586040040000000033e+02
4.408710019999999759e+02 1.412039949999999919e+02
4.767210079999999834e+02 1.706380000000000052e+02
4.672370000000000232e+02 1.630149989999999889e+02
4.207370000000000232e+02 1.348439940000000092e+02
4.356470029999999838e+02 1.199509960000000035e+02
4.208970029999999838e+02 1.276569980000000015e+02
4.278450010000000248e+02 1.393809970000000078e+02
4.905499879999999848e+02 1.752059940000000040e+02
4.287780149999999821e+02 1.314609989999999868e+02
4.750629880000000185e+02 1.620509950000000003e+02
4.623689880000000016e+02 1.726909939999999892e+02
3.823070069999999987e+02 1.707109989999999868e+02
4.201570130000000063e+02 1.191029970000000020e+02
3.763399959999999851e+02 1.690330050000000028e+02
4.893869930000000181e+02 1.703399960000000135e+02
4.743850100000000225e+02 1.662109989999999868e+02
4.563030089999999745e+02 1.450769960000000083e+02
4.791440119999999752e+02 1.669459990000000005e+02
4.239760130000000231e+02 1.445379939999999976e+02
4.530580140000000142e+02 1.501479950000000088e+02
4.288210139999999910e+02 1.081989970000000056e+02
4.391189880000000016e+02 1.196930009999999953e+02
4.432349849999999947e+02 1.438679960000000051e+02
3.768290099999999825e+02 1.351360019999999906e+02
3.720129999999999768e+02 1.380619959999999935e+02
4.341730039999999917e+02 1.513869929999999897e+02
4.442820130000000063e+02 1.630709990000000005e+02
4.467439880000000016e+02 1.691340030000000070e+02
4.592890009999999847e+02 1.399739989999999921e+02
4.323169859999999858e+02 1.606620029999999986e+02
4.533609920000000102e+02 1.626759950000000003e+02
4.567290039999999749e+02 1.740829929999999877e+02
4.458179930000000013e+02 1.306190029999999922e+02
4.587839969999999994e+02 1.487899930000000097e+02
4.421260070000000155e+02 2.077669980000000010e+02
4.468710019999999759e+02 1.477590030000000070e+02
4.516459960000000251e+02 1.485359950000000140e+02
4.337279970000000162e+02 1.405429990000000089e+02
4.792179869999999937e+02 1.533359989999999868e+02
4.349410100000000057e+02 1.132880020000000059e+02
4.261029970000000162e+02 1.708910060000000044e+02
4.833169859999999858e+02 1.649600069999999903e+02
4.647860109999999736e+02 1.451419980000000010e+02
4.355499879999999848e+02 1.453950040000000001e+02
4.427390139999999974e+02 1.536990049999999997e+02
4.747420040000000085e+02 1.615180049999999881e+02
