3.057470089999999914e+02 9.435099800000000414e+01
2.518890079999999898e+02 6.938400300000000698e+01
2.692709960000000251e+02 1.633419949999999972e+02
3.033399959999999851e+02 7.988500200000000007e+01
2.897770080000000235e+02 8.509200300000000539e+01
2.376939999999999884e+02 1.084140009999999990e+02
3.303179930000000013e+02 9.349199699999999780e+01
3.682239989999999921e+02 8.312500000000000000e+01
2.473419949999999972e+02 1.626609950000000140e+02
3.248840030000000070e+02 1.708189999999999884e+02
3.228779910000000086e+02 1.811770019999999874e+02
2.533630070000000103e+02 9.376200099999999793e+01
2.422420040000000085e+02 7.083999599999999930e+01
3.431470029999999838e+02 9.447899599999999509e+01
2.570650019999999927e+02 1.039179989999999947e+02
3.054580080000000066e+02 3.855099899999999735e+01
3.183139949999999772e+02 9.187200199999999484e+01
3.551130069999999819e+02 1.021699980000000068e+02
2.887969969999999762e+02 1.613829959999999915e+02
3.108599849999999947e+02 7.663999900000000309e+01
2.403699949999999887e+02 8.762100200000000427e+01
2.339649960000000135e+02 1.727819979999999873e+02
3.245419919999999934e+02 7.525499700000000303e+01
2.904970089999999914e+02 9.979299899999999468e+01
2.590060119999999984e+02 1.086859970000000004e+02
2.493540040000000033e+02 1.831139980000000094e+02
2.583540039999999749e+02 1.601060029999999870e+02
2.488200070000000039e+02 1.448899989999999889e+02
2.911560059999999908e+02 1.040520020000000017e+02
3.431010130000000231e+02 1.280840000000000032e+02
2.723689880000000016e+02 3.091000000000000014e+01
2.713269960000000083e+02 1.207990039999999965e+02
3.064800109999999904e+02 1.403950040000000001e+02
2.476349950000000035e+02 1.098850020000000001e+02
2.380959929999999929e+02 8.225599699999999359e+01
3.281560059999999908e+02 1.039309999999999974e+02
2.737869870000000105e+02 1.711629939999999976e+02
2.553179930000000013e+02 5.833100100000000054e+01
2.811430050000000165e+02 1.696150049999999965e+02
3.038429869999999937e+02 1.393869929999999897e+02
2.791199950000000172e+02 1.633320009999999911e+02
2.504429930000000013e+02 1.474940029999999922e+02
3.238879999999999768e+02 8.983299999999999841e+01
3.017229919999999765e+02 1.051780009999999947e+02
2.513589939999999956e+02 7.120700100000000532e+01
2.616969910000000255e+02 1.017200009999999963e+02
3.058160100000000057e+02 7.642800099999999475e+01
3.260889890000000264e+02 7.659400200000000325e+01
3.282919919999999934e+02 1.015749969999999962e+02
3.151279910000000086e+02 1.650420070000000123e+02
2.697170100000000161e+02 1.602579959999999915e+02
2.922189940000000092e+02 1.068430019999999985e+02
2.726099849999999947e+02 8.369400000000000261e+01
2.641440119999999752e+02 1.053750000000000000e+02
3.298970029999999838e+02 1.719329989999999952e+02
2.643020020000000159e+02 6.918399800000000255e+01
3.185159909999999854e+02 7.683699799999999414e+01
3.270090030000000070e+02 6.038600199999999774e+01
3.010650019999999927e+02 7.201399999999999579e+01
2.715329899999999839e+02 5.335599899999999707e+01
3.599700010000000248e+02 1.401510010000000079e+02
2.688089899999999943e+02 1.577420040000000085e+02
3.307900089999999977e+02 1.012860029999999938e+02
3.010419919999999934e+02 1.437090000000000032e+02
3.114200129999999831e+02 1.449989930000000129e+02
2.936979979999999841e+02 1.744429930000000013e+02
2.446329959999999915e+02 1.646150049999999965e+02
2.973819889999999759e+02 8.572899599999999509e+01
2.702269900000000007e+02 7.295500199999999325e+01
3.020440060000000244e+02 1.024309999999999974e+02
3.134960019999999759e+02 5.055799900000000235e+01
2.357180020000000127e+02 1.684270019999999874e+02
2.842330019999999990e+02 1.677290040000000033e+02
3.314790039999999749e+02 1.584730069999999955e+02
2.736839899999999943e+02 1.646490019999999959e+02
2.870260010000000079e+02 1.447920070000000123e+02
2.851140139999999974e+02 1.771190029999999922e+02
3.205159909999999854e+02 8.799299600000000510e+01
2.680289920000000166e+02 9.976300000000000523e+01
2.368809970000000078e+02 1.784980009999999879e+02
2.820549930000000245e+02 7.164199800000000096e+01
2.861329959999999915e+02 1.820399930000000097e+02
2.891860050000000228e+02 8.051100200000000484e+01
2.931199950000000172e+02 1.399940029999999922e+02
2.725369870000000105e+02 1.295370029999999986e+02
2.975069889999999759e+02 1.422590030000000070e+02
2.405789949999999919e+02 2.096450040000000001e+02
2.799519960000000083e+02 1.019110029999999938e+02
2.503549959999999999e+02 1.759790040000000033e+02
2.826770020000000159e+02 1.730050050000000113e+02
3.145679930000000013e+02 1.052050019999999932e+02
2.769670100000000161e+02 7.898899799999999516e+01
2.982919919999999934e+02 7.251799800000000573e+01
2.824660030000000006e+02 7.218199900000000468e+01
3.062390139999999974e+02 7.822199999999999420e+01
3.145310059999999908e+02 7.015300000000000580e+01
2.472640079999999898e+02 1.807680049999999881e+02
3.164830019999999990e+02 1.743240049999999997e+02
2.804739989999999921e+02 1.526600039999999865e+02
2.673179930000000013e+02 1.003430019999999985e+02
3.089140009999999847e+02 1.764550020000000075e+02
2.785889890000000264e+02 6.314600000000000080e+01
2.627650150000000053e+02 1.462209929999999929e+02
2.848089899999999943e+02 7.680000300000000379e+01
2.563030089999999745e+02 1.486600039999999865e+02
2.830280149999999821e+02 1.440529940000000124e+02
2.539100039999999865e+02 7.743800400000000650e+01
3.307500000000000000e+02 9.846499599999999930e+01
2.837070009999999911e+02 1.836860049999999944e+02
3.191419980000000010e+02 9.230699900000000468e+01
2.648630069999999819e+02 9.804099999999999682e+01
3.120559999999999832e+02 7.065200000000000102e+01
3.243710019999999759e+02 1.569060059999999908e+02
3.316480099999999993e+02 1.004690020000000032e+02
3.196400150000000053e+02 7.697000099999999634e+01
2.846960139999999910e+02 8.887500000000000000e+01
2.738179930000000013e+02 1.666029969999999878e+02
3.271979979999999841e+02 8.418199900000000468e+01
2.601210019999999759e+02 1.766999969999999962e+02
3.147200010000000248e+02 1.044000020000000006e+02
3.235820009999999911e+02 1.746300050000000113e+02
3.215700069999999755e+02 8.487699899999999786e+01
2.542359920000000102e+02 8.409699999999999420e+01
2.564490049999999997e+02 1.561810000000000116e+02
3.115180050000000165e+02 7.289099899999999366e+01
3.258500060000000076e+02 1.568699949999999887e+02
3.227170100000000161e+02 1.782339939999999956e+02
2.519720000000000084e+02 1.700859989999999868e+02
2.655360109999999736e+02 1.581300050000000113e+02
2.785239869999999769e+02 1.659909969999999930e+02
2.998059999999999832e+02 1.016429980000000057e+02
3.138890079999999898e+02 1.656329959999999915e+02
2.552400049999999965e+02 7.941000400000000070e+01
2.850050049999999828e+02 9.340799699999999461e+01
2.647869870000000105e+02 1.482909999999999968e+02
2.991730039999999917e+02 8.919599900000000048e+01
3.771629940000000261e+02 1.424310000000000116e+02
3.035849910000000023e+02 1.806289979999999957e+02
3.693540039999999749e+02 7.185800199999999904e+01
2.480379939999999976e+02 1.787579959999999915e+02
2.376909939999999892e+02 2.029129939999999976e+02
3.376250000000000000e+02 7.840200000000000102e+01
3.056359860000000026e+02 9.376599899999999366e+01
2.396999969999999962e+02 1.649759980000000041e+02
3.120490110000000072e+02 1.229789959999999951e+02
3.823879999999999768e+02 1.674299929999999961e+02
3.246889949999999772e+02 9.812599899999999309e+01
3.077170100000000161e+02 1.805780029999999954e+02
3.371589969999999994e+02 6.688999900000000309e+01
2.465549929999999961e+02 1.096070019999999943e+02
3.198190000000000168e+02 9.338099699999999359e+01
2.689360050000000228e+02 1.130370029999999986e+02
2.600799870000000169e+02 8.464900199999999586e+01
2.726700129999999831e+02 4.907899900000000315e+01
2.723059999999999832e+02 1.628549959999999999e+02
3.041189880000000016e+02 1.415639950000000056e+02
2.536280059999999992e+02 1.768269960000000083e+02
2.760880129999999895e+02 9.062899799999999573e+01
2.941319889999999759e+02 1.737870029999999986e+02
2.804630129999999895e+02 1.531580050000000028e+02
3.000589899999999943e+02 1.327359920000000102e+02
3.080249939999999924e+02 1.647350010000000111e+02
2.905230099999999993e+02 1.574100039999999865e+02
3.307879940000000261e+02 1.800820009999999911e+02
2.771889949999999772e+02 1.626100010000000111e+02
3.308210139999999910e+02 1.742779999999999916e+02
3.290339969999999994e+02 8.644599900000000048e+01
2.763890079999999898e+02 1.637189940000000092e+02
2.825769960000000083e+02 1.119339980000000025e+02
2.808280030000000238e+02 1.121780009999999947e+02
2.598550109999999904e+02 1.061530000000000058e+02
2.591199950000000172e+02 8.822899599999999509e+01
3.311570130000000063e+02 1.776289979999999957e+02
2.483009950000000003e+02 1.678359989999999868e+02
2.729920040000000085e+02 1.883480069999999955e+02
2.583359990000000153e+02 1.536340030000000070e+02
2.742609860000000026e+02 8.663200399999999490e+01
2.892940060000000244e+02 1.521950070000000039e+02
3.164790039999999749e+02 1.806959990000000005e+02
2.554550020000000075e+02 1.725509950000000003e+02
3.122869870000000105e+02 1.119950029999999970e+02
2.353399960000000135e+02 2.637199999999999989e+01
2.718210139999999910e+02 1.856210020000000043e+02
3.725329899999999839e+02 8.391000400000000070e+01
3.176210019999999759e+02 1.084130020000000059e+02
3.199890139999999974e+02 8.298200199999999427e+01
2.635780030000000238e+02 1.101539989999999989e+02
2.799500120000000152e+02 9.409500099999999634e+01
3.771910100000000057e+02 1.098239970000000056e+02
2.378200070000000039e+02 1.680249939999999924e+02
2.678680110000000241e+02 1.490330050000000028e+02
3.259270020000000159e+02 1.005490039999999965e+02
2.771870119999999815e+02 5.012300100000000214e+01
3.156099849999999947e+02 1.001060030000000012e+02
3.769060059999999908e+02 1.079850009999999969e+02
3.217049870000000169e+02 1.079469990000000053e+02
3.002550049999999828e+02 6.995099600000000351e+01
3.655450129999999831e+02 2.650300000000000011e+01
2.460429990000000089e+02 1.408060000000000116e+02
2.453150019999999927e+02 7.051799800000000573e+01
2.741549989999999752e+02 1.511210020000000043e+02
3.773620000000000232e+02 1.456309970000000078e+02
3.247760010000000079e+02 4.739799899999999866e+01
3.246440119999999752e+02 7.939399699999999882e+01
2.431049959999999999e+02 7.776699800000000096e+01
3.178200069999999755e+02 8.037300100000000214e+01
2.431300050000000113e+02 1.106159969999999930e+02
2.800719910000000255e+02 1.916779940000000124e+02
2.407330019999999990e+02 1.516199949999999887e+02
2.961239929999999845e+02 8.007399700000000564e+01
2.834880069999999819e+02 1.002490010000000069e+02
3.228129880000000185e+02 1.790220030000000122e+02
3.092900089999999977e+02 6.868699599999999350e+01
2.470679930000000013e+02 7.708200100000000532e+01
2.856109920000000102e+02 1.161959990000000005e+02
3.218949890000000096e+02 8.694100199999999745e+01
2.348430020000000127e+02 1.704069979999999873e+02
2.773840030000000070e+02 1.862230069999999955e+02
3.130459900000000175e+02 1.578450009999999963e+02
2.378719940000000008e+02 1.014869999999999948e+02
3.262009889999999928e+02 9.958200100000000532e+01
2.358619999999999948e+02 1.068190000000000026e+02
2.346759950000000003e+02 8.680000300000000379e+01
3.295339969999999994e+02 1.766170040000000085e+02
3.145639949999999772e+02 1.657230069999999955e+02
3.020039980000000241e+02 1.734700009999999963e+02
3.125589899999999943e+02 1.444340060000000108e+02
2.567890009999999847e+02 1.511759950000000003e+02
2.602739869999999769e+02 1.465059970000000078e+02
2.728410030000000006e+02 1.016119999999999948e+02
2.787260130000000231e+02 1.541260069999999871e+02
2.539989930000000129e+02 1.504519960000000083e+02
2.674890139999999974e+02 1.296920010000000048e+02
2.355310059999999908e+02 1.722550050000000113e+02
2.747479860000000258e+02 1.656069950000000119e+02
3.009249879999999848e+02 9.769000200000000689e+01
3.273890079999999898e+02 7.124900100000000691e+01
3.182650150000000053e+02 1.594799959999999999e+02
2.417689970000000130e+02 1.068669969999999978e+02
2.713550109999999904e+02 1.610480039999999917e+02
2.459539949999999919e+02 1.627500000000000000e+02
3.009830019999999990e+02 1.820709990000000005e+02
2.427149960000000135e+02 1.567680049999999881e+02
3.240119930000000181e+02 1.665670010000000048e+02
2.443280029999999954e+02 1.745209959999999967e+02
2.982950129999999831e+02 1.060940020000000032e+02
2.526139980000000094e+02 1.572839969999999994e+02
3.268890079999999898e+02 1.815679930000000013e+02
2.888299870000000169e+02 1.414940029999999922e+02
3.021929930000000013e+02 1.632230069999999955e+02
2.464880070000000103e+02 1.534730069999999955e+02
3.218500060000000076e+02 1.829400019999999927e+02
3.172030030000000238e+02 1.069820019999999943e+02
3.166480099999999993e+02 1.017880020000000059e+02
2.901889949999999772e+02 7.555200200000000166e+01
2.912309880000000248e+02 9.114600400000000491e+01
3.109450069999999755e+02 9.543599700000000041e+01
2.637929990000000089e+02 1.094670030000000054e+02
2.728229979999999841e+02 1.102959979999999973e+02
2.752500000000000000e+02 7.113899999999999579e+01
3.731369930000000181e+02 1.219300000000000068e+02
2.985939940000000092e+02 1.747640079999999898e+02
2.619779970000000162e+02 9.785199699999999723e+01
3.243909909999999854e+02 1.082269969999999972e+02
3.444819949999999835e+02 1.061350020000000001e+02
2.842950129999999831e+02 1.791549990000000037e+02
2.889800109999999904e+02 7.333499899999999627e+01
3.279620059999999739e+02 1.811260069999999871e+02
2.963720089999999914e+02 1.668899989999999889e+02
2.359040070000000071e+02 1.671450040000000001e+02
2.361869959999999935e+02 7.367099799999999732e+01
2.848590090000000146e+02 8.742400399999999649e+01
2.491679990000000089e+02 9.396299700000000144e+01
2.499040070000000071e+02 1.071539989999999989e+02
2.627850040000000149e+02 1.493730009999999879e+02
2.999060059999999908e+02 9.100599699999999359e+01
2.447599950000000035e+02 2.060980069999999955e+02
2.357769930000000045e+02 1.028750000000000000e+02
2.410749969999999962e+02 1.466679990000000089e+02
2.650859990000000153e+02 1.712400049999999965e+02
2.916549989999999752e+02 1.080770030000000048e+02
2.542290040000000033e+02 8.188200399999999490e+01
3.040809939999999756e+02 1.469199979999999925e+02
3.736189880000000016e+02 5.966099899999999678e+01
2.652359920000000102e+02 1.512879939999999976e+02
3.644939880000000016e+02 5.726299999999999812e+01
2.935190119999999752e+02 7.066300200000000586e+01
3.215729979999999841e+02 1.036259989999999931e+02
3.616690060000000244e+02 1.104219970000000046e+02
3.204079899999999839e+02 7.172299999999999898e+01
2.378690029999999922e+02 1.546609950000000140e+02
2.451649930000000097e+02 9.837699899999999786e+01
2.815400089999999977e+02 1.489270019999999874e+02
2.461049959999999999e+02 1.551230009999999879e+02
2.510279999999999916e+02 1.802440029999999922e+02
2.932650150000000053e+02 1.520850069999999903e+02
3.232090150000000222e+02 1.114769969999999972e+02
3.077219850000000179e+02 8.383899700000000621e+01
2.990050049999999828e+02 3.897999999999999687e+01
2.941719969999999762e+02 1.476029969999999878e+02
2.530689999999999884e+02 7.122499799999999937e+01
3.219679869999999937e+02 1.663070069999999987e+02
3.123869930000000181e+02 5.430499999999999972e+01
2.409190059999999960e+02 7.959200300000000539e+01
3.225029910000000086e+02 1.373760069999999871e+02
3.130469969999999762e+02 7.204099999999999682e+01
3.773859860000000026e+02 1.281459959999999967e+02
3.072539980000000241e+02 1.722839969999999994e+02
3.068609920000000102e+02 1.740749969999999962e+02
3.066310119999999984e+02 1.497039949999999919e+02
2.682709960000000251e+02 1.449709929999999929e+02
3.089590150000000222e+02 1.707019960000000083e+02
3.278599849999999947e+02 1.743340000000000032e+02
2.395520019999999874e+02 6.919200100000000475e+01
3.059429930000000013e+02 1.680599980000000073e+02
2.922539980000000241e+02 8.298100300000000118e+01
2.381390079999999898e+02 1.440959929999999929e+02
3.228080140000000142e+02 1.677310029999999870e+02
2.796709900000000175e+02 1.676419980000000010e+02
3.002130129999999895e+02 1.648489989999999921e+02
3.312319949999999835e+02 7.746800199999999847e+01
2.719419859999999858e+02 9.798400100000000634e+01
2.602319949999999835e+02 7.674400300000000641e+01
2.407169949999999972e+02 1.787550050000000113e+02
2.408009950000000003e+02 1.811779940000000124e+02
3.270700069999999755e+02 1.457500000000000000e+02
3.033800049999999828e+02 8.466799899999999468e+01
3.167619930000000181e+02 1.425549929999999961e+02
2.725989989999999921e+02 2.061860049999999944e+02
3.106610109999999736e+02 9.418499799999999311e+01
3.315840150000000222e+02 1.043659969999999930e+02
3.111239929999999845e+02 8.926399999999999579e+01
3.198779910000000086e+02 3.823199799999999726e+01
2.609370119999999815e+02 9.950599699999999359e+01
2.522140049999999860e+02 9.057299799999999834e+01
2.485359950000000140e+02 1.053769989999999979e+02
2.869089969999999994e+02 1.549859920000000102e+02
2.382319950000000119e+02 1.557109989999999868e+02
2.709179990000000089e+02 8.885500299999999640e+01
2.849599910000000023e+02 8.652800000000000580e+01
2.717890009999999847e+02 1.160490039999999965e+02
2.395939940000000092e+02 1.739880070000000103e+02
2.841640009999999847e+02 1.736109920000000102e+02
3.745920100000000161e+02 1.633630070000000103e+02
2.804809880000000248e+02 9.490499900000000366e+01
3.306289980000000241e+02 1.732200009999999963e+02
3.052839969999999994e+02 9.207299799999999834e+01
3.226780089999999745e+02 7.738300300000000220e+01
2.765480039999999917e+02 1.136039959999999951e+02
2.785849910000000023e+02 7.155899800000000255e+01
2.583389890000000264e+02 1.402619929999999897e+02
2.547909999999999968e+02 1.686109920000000102e+02
3.484150089999999977e+02 1.041309969999999936e+02
2.541629939999999976e+02 1.458569950000000119e+02
2.599960019999999759e+02 1.572709959999999967e+02
2.995010070000000155e+02 1.731790009999999995e+02
2.604570009999999911e+02 1.420279999999999916e+02
2.468359989999999868e+02 1.760440059999999960e+02
2.513609920000000102e+02 1.722369999999999948e+02
3.762569889999999759e+02 1.703329929999999877e+02
2.389649960000000135e+02 9.824600200000000427e+01
2.594240110000000072e+02 1.414810029999999870e+02
2.496349950000000035e+02 1.473580019999999990e+02
3.047749939999999924e+02 1.464620060000000024e+02
3.278309939999999756e+02 1.304669949999999972e+02
2.444660030000000006e+02 1.762879939999999976e+02
3.676990049999999997e+02 1.427160030000000006e+02
3.549389949999999772e+02 1.313780059999999992e+02
3.317539980000000241e+02 1.788679960000000051e+02
2.343990019999999959e+02 1.733999939999999924e+02
3.016470029999999838e+02 9.185199699999999723e+01
3.653559880000000248e+02 1.414250030000000038e+02
2.603779910000000086e+02 9.825099899999999309e+01
2.678959960000000251e+02 1.268180009999999953e+02
3.151109920000000102e+02 7.561100000000000421e+01
2.433049929999999961e+02 1.579640049999999860e+02
2.495840000000000032e+02 1.401670070000000123e+02
2.526510010000000079e+02 1.811269990000000121e+02
2.367400049999999965e+02 9.929099999999999682e+01
3.092850040000000149e+02 1.722720030000000122e+02
2.777309880000000248e+02 5.383499900000000338e+01
3.012090150000000222e+02 8.808699799999999414e+01
3.077090150000000222e+02 7.482099900000000048e+01
2.452980039999999917e+02 9.373300199999999904e+01
2.935880129999999895e+02 1.129619979999999941e+02
2.777810059999999908e+02 7.211299900000000207e+01
3.778340150000000222e+02 1.461190029999999922e+02
3.055580140000000142e+02 1.491399989999999889e+02
3.013489989999999921e+02 1.556799929999999961e+02
2.871369930000000181e+02 1.685760040000000117e+02
3.179450069999999755e+02 8.276200099999999793e+01
2.558159939999999892e+02 1.703390049999999860e+02
3.136189880000000016e+02 1.035400010000000037e+02
3.195079959999999915e+02 1.669759980000000041e+02
2.672940060000000244e+02 1.084189989999999995e+02
3.191929930000000013e+02 7.049099699999999302e+01
3.070620119999999815e+02 8.272100100000000111e+01
2.485480039999999917e+02 7.594300099999999532e+01
2.919020080000000235e+02 7.805599999999999739e+01
2.475959929999999929e+02 1.527929990000000089e+02
2.692260130000000231e+02 9.485700199999999427e+01
3.005419919999999934e+02 7.815100099999999372e+01
2.763099980000000073e+02 1.476179960000000051e+02
3.177059939999999756e+02 9.896099900000000105e+01
3.773999939999999924e+02 9.111399799999999516e+01
2.563219910000000255e+02 1.765619959999999935e+02
2.730499879999999848e+02 9.842299699999999518e+01
3.222799989999999752e+02 1.277969970000000046e+02
2.448650049999999965e+02 1.448379970000000014e+02
2.790469969999999762e+02 8.555300099999999475e+01
2.820159909999999854e+02 7.336199999999999477e+01
3.418169859999999858e+02 6.224000199999999694e+01
3.183229979999999841e+02 1.826430049999999881e+02
2.787919919999999934e+02 1.695140079999999898e+02
3.267080080000000066e+02 7.646499599999999930e+01
2.593139949999999772e+02 1.473269960000000083e+02
2.379570009999999911e+02 6.996600300000000061e+01
3.211040039999999749e+02 2.330400099999999952e+01
3.282590030000000070e+02 1.485820009999999911e+02
2.369389950000000056e+02 9.654699700000000462e+01
2.748559880000000248e+02 1.823249969999999962e+02
2.567510070000000155e+02 1.768489989999999921e+02
3.208429869999999937e+02 1.382279969999999878e+02
2.503650049999999965e+02 8.103600299999999379e+01
2.789769900000000007e+02 9.909200300000000539e+01
2.951650089999999977e+02 9.601499900000000309e+01
2.470440059999999960e+02 8.266300200000000586e+01
3.298659969999999930e+02 9.970200300000000482e+01
3.012449950000000172e+02 1.105210040000000049e+02
2.970119930000000181e+02 1.767489930000000129e+02
2.809070130000000063e+02 7.598300199999999904e+01
3.010899959999999851e+02 1.465639950000000056e+02
2.669700010000000248e+02 1.596990049999999997e+02
2.982290039999999749e+02 1.485370029999999986e+02
2.404969940000000008e+02 1.593800050000000113e+02
2.431380000000000052e+02 8.316999800000000675e+01
2.862650150000000053e+02 1.045230030000000028e+02
3.172890009999999847e+02 7.574900100000000691e+01
3.763179930000000013e+02 1.779129939999999976e+02
2.816849980000000073e+02 1.520549929999999961e+02
2.831470029999999838e+02 1.733679960000000051e+02
2.922269900000000007e+02 9.731900000000000261e+01
3.040759889999999928e+02 9.529200000000000159e+01
2.575979919999999765e+02 1.592779999999999916e+02
3.287529910000000086e+02 1.809340060000000108e+02
2.684200129999999831e+02 8.623000299999999640e+01
2.925679930000000013e+02 1.472380070000000103e+02
2.864129940000000261e+02 1.596750030000000038e+02
3.143200069999999755e+02 9.369000200000000689e+01
2.781170040000000085e+02 1.435879970000000014e+02
2.735339969999999994e+02 1.532420040000000085e+02
2.677239989999999921e+02 8.072499799999999937e+01
3.198370059999999739e+02 9.165200000000000102e+01
3.415289920000000166e+02 4.710800199999999904e+01
3.764989929999999845e+02 1.564420010000000048e+02
2.840520020000000159e+02 1.453600010000000111e+02
3.001409909999999854e+02 1.544739989999999921e+02
3.772349849999999947e+02 1.563309940000000040e+02
2.871870119999999815e+02 1.949750060000000076e+02
2.392989959999999883e+02 7.472000099999999634e+01
2.617959900000000175e+02 6.912100200000000427e+01
2.719660030000000006e+02 9.203299699999999461e+01
2.616789860000000090e+02 1.494720000000000084e+02
2.589570009999999911e+02 1.696959990000000005e+02
2.357929990000000089e+02 1.693699949999999887e+02
3.166570130000000063e+02 1.054359970000000004e+02
3.289289860000000090e+02 1.428439940000000092e+02
2.416000060000000076e+02 9.572399900000000628e+01
2.772420040000000085e+02 1.828489989999999921e+02
2.361130070000000103e+02 1.491959990000000005e+02
3.112940060000000244e+02 1.431849980000000073e+02
2.953389890000000264e+02 1.614340060000000108e+02
3.022560119999999984e+02 8.396900200000000325e+01
2.373890079999999898e+02 8.138700099999999793e+01
2.953750000000000000e+02 1.494940029999999922e+02
3.215459900000000175e+02 1.697169949999999972e+02
2.968689880000000016e+02 1.258340000000000032e+02
2.550630040000000065e+02 9.800000000000000000e+01
2.599689940000000092e+02 6.807199900000000525e+01
2.840320130000000063e+02 8.304099999999999682e+01
3.223720089999999914e+02 3.472000100000000344e+01
3.302600100000000225e+02 1.746950070000000039e+02
2.629190060000000244e+02 3.331100099999999742e+01
2.724530030000000238e+02 4.191500099999999662e+01
3.306400150000000053e+02 1.593229980000000126e+02
2.825509950000000003e+02 1.684969940000000008e+02
2.435110019999999906e+02 7.138500200000000007e+01
2.919110109999999736e+02 7.474199699999999780e+01
2.919119870000000105e+02 1.097559969999999936e+02
3.258540039999999749e+02 1.571210020000000043e+02
3.109739989999999921e+02 1.029380040000000065e+02
3.003259889999999928e+02 8.710199699999999723e+01
2.457250060000000076e+02 1.765500030000000038e+02
2.760249939999999924e+02 8.363700099999999793e+01
3.219169919999999934e+02 7.685500299999999640e+01
3.252090150000000222e+02 9.421900200000000325e+01
2.852909849999999778e+02 1.049150010000000037e+02
3.157539980000000241e+02 8.520300299999999538e+01
3.037149959999999851e+02 1.480119929999999897e+02
3.056759950000000003e+02 1.666529999999999916e+02
2.632380069999999819e+02 1.704019930000000045e+02
3.286480099999999993e+02 9.898600000000000421e+01
2.960799870000000169e+02 1.117929989999999947e+02
2.489640049999999860e+02 8.342299699999999518e+01
3.261040039999999749e+02 1.889320069999999987e+02
3.315390009999999847e+02 6.870900000000000318e+01
2.925060119999999984e+02 9.504900399999999649e+01
3.075440060000000244e+02 8.625599699999999359e+01
3.778689880000000016e+02 1.391300050000000113e+02
3.154899899999999775e+02 1.690659939999999892e+02
3.158640139999999974e+02 1.488630070000000103e+02
2.735140079999999898e+02 1.029929960000000051e+02
2.428549959999999999e+02 8.789800300000000277e+01
2.987850040000000149e+02 1.757960050000000081e+02
3.040950010000000248e+02 1.621770019999999874e+02
3.057319949999999835e+02 7.262400100000000691e+01
2.439900049999999965e+02 1.667290040000000033e+02
3.078879999999999768e+02 1.455910030000000006e+02
3.155010070000000155e+02 1.420030059999999992e+02
2.372090000000000032e+02 7.201899699999999882e+01
2.996459960000000251e+02 1.074619979999999941e+02
3.298210139999999910e+02 8.369300099999999532e+01
3.166130069999999819e+02 1.433529969999999878e+02
2.887019960000000083e+02 8.521099900000000105e+01
2.919960019999999759e+02 7.306099700000000041e+01
2.966619870000000105e+02 1.414320069999999987e+02
3.265759889999999928e+02 9.397699699999999723e+01
3.677099910000000023e+02 2.916900100000000151e+01
2.679760130000000231e+02 1.019150010000000037e+02
2.676359860000000026e+02 1.681360019999999906e+02
3.234299930000000245e+02 8.121299700000000144e+01
2.706289980000000241e+02 9.560099800000000414e+01
2.534100039999999865e+02 1.111139979999999952e+02
2.838680110000000241e+02 8.479299899999999468e+01
2.362709959999999967e+02 9.255599999999999739e+01
2.901900019999999927e+02 1.695939940000000092e+02
3.769769900000000007e+02 1.805989989999999921e+02
2.597839969999999994e+02 1.124179989999999947e+02
2.939179990000000089e+02 1.681069950000000119e+02
3.133510130000000231e+02 6.893099999999999739e+01
2.500709990000000005e+02 1.708029940000000124e+02
2.700979919999999765e+02 1.394720000000000084e+02
3.318070069999999987e+02 9.109200300000000539e+01
2.376549990000000037e+02 5.486800000000000210e+01
3.264469910000000255e+02 1.712570039999999949e+02
2.483840030000000070e+02 1.637019960000000083e+02
3.283429869999999937e+02 1.698899989999999889e+02
2.467129970000000014e+02 8.009600100000000111e+01
2.479429930000000013e+02 8.157599600000000351e+01
3.089500120000000152e+02 1.574380040000000065e+02
3.187919919999999934e+02 7.306600199999999745e+01
3.217909849999999778e+02 3.611500199999999694e+01
2.512720030000000122e+02 1.692120060000000024e+02
2.581740110000000072e+02 8.674800100000000214e+01
2.894360050000000228e+02 1.469149930000000097e+02
2.553489989999999921e+02 8.570799999999999841e+01
3.196629940000000261e+02 1.549869999999999948e+02
2.624970089999999914e+02 9.638600200000000484e+01
2.514279940000000124e+02 6.834200300000000539e+01
3.195669859999999858e+02 1.635310059999999908e+02
2.382760010000000079e+02 1.806430049999999881e+02
3.006539920000000166e+02 5.842399999999999949e+01
3.021740110000000072e+02 5.422499799999999937e+01
3.191250000000000000e+02 1.513359989999999868e+02
3.105830080000000066e+02 1.619929960000000051e+02
3.251690060000000244e+02 9.374600200000000427e+01
2.517149960000000135e+02 1.827890010000000132e+02
2.860069889999999759e+02 1.740359950000000140e+02
3.305060119999999984e+02 1.327989959999999883e+02
3.294920040000000085e+02 1.529450070000000039e+02
3.635020139999999742e+02 1.787749939999999924e+02
3.767080080000000066e+02 1.801730039999999917e+02
2.355119929999999897e+02 1.049899979999999999e+02
3.502430110000000241e+02 1.007170030000000054e+02
3.025750120000000152e+02 9.031199599999999350e+01
2.781090090000000146e+02 9.906500200000000689e+01
2.515260010000000079e+02 1.755789949999999919e+02
2.460840000000000032e+02 8.926300000000000523e+01
2.462550050000000113e+02 1.442180020000000127e+02
2.847699890000000096e+02 6.956500200000000689e+01
2.718099980000000073e+02 1.218499979999999994e+02
2.363300020000000075e+02 1.022839969999999994e+02
2.723900150000000053e+02 1.656929930000000013e+02
3.653269960000000083e+02 1.389559940000000040e+02
3.144259950000000003e+02 1.691250000000000000e+02
3.767500000000000000e+02 1.662259980000000041e+02
2.395720059999999876e+02 1.468009950000000003e+02
2.827009889999999928e+02 1.554850010000000111e+02
2.733269960000000083e+02 9.335800199999999904e+01
3.303410030000000006e+02 1.525639950000000056e+02
3.030729979999999841e+02 1.830149989999999889e+02
3.064700010000000248e+02 1.534049990000000037e+02
2.373569950000000119e+02 1.793619999999999948e+02
2.675190119999999752e+02 9.988600200000000484e+01
3.229899899999999775e+02 1.620509950000000003e+02
2.802449950000000172e+02 1.715619959999999935e+02
3.139599910000000023e+02 1.120550000000000068e+02
2.778940119999999752e+02 1.602259980000000041e+02
2.630310059999999908e+02 1.137429960000000051e+02
2.944540099999999825e+02 1.821730039999999917e+02
3.374639890000000264e+02 1.836490019999999959e+02
2.475859989999999868e+02 1.746109920000000102e+02
3.164620059999999739e+02 6.996600300000000061e+01
2.475659939999999892e+02 1.133700029999999970e+02
2.770820009999999911e+02 2.028869929999999897e+02
2.937789920000000166e+02 8.694000200000000689e+01
3.263609920000000102e+02 1.416490019999999959e+02
2.744079899999999839e+02 1.583049929999999961e+02
2.831759950000000003e+02 8.148200199999999427e+01
2.977860109999999736e+02 8.486599699999999302e+01
2.855700069999999755e+02 8.935199699999999723e+01
2.694819949999999835e+02 9.708799700000000144e+01
2.758269960000000083e+02 7.823100300000000118e+01
2.571130069999999819e+02 1.138929980000000057e+02
3.041990049999999997e+02 1.407460020000000043e+02
2.529299929999999961e+02 1.542839969999999994e+02
2.529949949999999887e+02 1.759329989999999952e+02
2.342039949999999919e+02 1.553679960000000051e+02
3.266600040000000149e+02 1.492640079999999898e+02
2.742009889999999928e+02 8.962000299999999697e+01
2.784819949999999835e+02 1.470780029999999954e+02
3.776839899999999943e+02 1.142549970000000030e+02
3.664209900000000175e+02 9.883799700000000144e+01
3.291879880000000185e+02 1.519770049999999912e+02
3.080859990000000153e+02 1.832909999999999968e+02
2.415809940000000040e+02 1.060080030000000022e+02
2.456569979999999873e+02 1.485630040000000065e+02
2.908599849999999947e+02 8.738999900000000309e+01
2.575490110000000072e+02 1.469290009999999995e+02
3.023450010000000248e+02 9.503800200000000586e+01
2.792219850000000179e+02 1.138410030000000006e+02
2.539479980000000126e+02 7.634699999999999420e+01
3.283280030000000238e+02 1.613789979999999957e+02
2.871440119999999752e+02 9.609899900000000628e+01
2.630880129999999895e+02 7.757099900000000048e+01
2.550780029999999954e+02 8.992600299999999436e+01
3.142720029999999838e+02 1.403040009999999995e+02
2.726130069999999819e+02 1.629709929999999929e+02
3.092940060000000244e+02 1.756439970000000130e+02
2.696770020000000159e+02 1.635440059999999960e+02
2.773169859999999858e+02 1.509140010000000132e+02
2.833879999999999768e+02 1.628340000000000032e+02
3.305390009999999847e+02 1.646320039999999949e+02
3.177600100000000225e+02 9.304799699999999518e+01
2.702890009999999847e+02 1.414470059999999876e+02
2.714549870000000169e+02 1.460720059999999876e+02
3.054079899999999839e+02 9.563600200000000484e+01
3.776390079999999898e+02 8.765799699999999461e+01
2.730580140000000142e+02 1.480039979999999957e+02
2.705320130000000063e+02 9.099199699999999780e+01
3.122600100000000225e+02 9.586799600000000510e+01
3.823070069999999987e+02 1.707109989999999868e+02
2.365700070000000039e+02 1.108030009999999947e+02
3.180660100000000057e+02 1.802079929999999877e+02
2.597470089999999914e+02 1.029469990000000053e+02
3.230360109999999736e+02 1.420489959999999883e+02
3.763399959999999851e+02 1.690330050000000028e+02
2.958359990000000153e+02 1.616860049999999944e+02
3.011069949999999835e+02 1.579420010000000048e+02
3.019129940000000261e+02 7.655200200000000166e+01
2.991579899999999839e+02 1.623119959999999935e+02
2.961979979999999841e+02 1.641820069999999987e+02
2.699549870000000169e+02 7.464499700000000360e+01
2.595799870000000169e+02 9.204499800000000675e+01
2.629249879999999848e+02 1.471950070000000039e+02
2.671220089999999914e+02 8.543599700000000041e+01
3.192439880000000016e+02 1.607969970000000046e+02
2.980159909999999854e+02 7.796299700000000144e+01
3.076189880000000016e+02 1.468780059999999992e+02
2.621870119999999815e+02 1.220080030000000022e+02
3.133760070000000155e+02 8.413800000000000523e+01
3.224819949999999835e+02 2.902100000000000080e+01
2.767860109999999736e+02 1.167750020000000006e+02
3.159320069999999987e+02 1.819669949999999972e+02
3.211849980000000073e+02 1.765480039999999917e+02
2.370469970000000046e+02 8.948300199999999904e+01
3.269939880000000016e+02 1.456450040000000001e+02
2.803829959999999915e+02 9.947100100000000111e+01
2.821250000000000000e+02 9.257299799999999834e+01
2.373179930000000013e+02 1.015240019999999959e+02
3.768290099999999825e+02 1.351360019999999906e+02
2.834870000000000232e+02 1.590390010000000132e+02
3.310610050000000228e+02 1.467070009999999911e+02
3.720129999999999768e+02 1.380619959999999935e+02
2.541190029999999922e+02 1.730140079999999898e+02
2.460659939999999892e+02 1.799960020000000043e+02
2.606990049999999997e+02 1.009440000000000026e+02
2.846359860000000026e+02 9.383499899999999627e+01
2.813980099999999993e+02 7.273200199999999427e+01
2.518890079999999898e+02 8.332900200000000268e+01
3.136979979999999841e+02 1.757729950000000088e+02
2.371750030000000038e+02 1.829530029999999954e+02
2.572640079999999898e+02 1.428070069999999987e+02
2.645280149999999821e+02 1.004270020000000017e+02
2.401999969999999962e+02 1.016009980000000041e+02
2.736379999999999768e+02 1.689660030000000006e+02
2.512299959999999999e+02 1.593840030000000070e+02
2.894530030000000238e+02 8.459100300000000061e+01
2.997090150000000222e+02 9.482499699999999621e+01
3.304989929999999845e+02 1.064410019999999975e+02
2.751879880000000185e+02 1.617319950000000119e+02
2.707309880000000248e+02 1.017990039999999965e+02
2.942850040000000149e+02 1.718379970000000014e+02
2.769899899999999775e+02 1.591349950000000035e+02
2.795360109999999736e+02 8.961699699999999780e+01
3.275589899999999943e+02 1.110130000000000052e+02
3.256369930000000181e+02 1.032710040000000049e+02
2.775780030000000238e+02 1.838289949999999919e+02
2.437799990000000037e+02 9.968900299999999959e+01
3.020339969999999994e+02 1.065159989999999937e+02
2.793959960000000251e+02 9.032399700000000564e+01
2.898269960000000083e+02 9.274800100000000214e+01
3.096770020000000159e+02 1.439900049999999965e+02
2.949890139999999974e+02 1.621629939999999976e+02
2.697709960000000251e+02 1.126780009999999947e+02
2.710679930000000013e+02 1.162079999999999984e+02
3.187460019999999759e+02 9.985500299999999640e+01
2.576770020000000159e+02 7.367900099999999952e+01
3.552770080000000235e+02 7.660099800000000414e+01
2.724270020000000159e+02 1.668289949999999919e+02
2.514320069999999987e+02 1.545870060000000024e+02
2.438060000000000116e+02 9.779799699999999518e+01
2.348780059999999992e+02 1.818780059999999992e+02
