4.307539980000000241e+02 3.876350100000000225e+02
3.748590090000000146e+02 3.461709900000000175e+02
3.889010010000000079e+02 3.865450129999999831e+02
4.569519960000000083e+02 3.093089899999999943e+02
4.731929930000000013e+02 3.181369930000000181e+02
4.102040099999999825e+02 3.991629940000000261e+02
4.279729919999999765e+02 3.138290099999999825e+02
4.198389890000000264e+02 2.909729919999999765e+02
4.471329959999999915e+02 3.125090030000000070e+02
4.287160030000000006e+02 2.792319949999999835e+02
4.234790039999999749e+02 2.925759889999999928e+02
3.688320009999999911e+02 3.548479919999999765e+02
4.359750060000000076e+02 3.035939940000000092e+02
4.035719910000000255e+02 4.021530149999999821e+02
4.031350100000000225e+02 3.079519960000000083e+02
4.261530149999999821e+02 2.925440060000000244e+02
3.828630069999999819e+02 3.869519960000000083e+02
4.760230099999999993e+02 3.416090090000000146e+02
4.338450010000000248e+02 3.538039860000000090e+02
4.027730099999999993e+02 2.842179869999999937e+02
4.094119870000000105e+02 2.962409969999999930e+02
4.062609860000000026e+02 3.785759889999999928e+02
4.381489869999999769e+02 3.591379999999999768e+02
4.408080140000000142e+02 3.336319889999999759e+02
4.090729979999999841e+02 3.982739869999999769e+02
3.961449890000000096e+02 2.878500060000000076e+02
4.182009889999999928e+02 2.856820069999999987e+02
4.455920100000000161e+02 3.596080019999999990e+02
3.886619870000000105e+02 2.979540099999999825e+02
4.115629880000000185e+02 3.479100040000000149e+02
4.085769960000000083e+02 3.007650150000000053e+02
4.654389949999999772e+02 3.257359920000000102e+02
4.495960079999999834e+02 3.379570009999999911e+02
4.145260010000000079e+02 3.841189880000000016e+02
4.235360109999999736e+02 3.970910030000000006e+02
4.374890139999999974e+02 3.088609920000000102e+02
4.313720089999999914e+02 3.640299989999999752e+02
4.464710079999999834e+02 3.035769960000000083e+02
3.954100040000000149e+02 3.903540039999999749e+02
3.931579899999999839e+02 4.140610050000000228e+02
4.107080080000000066e+02 2.859719850000000179e+02
4.209859920000000102e+02 2.927690119999999752e+02
4.493150019999999927e+02 3.163240049999999997e+02
3.981279910000000086e+02 4.139460139999999910e+02
4.064760130000000231e+02 3.762349849999999947e+02
4.648970029999999838e+02 3.436440119999999752e+02
4.390409849999999778e+02 3.852640079999999898e+02
4.273850100000000225e+02 2.819890139999999974e+02
4.706700129999999831e+02 3.296499939999999924e+02
4.471459960000000251e+02 3.567510070000000155e+02
4.596120000000000232e+02 3.536149899999999775e+02
4.507149959999999851e+02 3.413599849999999947e+02
3.827170100000000161e+02 3.187510070000000155e+02
4.612479860000000258e+02 3.682460019999999759e+02
4.819800109999999904e+02 3.278340150000000222e+02
4.445969850000000179e+02 3.453229979999999841e+02
4.421570130000000063e+02 3.119450069999999755e+02
3.730969850000000179e+02 3.407629999999999768e+02
4.384289860000000090e+02 3.447600100000000225e+02
4.293399959999999851e+02 3.983210139999999910e+02
3.856659849999999778e+02 3.230769960000000083e+02
4.094630129999999895e+02 2.784979860000000258e+02
4.500360109999999736e+02 3.026849980000000073e+02
3.897399899999999775e+02 3.018680110000000241e+02
4.181570130000000063e+02 2.830209960000000251e+02
4.752269900000000007e+02 3.395979919999999765e+02
4.352179869999999937e+02 3.212250060000000076e+02
4.357370000000000232e+02 2.933099980000000073e+02
4.107550049999999828e+02 3.831929930000000013e+02
3.764639890000000264e+02 3.782929990000000089e+02
4.687609860000000026e+02 3.700880129999999895e+02
4.438299870000000169e+02 2.984190060000000244e+02
4.113970029999999838e+02 3.824779970000000162e+02
4.807680050000000165e+02 3.510700069999999755e+02
3.775759889999999928e+02 3.178290099999999825e+02
4.325920100000000161e+02 2.788959960000000251e+02
4.662950129999999831e+02 3.609880069999999819e+02
4.120589899999999943e+02 3.909920040000000085e+02
4.354509889999999928e+02 3.291690060000000244e+02
3.698850100000000225e+02 3.251040039999999749e+02
4.125079959999999915e+02 3.976210019999999759e+02
3.721159969999999930e+02 3.369970089999999914e+02
4.270400089999999977e+02 3.642479860000000258e+02
4.089519960000000083e+02 3.979960019999999759e+02
4.233640139999999974e+02 3.886539920000000166e+02
4.359580080000000066e+02 2.926350100000000225e+02
4.461870119999999815e+02 2.919689940000000092e+02
4.190950010000000248e+02 3.169609990000000153e+02
4.628469850000000179e+02 3.337359920000000102e+02
4.359360050000000228e+02 3.369620059999999739e+02
4.389429930000000013e+02 3.118160100000000057e+02
4.729389949999999772e+02 3.338160100000000057e+02
4.326839899999999943e+02 4.082030030000000238e+02
4.506159969999999930e+02 3.094030149999999821e+02
4.522149959999999851e+02 3.859590150000000222e+02
3.709429930000000013e+02 3.446120000000000232e+02
3.719769900000000007e+02 3.350199890000000096e+02
3.949719850000000179e+02 2.953299870000000169e+02
4.092550049999999828e+02 4.065209960000000251e+02
4.576480099999999993e+02 3.614360050000000228e+02
4.358710019999999759e+02 3.799939880000000016e+02
3.681879880000000185e+02 3.418760070000000155e+02
3.890960079999999834e+02 3.706109920000000102e+02
3.862099910000000023e+02 3.869429930000000013e+02
4.070239869999999769e+02 3.878770139999999742e+02
4.364200129999999831e+02 4.014280089999999745e+02
4.415100100000000225e+02 2.906419980000000010e+02
4.236250000000000000e+02 2.786059880000000248e+02
3.926759950000000003e+02 3.565920100000000161e+02
3.984079899999999839e+02 3.831210019999999759e+02
4.499010010000000079e+02 3.835100100000000225e+02
3.715969850000000179e+02 3.474870000000000232e+02
4.762829899999999839e+02 3.625729979999999841e+02
4.242919919999999934e+02 4.059469910000000255e+02
4.159549870000000169e+02 3.083460079999999834e+02
4.072959900000000175e+02 3.812399899999999775e+02
4.259960019999999759e+02 3.670849910000000023e+02
4.027879940000000261e+02 3.994809880000000248e+02
4.635190119999999752e+02 3.314939880000000016e+02
4.272669980000000010e+02 3.158859860000000026e+02
4.686719969999999762e+02 2.905629880000000185e+02
4.463850100000000225e+02 3.757909849999999778e+02
4.121969910000000255e+02 2.980339969999999994e+02
4.141940000000000168e+02 3.153460079999999834e+02
4.534410100000000057e+02 3.174500120000000152e+02
4.148439940000000092e+02 2.928909909999999854e+02
4.420859990000000153e+02 3.095549930000000245e+02
4.644849849999999947e+02 3.355249939999999924e+02
4.437099910000000023e+02 3.678370059999999739e+02
4.502359920000000102e+02 3.437049870000000169e+02
4.294939880000000016e+02 3.558280030000000238e+02
4.125079959999999915e+02 3.932120059999999739e+02
4.356969910000000255e+02 3.357730099999999993e+02
4.106359860000000026e+02 2.937770080000000235e+02
4.126759950000000003e+02 3.047829899999999839e+02
4.477279970000000162e+02 3.520050049999999828e+02
4.600280149999999821e+02 3.162149959999999851e+02
4.041510010000000079e+02 2.908770139999999742e+02
3.957189940000000092e+02 3.861180110000000241e+02
4.248030089999999745e+02 2.894349980000000073e+02
4.676770020000000159e+02 3.269639890000000264e+02
3.674719850000000179e+02 3.425129999999999768e+02
4.569519960000000083e+02 3.006709900000000175e+02
3.958900150000000053e+02 3.795580140000000142e+02
4.212929990000000089e+02 3.680270080000000235e+02
4.354599910000000023e+02 3.481629940000000261e+02
4.238129880000000185e+02 3.413030089999999745e+02
4.584809880000000248e+02 3.367260130000000231e+02
4.368810119999999984e+02 3.650710139999999910e+02
4.005660100000000057e+02 4.017070009999999911e+02
4.324370119999999815e+02 3.113659969999999930e+02
4.301180110000000241e+02 3.660700069999999755e+02
4.593179930000000013e+02 3.047399899999999775e+02
4.295570069999999987e+02 3.708739929999999845e+02
4.039570009999999911e+02 3.072229919999999765e+02
4.038219910000000255e+02 2.980339969999999994e+02
4.263500060000000076e+02 4.167009889999999928e+02
4.568770139999999742e+02 3.092869870000000105e+02
4.538120119999999815e+02 3.303630069999999819e+02
4.783680110000000241e+02 3.573810119999999984e+02
3.921690060000000244e+02 3.914010010000000079e+02
3.716059880000000248e+02 3.349679869999999937e+02
3.997739869999999769e+02 3.816189880000000016e+02
4.445289920000000166e+02 3.765010070000000155e+02
4.462590030000000070e+02 3.367969969999999762e+02
4.724070130000000063e+02 3.626440119999999752e+02
4.295950010000000248e+02 4.196969910000000255e+02
4.073059999999999832e+02 3.802210079999999834e+02
4.330599980000000073e+02 3.488919980000000010e+02
4.409689940000000092e+02 3.018590090000000146e+02
4.069280089999999745e+02 3.046879880000000185e+02
4.472780149999999821e+02 3.590669859999999858e+02
4.306820069999999987e+02 2.934129940000000261e+02
4.398009950000000003e+02 3.810910030000000006e+02
4.494460139999999910e+02 3.871789860000000090e+02
4.868410030000000006e+02 3.622269900000000007e+02
3.815220029999999838e+02 3.868909909999999854e+02
4.219230039999999917e+02 2.847609860000000026e+02
4.590270080000000235e+02 3.090320130000000063e+02
4.627380069999999819e+02 3.001960139999999910e+02
4.000750120000000152e+02 4.040020139999999742e+02
3.708160100000000057e+02 3.281589969999999994e+02
4.294559939999999756e+02 2.804649959999999851e+02
4.015199890000000096e+02 3.090100100000000225e+02
4.003970029999999838e+02 3.979840090000000146e+02
4.166789860000000090e+02 4.640310059999999908e+02
4.216740110000000072e+02 3.197200010000000248e+02
4.745299989999999752e+02 3.644289860000000090e+02
4.070570069999999987e+02 4.062869870000000105e+02
4.663989869999999769e+02 3.177430110000000241e+02
4.628120119999999815e+02 3.331310119999999984e+02
4.275299989999999752e+02 3.692680050000000165e+02
4.300450129999999831e+02 3.242149959999999851e+02
4.442680050000000165e+02 3.581050109999999904e+02
4.324970089999999914e+02 2.797929990000000089e+02
4.314710079999999834e+02 3.079769900000000007e+02
3.996889949999999772e+02 4.121579899999999839e+02
4.206539920000000166e+02 2.781579899999999839e+02
4.351480099999999993e+02 3.231480099999999993e+02
4.441000060000000076e+02 3.492770080000000235e+02
3.831610109999999736e+02 3.922449950000000172e+02
4.762659909999999854e+02 3.214110109999999736e+02
3.800079959999999915e+02 3.681610109999999736e+02
4.575599980000000073e+02 3.098710019999999759e+02
4.143590090000000146e+02 3.039010010000000079e+02
4.477950129999999831e+02 3.816950069999999755e+02
4.697009889999999928e+02 3.592940060000000244e+02
4.629899899999999775e+02 3.385280149999999821e+02
4.072019960000000083e+02 4.023299870000000169e+02
4.335220029999999838e+02 3.879100040000000149e+02
4.052099910000000023e+02 3.761809999999999832e+02
4.329530030000000238e+02 2.895140079999999898e+02
4.376759950000000003e+02 2.942560119999999984e+02
3.955920100000000161e+02 2.993630069999999819e+02
4.222250060000000076e+02 3.763469850000000179e+02
4.597820130000000063e+02 3.694159849999999778e+02
4.666820069999999987e+02 3.117969969999999762e+02
4.082990110000000072e+02 3.807080080000000066e+02
4.430159909999999854e+02 3.493429869999999937e+02
4.155690000000000168e+02 3.824710079999999834e+02
4.648810119999999984e+02 3.309460139999999910e+02
4.372049870000000169e+02 2.888240049999999997e+02
4.236669919999999934e+02 3.907659909999999854e+02
3.863729860000000258e+02 3.970140079999999898e+02
4.271520080000000235e+02 3.630369870000000105e+02
3.803280030000000238e+02 3.860440060000000244e+02
4.351050109999999904e+02 3.313739929999999845e+02
4.462000120000000152e+02 3.768750000000000000e+02
4.415509950000000003e+02 3.452300109999999904e+02
4.065329899999999839e+02 4.003240049999999997e+02
4.316180110000000241e+02 3.406700129999999831e+02
4.360480039999999917e+02 3.112219850000000179e+02
4.340129999999999768e+02 3.448349910000000023e+02
4.118399959999999851e+02 2.930039980000000241e+02
4.403219910000000255e+02 3.595969850000000179e+02
4.254639890000000264e+02 2.817409969999999930e+02
3.925960079999999834e+02 3.164259950000000003e+02
4.019660030000000006e+02 2.903580019999999990e+02
3.824320069999999987e+02 3.921239929999999845e+02
4.649150089999999977e+02 3.525910030000000006e+02
3.848550109999999904e+02 3.071979979999999841e+02
4.038219910000000255e+02 3.797799989999999752e+02
4.034859920000000102e+02 2.797279970000000162e+02
4.241300049999999828e+02 3.099500120000000152e+02
4.740220029999999838e+02 3.624159849999999778e+02
4.380379940000000261e+02 3.223259889999999928e+02
4.748540039999999749e+02 3.348729860000000258e+02
3.902229919999999765e+02 4.046430050000000165e+02
4.611279910000000086e+02 3.530289920000000166e+02
4.335299989999999752e+02 3.486099849999999947e+02
3.890440060000000244e+02 4.009360050000000228e+02
4.252470089999999914e+02 3.233989869999999769e+02
3.714630129999999895e+02 3.352080080000000066e+02
4.529779970000000162e+02 3.123659969999999930e+02
3.957950129999999831e+02 2.904209900000000175e+02
4.565400089999999977e+02 3.022059939999999756e+02
4.240360109999999736e+02 3.628169859999999858e+02
4.382680050000000165e+02 3.789010010000000079e+02
4.502080080000000066e+02 3.674230039999999917e+02
4.269360050000000228e+02 3.836459960000000251e+02
4.489100040000000149e+02 3.212860109999999736e+02
4.199490049999999997e+02 3.754010010000000079e+02
4.924169919999999934e+02 3.696759950000000003e+02
4.571419980000000010e+02 3.466560059999999908e+02
4.232269900000000007e+02 3.058120119999999815e+02
3.749530030000000238e+02 3.464159849999999778e+02
4.019259950000000003e+02 3.020199890000000096e+02
4.445889890000000264e+02 3.707340090000000146e+02
3.989689940000000092e+02 3.799590150000000222e+02
4.344190060000000244e+02 3.013070069999999987e+02
4.433670040000000085e+02 3.555700069999999755e+02
4.116979979999999841e+02 4.036359860000000026e+02
4.220969850000000179e+02 4.543670040000000085e+02
4.398940119999999752e+02 3.850140079999999898e+02
4.705329899999999839e+02 3.548200069999999755e+02
3.714370119999999815e+02 3.568340150000000222e+02
4.203550109999999904e+02 4.642919919999999934e+02
3.778160100000000057e+02 3.314880069999999819e+02
3.972680050000000165e+02 3.938190000000000168e+02
4.729450069999999755e+02 3.479110109999999736e+02
4.160559999999999832e+02 2.753380129999999895e+02
4.814590150000000222e+02 3.461589969999999994e+02
4.111510010000000079e+02 3.145350040000000149e+02
4.593580019999999990e+02 3.137309880000000248e+02
4.450559999999999832e+02 3.727829899999999839e+02
4.037680050000000165e+02 4.128559880000000248e+02
4.120129999999999768e+02 2.730390009999999847e+02
4.203970029999999838e+02 3.994570009999999911e+02
4.752479860000000258e+02 3.442479860000000258e+02
4.119819949999999835e+02 3.744630129999999895e+02
4.204880069999999819e+02 2.781390079999999898e+02
4.241510010000000079e+02 3.960029910000000086e+02
4.528739929999999845e+02 3.526690060000000244e+02
4.076090090000000146e+02 2.850220029999999838e+02
4.430390009999999847e+02 3.770570069999999987e+02
4.505799870000000169e+02 3.505979919999999765e+02
4.284630129999999895e+02 3.106279910000000086e+02
4.576010130000000231e+02 3.433150019999999927e+02
4.081220089999999914e+02 3.944660030000000006e+02
3.979630129999999895e+02 3.013120119999999815e+02
4.327409969999999930e+02 2.603800049999999828e+02
3.963359990000000153e+02 3.822520139999999742e+02
4.469410100000000057e+02 3.528489989999999921e+02
4.328919980000000010e+02 2.967080080000000066e+02
4.636789860000000090e+02 3.383039860000000090e+02
4.243670040000000085e+02 3.231189880000000016e+02
4.370780030000000238e+02 4.234590150000000222e+02
4.532279970000000162e+02 3.816579899999999839e+02
4.500140079999999898e+02 3.529859920000000102e+02
4.741319889999999759e+02 3.258930050000000165e+02
4.355360109999999736e+02 3.223559880000000248e+02
4.261279910000000086e+02 2.866820069999999987e+02
4.314760130000000231e+02 2.938680110000000241e+02
4.305379940000000261e+02 3.185520020000000159e+02
4.374209900000000175e+02 2.944450069999999755e+02
4.140710139999999910e+02 3.164469910000000255e+02
3.938869930000000181e+02 3.868620000000000232e+02
4.698659969999999930e+02 3.509379880000000185e+02
4.448840030000000070e+02 3.018900150000000053e+02
3.899450069999999755e+02 2.981990049999999997e+02
4.040239869999999769e+02 4.072139890000000264e+02
4.011000060000000076e+02 4.023649899999999775e+02
4.436489869999999769e+02 3.569509889999999928e+02
4.296759950000000003e+02 3.994960019999999759e+02
3.994580080000000066e+02 4.105230099999999993e+02
4.776990049999999997e+02 3.332770080000000235e+02
4.215379940000000261e+02 2.974030149999999821e+02
3.881459960000000251e+02 3.860020139999999742e+02
4.323999939999999924e+02 3.882739869999999769e+02
3.961650089999999977e+02 3.855459900000000175e+02
4.485140079999999898e+02 3.614800109999999904e+02
3.702130129999999895e+02 3.348670040000000085e+02
3.928070069999999987e+02 3.815790099999999825e+02
3.909169919999999934e+02 4.057799989999999752e+02
4.466979979999999841e+02 3.733110050000000228e+02
4.113229979999999841e+02 3.031260070000000155e+02
4.619419859999999858e+02 3.403900150000000053e+02
4.679540099999999825e+02 4.176929930000000013e+02
3.946029970000000162e+02 3.812130129999999895e+02
4.155509950000000003e+02 3.816180110000000241e+02
4.484970089999999914e+02 3.649169919999999934e+02
4.740280149999999821e+02 3.370230099999999993e+02
4.527820130000000063e+02 3.530039980000000241e+02
4.215360109999999736e+02 3.646170040000000085e+02
3.711679990000000089e+02 3.450960079999999834e+02
4.007470089999999914e+02 3.903089899999999943e+02
4.608649899999999775e+02 3.606050109999999904e+02
4.077950129999999831e+02 4.008540039999999749e+02
4.468930050000000165e+02 3.029630129999999895e+02
4.102539980000000241e+02 2.745280149999999821e+02
4.030799870000000169e+02 3.801990049999999997e+02
4.393750000000000000e+02 3.340150150000000053e+02
4.477019960000000083e+02 4.212980039999999917e+02
4.348680110000000241e+02 3.902560119999999984e+02
3.722359920000000102e+02 3.542850040000000149e+02
4.079960019999999759e+02 2.860079959999999915e+02
4.174620059999999739e+02 3.851449890000000096e+02
4.561579899999999839e+02 3.262449950000000172e+02
4.365950010000000248e+02 3.222520139999999742e+02
4.495390009999999847e+02 3.705559999999999832e+02
4.405270080000000235e+02 3.443620000000000232e+02
4.359920040000000085e+02 3.913059999999999832e+02
4.335710139999999910e+02 4.018590090000000146e+02
4.270759889999999928e+02 3.606050109999999904e+02
3.699979860000000258e+02 3.393450010000000248e+02
4.160759889999999928e+02 3.401560059999999908e+02
4.469620059999999739e+02 3.244360050000000228e+02
4.741889949999999772e+02 3.899840090000000146e+02
4.723200069999999755e+02 4.087019960000000083e+02
4.188789980000000241e+02 3.069509889999999928e+02
4.818890079999999898e+02 3.474739989999999921e+02
4.440840150000000222e+02 3.777579959999999915e+02
4.721719969999999762e+02 3.249909969999999930e+02
3.970729979999999841e+02 4.123919980000000010e+02
4.463829959999999915e+02 3.843380129999999895e+02
4.204870000000000232e+02 3.143930050000000165e+02
4.237590030000000070e+02 2.833649899999999775e+02
4.639559939999999756e+02 3.549200129999999831e+02
4.531019900000000007e+02 3.661910100000000057e+02
4.339460139999999910e+02 3.913460079999999834e+02
3.899370119999999815e+02 3.002330019999999990e+02
4.423840030000000070e+02 3.960669859999999858e+02
3.701189880000000016e+02 3.474320069999999987e+02
4.746669919999999934e+02 3.657969969999999762e+02
3.974750060000000076e+02 2.869129940000000261e+02
4.204570009999999911e+02 3.090849910000000023e+02
4.187300109999999904e+02 2.942460019999999759e+02
4.384620059999999739e+02 3.288039860000000090e+02
4.650390009999999847e+02 3.009089969999999994e+02
4.000050049999999828e+02 4.008410030000000006e+02
4.345480039999999917e+02 2.927940060000000244e+02
4.746180110000000241e+02 3.020610050000000228e+02
4.614299930000000245e+02 3.034259950000000003e+02
4.522999879999999848e+02 3.303330080000000066e+02
3.979389949999999772e+02 3.964240110000000072e+02
4.472940060000000244e+02 3.246849980000000073e+02
4.242500000000000000e+02 2.924150089999999977e+02
4.258779910000000086e+02 4.026969910000000255e+02
4.534429930000000013e+02 3.208550109999999904e+02
4.015129999999999768e+02 2.953439940000000092e+02
4.070230099999999993e+02 4.156730039999999917e+02
4.425360109999999736e+02 3.038150019999999927e+02
4.569509889999999928e+02 3.453129880000000185e+02
4.601029970000000162e+02 3.752560119999999984e+02
4.630230099999999993e+02 3.677909849999999778e+02
4.676600040000000149e+02 3.749849849999999947e+02
4.005639949999999772e+02 3.967189940000000092e+02
4.020050049999999828e+02 2.926260070000000155e+02
3.966010130000000231e+02 3.843219910000000255e+02
4.257789920000000166e+02 3.824559939999999756e+02
3.986520080000000235e+02 3.014020080000000235e+02
4.055109860000000026e+02 4.135280149999999821e+02
4.468859860000000026e+02 3.302550049999999828e+02
4.040090030000000070e+02 4.232629999999999768e+02
4.416700129999999831e+02 3.651749879999999848e+02
4.372780149999999821e+02 3.785929869999999937e+02
4.279890139999999974e+02 3.786640009999999847e+02
4.582120059999999739e+02 3.253580019999999990e+02
4.041820069999999987e+02 2.979609990000000153e+02
4.211430050000000165e+02 3.821650089999999977e+02
3.979119870000000105e+02 4.078200069999999755e+02
4.469479979999999841e+02 2.934790039999999749e+02
4.275669859999999858e+02 4.030360109999999736e+02
4.718299870000000169e+02 3.665799870000000169e+02
4.447730099999999993e+02 3.570249939999999924e+02
4.818729860000000258e+02 3.386310119999999984e+02
4.405280149999999821e+02 3.414419859999999858e+02
3.996669919999999934e+02 2.905039980000000241e+02
4.481459960000000251e+02 3.935020139999999742e+02
3.842279970000000162e+02 3.466159969999999930e+02
3.760239869999999769e+02 3.306189880000000016e+02
4.227019960000000083e+02 3.688989869999999769e+02
4.358630069999999819e+02 3.233469850000000179e+02
4.378779910000000086e+02 3.764309999999999832e+02
4.475029910000000086e+02 3.387300109999999904e+02
4.336189880000000016e+02 4.633160100000000057e+02
4.016919859999999858e+02 2.886960139999999910e+02
4.410809939999999756e+02 3.112690119999999752e+02
4.275150150000000053e+02 4.005270080000000235e+02
4.061109920000000102e+02 2.872969969999999762e+02
4.292709960000000251e+02 3.297749939999999924e+02
4.345570069999999987e+02 3.638099980000000073e+02
4.344469910000000255e+02 2.841180110000000241e+02
3.940429990000000089e+02 4.038370059999999739e+02
3.942810059999999908e+02 3.038129880000000185e+02
4.323620000000000232e+02 3.510799870000000169e+02
4.498330080000000066e+02 3.816449890000000096e+02
4.229299930000000245e+02 3.302160030000000006e+02
4.315320130000000063e+02 3.065589899999999943e+02
4.472059939999999756e+02 3.064039920000000166e+02
4.004739989999999921e+02 2.944089969999999994e+02
4.052829899999999839e+02 2.940220029999999838e+02
4.618150019999999927e+02 3.328630069999999819e+02
4.681560059999999908e+02 3.434190060000000244e+02
4.782000120000000152e+02 3.298630069999999819e+02
3.685390009999999847e+02 3.584540099999999825e+02
4.618179930000000013e+02 3.448280030000000238e+02
4.148169859999999858e+02 3.739500120000000152e+02
4.579100040000000149e+02 3.798630069999999819e+02
4.093080140000000142e+02 2.951300049999999828e+02
4.401149899999999775e+02 3.754599910000000023e+02
3.619840090000000146e+02 3.447279970000000162e+02
4.249410100000000057e+02 4.488500060000000076e+02
3.882919919999999934e+02 3.996430050000000165e+02
4.002900089999999977e+02 4.035830080000000066e+02
4.593919980000000010e+02 3.598859860000000026e+02
4.477839969999999994e+02 2.927040099999999825e+02
4.024790039999999749e+02 2.992229919999999765e+02
4.650029910000000086e+02 3.250190119999999752e+02
4.506549989999999752e+02 3.341719969999999762e+02
4.343739929999999845e+02 3.458670040000000085e+02
4.586359860000000026e+02 3.768640139999999974e+02
4.248410030000000006e+02 3.701830140000000142e+02
3.912749939999999924e+02 4.104330140000000142e+02
4.364169919999999934e+02 2.915459900000000175e+02
4.550199890000000096e+02 3.717070009999999911e+02
4.361040039999999749e+02 3.903710019999999759e+02
3.637040099999999825e+02 3.451740110000000072e+02
4.467799989999999752e+02 3.530060119999999984e+02
4.341270139999999742e+02 3.134819949999999835e+02
4.387919919999999934e+02 3.832919919999999934e+02
4.581489869999999769e+02 3.606159969999999930e+02
4.506470029999999838e+02 3.900299989999999752e+02
4.156539920000000166e+02 4.491719969999999762e+02
4.384549870000000169e+02 3.546979979999999841e+02
4.210100100000000225e+02 3.214330140000000142e+02
4.432760010000000079e+02 3.714209900000000175e+02
4.201730039999999917e+02 3.911789860000000090e+02
4.324490049999999997e+02 3.005929869999999937e+02
4.210759889999999928e+02 3.214479979999999841e+02
4.169870000000000232e+02 3.149970089999999914e+02
4.368829959999999915e+02 3.100570069999999987e+02
4.311300049999999828e+02 3.506409909999999854e+02
4.449800109999999904e+02 3.153030089999999745e+02
4.200499879999999848e+02 3.948120119999999815e+02
4.404429930000000013e+02 3.442179869999999937e+02
3.768670040000000085e+02 3.738959960000000251e+02
4.723900150000000053e+02 3.365230099999999993e+02
4.358250120000000152e+02 3.470809939999999756e+02
4.550790099999999825e+02 3.730910030000000006e+02
4.067640079999999898e+02 2.832460019999999759e+02
4.650090030000000070e+02 3.437139890000000264e+02
4.522799989999999752e+02 3.422990110000000072e+02
4.458989869999999769e+02 3.876040039999999749e+02
4.655969850000000179e+02 3.202520139999999742e+02
4.181340030000000070e+02 3.849030149999999821e+02
4.537059939999999756e+02 2.951650089999999977e+02
4.207619930000000181e+02 3.759089969999999994e+02
4.631130069999999819e+02 3.607109990000000153e+02
4.251350100000000225e+02 2.860650019999999927e+02
4.055729979999999841e+02 3.760639949999999772e+02
4.503169859999999858e+02 3.408410030000000006e+02
4.011239929999999845e+02 4.244100040000000149e+02
4.089880069999999819e+02 3.039249879999999848e+02
4.788670040000000085e+02 3.385610050000000228e+02
4.635969850000000179e+02 3.728879999999999768e+02
4.384769900000000007e+02 3.896440119999999752e+02
4.326080019999999990e+02 3.738710019999999759e+02
4.217019960000000083e+02 3.064469910000000255e+02
3.994519960000000083e+02 3.938550109999999904e+02
4.280450129999999831e+02 3.962070009999999911e+02
4.158169859999999858e+02 4.115830080000000066e+02
4.370109860000000026e+02 3.399620059999999739e+02
4.317539980000000241e+02 3.785450129999999831e+02
3.851589969999999994e+02 3.968179930000000013e+02
4.305859990000000153e+02 3.070409849999999778e+02
4.731690060000000244e+02 3.496820069999999987e+02
3.862929990000000089e+02 3.463309939999999756e+02
3.777040099999999825e+02 3.660039980000000241e+02
4.312569889999999759e+02 4.137709960000000251e+02
4.379830019999999990e+02 3.924559939999999756e+02
4.520079959999999915e+02 3.365790099999999825e+02
4.350480039999999917e+02 3.859429930000000013e+02
4.395549930000000245e+02 3.036910100000000057e+02
4.768659969999999930e+02 3.582370000000000232e+02
4.316619870000000105e+02 4.271600040000000149e+02
4.043439940000000092e+02 2.791579899999999839e+02
3.905499879999999848e+02 3.620409849999999778e+02
4.617210079999999834e+02 3.363559880000000248e+02
4.489070130000000063e+02 3.196480099999999993e+02
3.941700129999999831e+02 4.076279910000000086e+02
3.882900089999999977e+02 4.021870119999999815e+02
4.247860109999999736e+02 3.724509889999999928e+02
4.533500060000000076e+02 2.955230099999999993e+02
3.994909969999999930e+02 4.105729979999999841e+02
4.335310059999999908e+02 3.066990049999999997e+02
4.401659849999999778e+02 3.728970029999999838e+02
4.270440060000000244e+02 3.606809999999999832e+02
4.685180050000000165e+02 3.487999879999999848e+02
4.075880129999999895e+02 3.033129880000000185e+02
4.264039920000000166e+02 4.337770080000000235e+02
4.175950010000000248e+02 3.917789920000000166e+02
4.331270139999999742e+02 2.957269900000000007e+02
4.334989929999999845e+02 3.798030089999999745e+02
4.100570069999999987e+02 3.949859920000000102e+02
3.877200010000000248e+02 3.927430110000000241e+02
3.876650089999999977e+02 4.012210079999999834e+02
4.217340090000000146e+02 3.756860050000000228e+02
4.332669980000000010e+02 3.402919919999999934e+02
4.426629940000000261e+02 3.632709960000000251e+02
4.581510010000000079e+02 3.856010130000000231e+02
4.455700069999999755e+02 3.632810059999999908e+02
4.672669980000000010e+02 3.531830140000000142e+02
4.449049989999999752e+02 3.705660100000000057e+02
4.053540039999999749e+02 3.810150150000000053e+02
4.410509950000000003e+02 3.134179990000000089e+02
4.132430110000000241e+02 2.930710139999999910e+02
3.715650019999999927e+02 3.314049989999999752e+02
4.181359860000000026e+02 3.005580140000000142e+02
4.214580080000000066e+02 3.937569889999999759e+02
4.514649959999999851e+02 3.720820009999999911e+02
4.482579959999999915e+02 3.841589969999999994e+02
4.205469969999999762e+02 3.970589899999999943e+02
4.791239929999999845e+02 3.533469850000000179e+02
4.584849849999999947e+02 3.334660030000000006e+02
4.398110050000000228e+02 2.899159849999999778e+02
4.545239869999999769e+02 3.561359860000000026e+02
4.518850100000000225e+02 3.194419859999999858e+02
4.644909969999999930e+02 3.103089899999999943e+02
4.238949890000000096e+02 3.116409909999999854e+02
4.676499939999999924e+02 3.556640009999999847e+02
4.531749879999999848e+02 2.700960079999999834e+02
4.764219969999999762e+02 3.424580080000000066e+02
3.943070069999999987e+02 3.008139949999999772e+02
4.235870059999999739e+02 2.974989929999999845e+02
3.758630069999999819e+02 3.720870059999999739e+02
4.360469969999999762e+02 3.504670100000000161e+02
4.040509950000000003e+02 4.097269900000000007e+02
4.053989869999999769e+02 4.075969850000000179e+02
4.528070069999999987e+02 3.314370119999999815e+02
4.743269960000000083e+02 3.155769960000000083e+02
4.430690000000000168e+02 2.980129999999999768e+02
4.705320130000000063e+02 3.732449950000000172e+02
4.271159969999999930e+02 3.038680110000000241e+02
4.329970089999999914e+02 3.681260070000000155e+02
4.207269900000000007e+02 4.051979979999999841e+02
4.672609860000000026e+02 3.295759889999999928e+02
4.494270020000000159e+02 3.213859860000000026e+02
4.330360109999999736e+02 3.027619930000000181e+02
4.119590150000000222e+02 3.889939880000000016e+02
4.224039920000000166e+02 3.710710139999999910e+02
3.779590150000000222e+02 3.364140009999999847e+02
4.328179930000000013e+02 4.473410030000000006e+02
4.778510130000000231e+02 3.294419859999999858e+02
4.654689940000000092e+02 3.699219969999999762e+02
4.186690060000000244e+02 2.690119930000000181e+02
4.365469969999999762e+02 3.896470029999999838e+02
4.565929869999999937e+02 3.871860050000000228e+02
4.572780149999999821e+02 3.492250060000000076e+02
4.375929869999999937e+02 3.846459960000000251e+02
4.274559939999999756e+02 3.881369930000000181e+02
4.272869870000000105e+02 2.997709960000000251e+02
4.551019900000000007e+02 3.828110050000000228e+02
4.517839969999999994e+02 3.725440060000000244e+02
