1.395700070000000039e+02 4.013810119999999984e+02
2.281860049999999944e+02 4.042659909999999854e+02
1.297480009999999879e+02 4.151730039999999917e+02
2.430630040000000065e+02 4.416159969999999930e+02
1.638079989999999952e+02 3.594450069999999755e+02
1.545879970000000014e+02 3.421239929999999845e+02
2.171000060000000076e+02 3.532449950000000172e+02
2.389439999999999884e+02 3.365700069999999755e+02
1.703569950000000119e+02 3.713009950000000003e+02
2.286770019999999874e+02 4.086560059999999908e+02
1.261470029999999980e+02 4.264779970000000162e+02
1.998619999999999948e+02 4.171809999999999832e+02
1.546380000000000052e+02 3.577529910000000086e+02
1.886219940000000008e+02 4.173729860000000258e+02
1.775350039999999865e+02 4.159570009999999911e+02
2.038869929999999897e+02 4.406870119999999815e+02
1.389159999999999968e+02 4.194299930000000245e+02
1.629880070000000103e+02 4.212200010000000248e+02
1.135250020000000006e+02 3.992349849999999947e+02
1.915079959999999915e+02 4.237969969999999762e+02
1.132689969999999988e+02 3.972829899999999839e+02
1.734259950000000003e+02 4.256820069999999987e+02
1.522920070000000123e+02 3.476489869999999769e+02
9.516100299999999379e+01 4.162799989999999752e+02
1.780160060000000044e+02 4.029020080000000235e+02
1.766499939999999924e+02 3.714849849999999947e+02
1.651210020000000043e+02 3.455129999999999768e+02
1.280359950000000140e+02 3.609519960000000083e+02
1.538780059999999992e+02 3.722659909999999854e+02
1.381909939999999892e+02 3.695280149999999821e+02
2.394470059999999876e+02 4.079089969999999994e+02
1.377839969999999994e+02 4.026000060000000076e+02
1.938750000000000000e+02 3.423819889999999759e+02
2.111260069999999871e+02 4.148729860000000258e+02
1.447270049999999912e+02 3.634100040000000149e+02
2.195000000000000000e+02 4.136589969999999994e+02
2.125700070000000039e+02 4.242799989999999752e+02
1.756390079999999898e+02 4.309920040000000085e+02
1.738119959999999935e+02 4.355350040000000149e+02
1.128740010000000069e+02 4.181879880000000185e+02
1.376810000000000116e+02 4.276069949999999835e+02
1.738990019999999959e+02 4.067619930000000181e+02
1.766289979999999957e+02 3.500020139999999742e+02
1.888359989999999868e+02 4.171029970000000162e+02
1.548809970000000078e+02 4.216340030000000070e+02
1.768659969999999930e+02 3.719070130000000063e+02
1.679420010000000048e+02 4.092189940000000092e+02
2.041629939999999976e+02 4.247999879999999848e+02
1.024599989999999963e+02 4.194020080000000235e+02
1.508189999999999884e+02 4.301990049999999997e+02
1.088519969999999972e+02 3.904890139999999974e+02
1.944519960000000083e+02 3.631229860000000258e+02
2.275350039999999865e+02 3.636050109999999904e+02
1.707400049999999965e+02 4.665360109999999736e+02
1.257389979999999952e+02 4.184159849999999778e+02
1.184779970000000020e+02 3.898559880000000248e+02
1.183610000000000042e+02 4.235029910000000086e+02
1.565229950000000088e+02 3.554809880000000248e+02
1.331710050000000081e+02 4.006350100000000225e+02
1.263079989999999952e+02 4.307600100000000225e+02
1.629100039999999865e+02 3.805669859999999858e+02
1.389570009999999911e+02 3.887990110000000072e+02
1.576320039999999949e+02 3.848229979999999841e+02
2.355059970000000078e+02 4.055150150000000053e+02
2.095520019999999874e+02 3.422009889999999928e+02
2.430729980000000126e+02 4.541449890000000096e+02
1.436219940000000008e+02 3.572489929999999845e+02
1.184940030000000064e+02 4.043179930000000013e+02
1.824799959999999999e+02 4.708609920000000102e+02
1.513020019999999874e+02 4.121610109999999736e+02
1.114879990000000021e+02 3.939949950000000172e+02
1.295500030000000038e+02 3.455520020000000159e+02
1.313309940000000040e+02 3.620409849999999778e+02
1.309949949999999887e+02 4.089880069999999819e+02
1.324270019999999874e+02 4.175660100000000057e+02
1.692769930000000045e+02 4.715509950000000003e+02
1.249170000000000016e+02 4.166120000000000232e+02
1.532239989999999921e+02 4.306830140000000142e+02
2.090189970000000130e+02 3.440239869999999769e+02
2.169069979999999873e+02 3.786820069999999987e+02
2.262859950000000140e+02 4.325199890000000096e+02
1.046829989999999952e+02 4.520329899999999839e+02
2.377109989999999868e+02 4.155369870000000105e+02
1.538659969999999930e+02 3.600559999999999832e+02
2.162790070000000071e+02 4.303580019999999990e+02
1.506929930000000013e+02 4.184209900000000175e+02
1.160230030000000028e+02 4.010870059999999739e+02
2.162920070000000123e+02 4.373919980000000010e+02
2.385260010000000079e+02 4.415929869999999937e+02
1.799949949999999887e+02 4.293869930000000181e+02
2.086580050000000028e+02 4.066910100000000057e+02
1.439179990000000089e+02 3.764100040000000149e+02
1.627070009999999911e+02 3.468980099999999993e+02
1.579170070000000123e+02 3.876600040000000149e+02
1.974340060000000108e+02 4.152019960000000083e+02
1.752380070000000103e+02 3.518630069999999819e+02
1.637100069999999903e+02 3.661650089999999977e+02
1.835529940000000124e+02 3.405790099999999825e+02
2.334250030000000038e+02 3.428469850000000179e+02
1.627480009999999879e+02 3.674899899999999775e+02
2.302830050000000028e+02 3.442470089999999914e+02
1.719700009999999963e+02 3.582479860000000258e+02
1.412810059999999908e+02 3.712380069999999819e+02
2.272850039999999865e+02 4.092170100000000161e+02
1.190309979999999968e+02 3.913380129999999895e+02
1.107939989999999995e+02 4.191149899999999775e+02
1.603589939999999956e+02 4.347359920000000102e+02
9.844699900000000525e+01 4.128739929999999845e+02
2.164049990000000037e+02 4.302030030000000238e+02
1.120299990000000037e+02 4.041270139999999742e+02
2.174259950000000003e+02 3.873179930000000013e+02
1.723730009999999879e+02 4.292500000000000000e+02
1.126520000000000010e+02 4.088869930000000181e+02
2.374409939999999892e+02 4.031409909999999854e+02
1.942539979999999957e+02 3.549819949999999835e+02
1.908350069999999903e+02 4.283510130000000231e+02
1.678630070000000103e+02 4.061650089999999977e+02
2.200930020000000127e+02 4.154719850000000179e+02
1.442960050000000081e+02 4.056979979999999841e+02
1.487460020000000043e+02 3.785409849999999778e+02
2.209759980000000041e+02 4.140450129999999831e+02
2.000899960000000135e+02 4.425459900000000175e+02
1.565200040000000001e+02 3.799320069999999987e+02
1.497740019999999959e+02 4.104349980000000073e+02
1.765299990000000037e+02 3.435469969999999762e+02
1.453150019999999927e+02 4.111059880000000248e+02
2.308769990000000121e+02 4.365690000000000168e+02
1.565919949999999972e+02 3.707090150000000222e+02
1.327960050000000081e+02 3.433590090000000146e+02
1.212409969999999930e+02 4.166510010000000079e+02
1.348979950000000088e+02 4.211409909999999854e+02
2.339889980000000094e+02 4.227640079999999898e+02
1.512310029999999870e+02 4.164819949999999835e+02
2.086629939999999976e+02 4.238800049999999828e+02
2.392769930000000045e+02 4.188569949999999835e+02
2.201730039999999917e+02 4.657820130000000063e+02
1.416679990000000089e+02 3.577319949999999835e+02
1.618000030000000038e+02 3.426459960000000251e+02
1.563099980000000073e+02 4.308680110000000241e+02
2.161060029999999870e+02 3.806019900000000007e+02
2.328060000000000116e+02 4.395889890000000264e+02
2.189590000000000032e+02 4.201310119999999984e+02
2.296100010000000111e+02 3.803280030000000238e+02
2.064519960000000083e+02 4.266830140000000142e+02
1.195380020000000059e+02 3.923670040000000085e+02
1.563410030000000006e+02 4.581449890000000096e+02
1.532129970000000014e+02 3.728750000000000000e+02
1.207750020000000006e+02 3.901849980000000073e+02
1.632830050000000028e+02 3.571589969999999994e+02
1.538049929999999961e+02 4.204880069999999819e+02
1.414779969999999878e+02 3.673460079999999834e+02
1.206650010000000037e+02 4.251059880000000248e+02
1.911810000000000116e+02 3.499590150000000222e+02
1.944499969999999962e+02 3.794450069999999755e+02
1.199430009999999953e+02 4.217669980000000010e+02
2.176439970000000130e+02 4.291180110000000241e+02
1.260820010000000053e+02 3.941579899999999839e+02
2.328410030000000006e+02 4.266480099999999993e+02
2.384510040000000117e+02 4.069079899999999839e+02
2.146450040000000001e+02 4.371250000000000000e+02
1.494869999999999948e+02 3.508620000000000232e+02
1.135400010000000037e+02 3.931210019999999759e+02
1.906540070000000071e+02 4.078659969999999930e+02
1.822859950000000140e+02 4.029540099999999825e+02
9.754699700000000462e+01 4.392669980000000010e+02
1.144089969999999994e+02 3.951000060000000076e+02
2.296340030000000070e+02 4.131610109999999736e+02
1.316470030000000122e+02 4.280199890000000096e+02
1.754429930000000013e+02 4.235559999999999832e+02
1.739499969999999962e+02 4.322479860000000258e+02
1.149069980000000015e+02 4.207959900000000175e+02
1.613829959999999915e+02 3.469540099999999825e+02
1.769620060000000024e+02 4.006029970000000162e+02
1.741289979999999957e+02 4.109920040000000085e+02
1.535930020000000127e+02 4.097749939999999924e+02
1.097860029999999938e+02 4.134500120000000152e+02
1.234940030000000064e+02 4.049960019999999759e+02
1.333260040000000117e+02 3.612709960000000251e+02
1.587660060000000044e+02 3.510599980000000073e+02
1.524790040000000033e+02 3.772850040000000149e+02
1.755679930000000013e+02 3.539320069999999987e+02
1.247929989999999947e+02 3.487950129999999831e+02
1.606179960000000051e+02 4.083890079999999898e+02
1.886340030000000070e+02 4.114549870000000169e+02
2.174380040000000065e+02 4.418729860000000258e+02
1.794080050000000028e+02 3.679419859999999858e+02
2.150429990000000089e+02 4.111969910000000255e+02
2.346210020000000043e+02 4.201679990000000089e+02
1.776289979999999957e+02 3.754079899999999839e+02
1.137350009999999969e+02 4.515100100000000225e+02
1.469629970000000014e+02 3.438120119999999815e+02
2.284409939999999892e+02 3.445499879999999848e+02
2.413029940000000124e+02 4.101379999999999768e+02
1.653189999999999884e+02 4.670029910000000086e+02
1.556549990000000037e+02 3.789089969999999994e+02
1.766320039999999949e+02 3.712000120000000152e+02
1.175479969999999952e+02 4.028269960000000083e+02
2.051869959999999935e+02 4.163049930000000245e+02
2.419239959999999883e+02 4.231050109999999904e+02
1.355820009999999911e+02 4.087359920000000102e+02
1.696979980000000126e+02 4.118559880000000248e+02
1.923329929999999877e+02 3.444890139999999974e+02
1.025019989999999979e+02 4.123789980000000241e+02
1.714259950000000003e+02 4.298529970000000162e+02
1.545659939999999892e+02 3.577260130000000231e+02
1.145049970000000030e+02 3.955360109999999736e+02
1.710870060000000024e+02 3.811480099999999993e+02
1.918910060000000044e+02 3.438970029999999838e+02
1.832440029999999922e+02 4.375230099999999993e+02
1.760119929999999897e+02 4.203770139999999742e+02
1.792019960000000083e+02 3.460539860000000090e+02
1.710930020000000127e+02 4.386489869999999769e+02
2.290330050000000028e+02 4.116619870000000105e+02
2.356210020000000043e+02 4.174630129999999895e+02
1.537389980000000094e+02 4.044110109999999736e+02
1.270100020000000001e+02 4.233670040000000085e+02
1.690149989999999889e+02 4.110169980000000010e+02
1.971929930000000013e+02 3.496390079999999898e+02
1.117129970000000014e+02 4.001719969999999762e+02
1.211139979999999952e+02 3.968760070000000155e+02
1.060889970000000062e+02 4.056270139999999742e+02
1.078229979999999983e+02 4.133030089999999745e+02
1.727279969999999878e+02 4.017430110000000241e+02
2.081649930000000097e+02 3.447399899999999775e+02
1.573730009999999879e+02 4.515899959999999851e+02
1.844850010000000111e+02 3.392109990000000153e+02
1.919649960000000135e+02 4.088389890000000264e+02
1.323619999999999948e+02 3.645599980000000073e+02
1.524649960000000135e+02 3.526239929999999845e+02
1.162600020000000001e+02 4.231189880000000016e+02
1.354499969999999962e+02 4.023250120000000152e+02
1.283300020000000075e+02 4.258810119999999984e+02
1.698899989999999889e+02 4.066270139999999742e+02
1.668480069999999955e+02 4.097319949999999835e+02
1.671770019999999874e+02 4.068680110000000241e+02
1.780720059999999876e+02 3.572009889999999928e+02
1.404810029999999870e+02 4.188280030000000238e+02
2.196649930000000097e+02 4.341069949999999835e+02
1.846080019999999990e+02 3.490409849999999778e+02
1.742920070000000123e+02 3.605060119999999984e+02
1.385130000000000052e+02 3.742420040000000085e+02
1.596889950000000056e+02 4.117510070000000155e+02
1.782559970000000078e+02 4.132340090000000146e+02
1.920310059999999908e+02 4.207090150000000222e+02
1.606649930000000097e+02 4.097049870000000169e+02
1.656199949999999887e+02 3.406589969999999994e+02
2.061089939999999956e+02 4.187409969999999930e+02
2.070549929999999961e+02 4.272650150000000053e+02
1.751119999999999948e+02 3.685419919999999934e+02
1.464120029999999986e+02 3.465280149999999821e+02
1.662550050000000113e+02 4.219309999999999832e+02
2.168329929999999877e+02 3.826149899999999775e+02
2.081880040000000065e+02 3.425690000000000168e+02
1.282749939999999924e+02 4.284880069999999819e+02
1.029909969999999930e+02 4.235939940000000092e+02
1.564579929999999877e+02 3.757579959999999915e+02
1.785720059999999876e+02 4.198349910000000023e+02
1.137920000000000016e+02 3.893059999999999832e+02
1.715460050000000081e+02 4.308689880000000016e+02
1.141230010000000021e+02 4.277720029999999838e+02
1.310800020000000075e+02 4.074830019999999990e+02
1.763760069999999871e+02 4.248389890000000264e+02
1.927389980000000094e+02 3.380159909999999854e+02
1.692129970000000014e+02 3.383370059999999739e+02
2.091049959999999999e+02 4.333959960000000251e+02
2.045549929999999961e+02 4.209570009999999911e+02
1.177630000000000052e+02 4.324609990000000153e+02
1.243430019999999985e+02 3.900390009999999847e+02
2.181320039999999949e+02 4.159599910000000023e+02
1.836430049999999881e+02 4.147250060000000076e+02
1.813659969999999930e+02 3.738540039999999749e+02
2.009279940000000124e+02 4.279410100000000057e+02
1.845050050000000113e+02 3.672760010000000079e+02
1.385039979999999957e+02 4.103210139999999910e+02
1.295209959999999967e+02 3.961749879999999848e+02
9.529099999999999682e+01 4.248550109999999904e+02
2.123430020000000127e+02 4.236019900000000007e+02
1.782909999999999968e+02 4.106749879999999848e+02
1.421269990000000121e+02 3.651159969999999930e+02
2.177689970000000130e+02 3.482770080000000235e+02
2.374640049999999860e+02 4.267330019999999990e+02
2.166840060000000108e+02 3.477160030000000006e+02
1.651080019999999990e+02 3.725580140000000142e+02
2.070549929999999961e+02 4.131279910000000086e+02
1.567590030000000070e+02 4.003340150000000222e+02
1.633099980000000073e+02 3.522160030000000006e+02
1.794219970000000046e+02 3.769809880000000248e+02
1.530019990000000121e+02 3.802600100000000225e+02
1.977530059999999992e+02 4.143810119999999984e+02
2.376069950000000119e+02 4.359299930000000245e+02
1.719730069999999955e+02 3.793120119999999815e+02
1.287389980000000094e+02 3.475090030000000070e+02
1.620339969999999994e+02 3.459970089999999914e+02
1.641770019999999874e+02 4.082439880000000016e+02
2.263410030000000006e+02 4.283599849999999947e+02
1.719490049999999997e+02 4.224660030000000006e+02
1.133489990000000063e+02 3.757760010000000079e+02
1.703950040000000001e+02 4.271400150000000053e+02
2.307200009999999963e+02 3.826919859999999858e+02
1.741950070000000039e+02 3.571870119999999815e+02
2.077870029999999986e+02 4.173460079999999834e+02
1.209560010000000005e+02 4.061730039999999917e+02
2.077640079999999898e+02 4.085469969999999762e+02
1.526710050000000081e+02 4.457130129999999895e+02
1.376269990000000121e+02 3.944870000000000232e+02
1.296580050000000028e+02 3.423580019999999990e+02
1.908110049999999944e+02 4.153999939999999924e+02
2.060449979999999925e+02 4.360230099999999993e+02
1.275080030000000022e+02 3.504649959999999851e+02
2.298439940000000092e+02 4.041539920000000166e+02
1.090149990000000031e+02 3.976749879999999848e+02
1.343860019999999906e+02 4.318739929999999845e+02
1.636419980000000010e+02 4.295280149999999821e+02
1.481179960000000051e+02 4.008299870000000169e+02
2.097749939999999924e+02 4.291430050000000165e+02
1.690520019999999874e+02 4.363359990000000153e+02
1.545809940000000040e+02 3.661770020000000159e+02
2.101479950000000088e+02 4.284320069999999987e+02
1.346730039999999917e+02 3.872500000000000000e+02
1.911909939999999892e+02 4.140199890000000096e+02
1.627250060000000076e+02 3.399150089999999977e+02
1.685820009999999911e+02 3.610599980000000073e+02
1.936640010000000132e+02 4.315969850000000179e+02
1.567799990000000037e+02 3.454400019999999927e+02
2.052469940000000008e+02 4.295629880000000185e+02
2.350059970000000078e+02 4.043309939999999756e+02
1.811430049999999881e+02 4.363800049999999828e+02
1.631649930000000097e+02 3.606520080000000235e+02
1.617729950000000088e+02 3.504039920000000166e+02
1.920800020000000075e+02 4.372130129999999895e+02
1.579310000000000116e+02 4.381069949999999835e+02
1.518560029999999870e+02 3.751669919999999934e+02
2.131609950000000140e+02 4.074110109999999736e+02
1.668470000000000084e+02 3.659660030000000006e+02
1.379159999999999968e+02 3.991669919999999934e+02
1.256279980000000052e+02 4.145480039999999917e+02
2.005180049999999881e+02 4.035299989999999752e+02
1.588390049999999860e+02 4.109469910000000255e+02
1.165039979999999957e+02 3.985880129999999895e+02
1.864920040000000085e+02 3.661359860000000026e+02
2.344590000000000032e+02 4.317999879999999848e+02
1.411100010000000111e+02 3.689689940000000092e+02
1.818760069999999871e+02 3.710000000000000000e+02
2.409080050000000028e+02 4.343389890000000264e+02
1.730209959999999967e+02 4.005299989999999752e+02
1.627640079999999898e+02 4.253030089999999745e+02
1.781369929999999897e+02 3.741069949999999835e+02
1.721929930000000013e+02 3.648590090000000146e+02
1.825039979999999957e+02 3.499670100000000161e+02
1.193550029999999964e+02 4.030159909999999854e+02
1.459940029999999922e+02 4.259020080000000235e+02
1.907230069999999955e+02 4.197160030000000006e+02
1.003160019999999975e+02 4.583580019999999990e+02
2.018950040000000001e+02 4.217179869999999937e+02
1.556130070000000103e+02 3.770320130000000063e+02
1.877519990000000121e+02 4.537640079999999898e+02
1.598410030000000006e+02 3.600220029999999838e+02
1.183799970000000030e+02 3.947130129999999895e+02
2.082079929999999877e+02 3.419320069999999987e+02
1.776439970000000130e+02 3.752510070000000155e+02
2.020970000000000084e+02 4.217829899999999839e+02
2.096730039999999917e+02 4.419880069999999819e+02
1.886269990000000121e+02 3.404909969999999930e+02
1.586219940000000008e+02 4.349909969999999930e+02
1.664579929999999877e+02 3.806090090000000146e+02
2.337619929999999897e+02 4.434880069999999819e+02
2.215560000000000116e+02 4.056659849999999778e+02
1.645579989999999952e+02 3.619750060000000076e+02
1.265400010000000037e+02 4.068460079999999834e+02
1.553699949999999887e+02 4.131099849999999947e+02
1.248069990000000047e+02 4.418240049999999997e+02
2.416659999999999968e+02 4.210989989999999921e+02
9.706500200000000689e+01 4.422300109999999904e+02
1.275210040000000049e+02 4.043020020000000159e+02
1.914720000000000084e+02 3.470150150000000053e+02
2.160079959999999915e+02 3.896059880000000248e+02
1.812429960000000051e+02 3.389710079999999834e+02
1.703110049999999944e+02 3.728190000000000168e+02
1.662079929999999877e+02 3.567609860000000026e+02
1.509680020000000127e+02 4.333510130000000231e+02
1.091549990000000037e+02 3.921740110000000072e+02
1.831130070000000103e+02 4.047200010000000248e+02
2.200059970000000078e+02 4.327390139999999974e+02
1.569369959999999935e+02 3.972869870000000105e+02
1.365050050000000113e+02 3.588800049999999828e+02
1.301170040000000085e+02 3.971789860000000090e+02
1.709340060000000108e+02 4.048869930000000181e+02
1.553580019999999990e+02 3.779289860000000090e+02
1.915110019999999906e+02 3.466780089999999745e+02
1.728509980000000041e+02 4.389379880000000185e+02
1.488950040000000001e+02 4.122969969999999762e+02
1.959779969999999878e+02 4.037189940000000092e+02
2.232160030000000006e+02 3.449679869999999937e+02
1.501770019999999874e+02 3.962040099999999825e+02
1.355709990000000005e+02 4.199010010000000079e+02
1.352230069999999955e+02 4.095950010000000248e+02
1.621219940000000008e+02 3.827980039999999917e+02
1.086149979999999999e+02 3.892330019999999990e+02
2.283470000000000084e+02 3.446430050000000165e+02
1.060409999999999968e+02 4.177260130000000231e+02
1.836170040000000085e+02 3.525790099999999825e+02
2.262409969999999930e+02 4.105679930000000013e+02
1.416679990000000089e+02 3.442380069999999819e+02
2.218419949999999972e+02 4.144729919999999765e+02
1.527510069999999871e+02 4.276489869999999769e+02
1.556430049999999881e+02 3.429880069999999819e+02
1.252060010000000005e+02 3.469620059999999739e+02
1.754439999999999884e+02 4.268410030000000006e+02
2.098919980000000010e+02 4.090920100000000161e+02
2.220500030000000038e+02 4.228559880000000248e+02
1.793630070000000103e+02 3.435740049999999997e+02
2.180379939999999976e+02 4.245209960000000251e+02
1.008119959999999935e+02 4.459049989999999752e+02
1.116009980000000041e+02 4.173569949999999835e+02
1.838979950000000088e+02 3.451090090000000146e+02
1.774499969999999962e+02 4.399609990000000153e+02
2.070339969999999994e+02 4.274070130000000063e+02
1.748079989999999952e+02 3.760950010000000248e+02
1.515980069999999955e+02 4.310989989999999921e+02
1.326329959999999915e+02 3.975079959999999915e+02
1.620090030000000070e+02 3.655780030000000238e+02
1.867339939999999956e+02 3.402290039999999749e+02
1.131610029999999938e+02 4.649190060000000244e+02
1.677590030000000070e+02 3.404760130000000231e+02
1.636519930000000045e+02 3.406050109999999904e+02
1.719720000000000084e+02 3.498789980000000241e+02
1.441329959999999915e+02 3.561560059999999908e+02
1.398070069999999987e+02 3.679590150000000222e+02
2.280149989999999889e+02 4.386650089999999977e+02
1.939060059999999908e+02 4.074320069999999987e+02
1.570209959999999967e+02 4.018529970000000162e+02
1.112689969999999988e+02 3.974280089999999745e+02
1.404900049999999965e+02 4.199320069999999987e+02
1.886109920000000102e+02 3.589930110000000241e+02
1.653079989999999952e+02 3.466449890000000096e+02
1.173870009999999979e+02 3.890020139999999742e+02
9.724700199999999484e+01 4.160100100000000225e+02
1.334299929999999961e+02 4.026279910000000086e+02
1.591810000000000116e+02 3.544469910000000255e+02
1.921869959999999935e+02 4.391279910000000086e+02
2.212209929999999929e+02 3.440220029999999838e+02
1.733060000000000116e+02 4.205260010000000079e+02
1.464510040000000117e+02 3.594159849999999778e+02
1.913189999999999884e+02 4.094249879999999848e+02
1.318930049999999881e+02 3.956010130000000231e+02
2.131000060000000076e+02 4.102770080000000235e+02
2.428150019999999927e+02 4.431040039999999749e+02
1.702760010000000079e+02 3.562390139999999974e+02
2.175050050000000113e+02 3.424790039999999749e+02
1.688229980000000126e+02 3.508840030000000070e+02
1.090469970000000046e+02 4.142929990000000089e+02
2.385610049999999944e+02 4.083070069999999987e+02
1.784299929999999961e+02 3.442919919999999934e+02
2.135110019999999906e+02 4.370190119999999752e+02
1.683009950000000003e+02 3.419890139999999974e+02
1.383130040000000065e+02 3.971530149999999821e+02
1.206520000000000010e+02 3.935610050000000228e+02
1.994490049999999997e+02 3.470929869999999937e+02
1.357500000000000000e+02 4.151300049999999828e+02
2.390319979999999873e+02 4.330910030000000006e+02
1.791089939999999956e+02 4.116239929999999845e+02
1.797270049999999912e+02 3.783640139999999974e+02
1.777940059999999960e+02 3.628999939999999924e+02
2.110079959999999915e+02 4.062009889999999928e+02
1.121119999999999948e+02 4.197160030000000006e+02
1.694089969999999994e+02 4.136700129999999831e+02
1.917870029999999986e+02 4.040769960000000083e+02
2.214640049999999860e+02 4.145379940000000261e+02
1.273270030000000048e+02 3.509079899999999839e+02
1.552209929999999929e+02 3.519079899999999839e+02
2.236979980000000126e+02 3.445780030000000238e+02
1.480449979999999925e+02 3.692189940000000092e+02
1.625729980000000126e+02 3.471539920000000166e+02
2.217579959999999915e+02 4.239549870000000169e+02
1.519439999999999884e+02 4.028980099999999993e+02
1.702530059999999992e+02 3.548609920000000102e+02
1.658829959999999915e+02 3.751740110000000072e+02
1.517640079999999898e+02 3.467009889999999928e+02
1.287830050000000028e+02 4.200190119999999752e+02
1.237340010000000063e+02 4.124280089999999745e+02
1.953829959999999915e+02 4.158609920000000102e+02
1.493820039999999949e+02 3.980159909999999854e+02
1.978459929999999929e+02 4.248789980000000241e+02
1.244550019999999932e+02 4.159320069999999987e+02
1.186399990000000031e+02 3.978620000000000232e+02
1.718280029999999954e+02 4.242510070000000155e+02
2.345070039999999949e+02 4.184679869999999937e+02
1.705260010000000079e+02 4.378500060000000076e+02
1.525729980000000126e+02 3.401530149999999821e+02
1.759310000000000116e+02 4.269490049999999997e+02
1.735890049999999860e+02 4.178879999999999768e+02
1.980149989999999889e+02 4.309429930000000013e+02
1.186449970000000036e+02 4.249259950000000003e+02
2.327369999999999948e+02 4.080150150000000053e+02
2.188159939999999892e+02 4.207850040000000149e+02
1.447109989999999868e+02 3.595369870000000105e+02
1.757230069999999955e+02 4.048569949999999835e+02
2.218500060000000076e+02 4.408640139999999974e+02
1.105569990000000047e+02 4.177520139999999742e+02
2.407870029999999986e+02 4.290069889999999759e+02
1.395099950000000035e+02 3.633200069999999755e+02
1.908390049999999860e+02 3.700350040000000149e+02
2.432209929999999929e+02 4.113429869999999937e+02
2.174049990000000037e+02 3.570060119999999984e+02
1.520720059999999876e+02 3.424039920000000166e+02
1.429779969999999878e+02 3.619500120000000152e+02
1.574320069999999987e+02 3.500820009999999911e+02
1.494850010000000111e+02 4.174670100000000161e+02
1.085070039999999949e+02 3.932609860000000026e+02
1.424179990000000089e+02 4.091700129999999831e+02
2.342100069999999903e+02 3.730119930000000181e+02
1.780370029999999986e+02 3.436719969999999762e+02
1.938379970000000014e+02 3.413439940000000092e+02
1.106559979999999968e+02 3.992390139999999974e+02
1.526549990000000037e+02 3.451820069999999987e+02
1.566280059999999992e+02 3.832200010000000248e+02
1.435160060000000044e+02 4.277359920000000102e+02
2.055749969999999962e+02 4.108980099999999993e+02
1.534519960000000083e+02 4.068890079999999898e+02
1.325269930000000045e+02 3.421400150000000053e+02
1.463589939999999956e+02 3.714570009999999911e+02
1.638439940000000092e+02 4.095809939999999756e+02
1.755220030000000122e+02 4.285969850000000179e+02
1.850379939999999976e+02 3.593009950000000003e+02
1.804889980000000094e+02 3.760369870000000105e+02
2.341139980000000094e+02 4.501719969999999762e+02
1.857350010000000111e+02 3.670880129999999895e+02
1.943910060000000044e+02 3.633349910000000023e+02
1.571499939999999924e+02 4.008039860000000090e+02
9.940599799999999675e+01 4.222879940000000261e+02
1.974290009999999995e+02 4.324739989999999921e+02
1.293869929999999897e+02 3.497430110000000241e+02
1.508099980000000073e+02 4.276749879999999848e+02
1.851589969999999994e+02 3.473089899999999943e+02
1.719190059999999960e+02 4.367189940000000092e+02
1.840549929999999961e+02 4.354960019999999759e+02
1.478130040000000065e+02 3.691849980000000073e+02
1.042890009999999990e+02 3.924370119999999815e+02
1.883609920000000102e+02 4.361040039999999749e+02
2.106629939999999976e+02 4.282309880000000248e+02
2.114810029999999870e+02 4.144920040000000085e+02
1.077580030000000022e+02 4.106120000000000232e+02
1.856089939999999956e+02 4.239169919999999934e+02
1.346589969999999994e+02 3.998800049999999828e+02
1.344429930000000013e+02 3.619549870000000169e+02
1.966239930000000129e+02 4.119509889999999928e+02
2.184929960000000051e+02 3.611159969999999930e+02
1.747989959999999883e+02 3.498139949999999772e+02
2.005110019999999906e+02 4.279549870000000169e+02
1.776990049999999997e+02 4.300050049999999828e+02
1.673170010000000048e+02 3.810610050000000228e+02
1.562859950000000140e+02 4.062529910000000086e+02
1.763099980000000073e+02 3.660050049999999828e+02
1.902729950000000088e+02 4.138989869999999769e+02
2.014089969999999994e+02 3.768190000000000168e+02
1.791499939999999924e+02 3.667200010000000248e+02
1.572680049999999881e+02 4.324549870000000169e+02
2.355200040000000001e+02 4.318070069999999987e+02
1.650619959999999935e+02 4.269479979999999841e+02
2.256790009999999995e+02 4.354100040000000149e+02
1.965229950000000088e+02 4.580530089999999745e+02
2.161499939999999924e+02 4.068739929999999845e+02
1.456609950000000140e+02 3.591629940000000261e+02
1.669199979999999925e+02 3.770000000000000000e+02
2.275350039999999865e+02 4.293080140000000142e+02
1.801529999999999916e+02 3.707359920000000102e+02
1.445859989999999868e+02 4.304909969999999930e+02
1.522259980000000041e+02 4.128550109999999904e+02
2.240429990000000089e+02 4.101589969999999994e+02
1.842120060000000024e+02 3.402799989999999752e+02
1.150199970000000036e+02 3.996900019999999927e+02
2.002389980000000094e+02 4.308240049999999997e+02
1.520390010000000132e+02 3.478840030000000070e+02
1.745039979999999957e+02 3.699630129999999895e+02
1.421289979999999957e+02 4.199890139999999974e+02
1.397819979999999873e+02 4.151149899999999775e+02
1.386820069999999987e+02 3.736229860000000258e+02
1.904369959999999935e+02 4.197690119999999752e+02
9.784200300000000539e+01 4.181570130000000063e+02
1.617090000000000032e+02 4.354750060000000076e+02
1.363329929999999877e+02 3.403280030000000238e+02
9.795200300000000482e+01 4.253469850000000179e+02
2.393320009999999911e+02 3.668389890000000264e+02
1.815220030000000122e+02 4.035950010000000248e+02
1.680590060000000108e+02 3.663039860000000090e+02
1.561060029999999870e+02 4.342869870000000105e+02
1.282380070000000103e+02 4.290409849999999778e+02
1.970290070000000071e+02 3.427430110000000241e+02
2.061219940000000008e+02 4.067680050000000165e+02
2.364149930000000097e+02 4.277309880000000248e+02
2.358650049999999965e+02 4.097709960000000251e+02
1.132289959999999951e+02 3.885459900000000175e+02
1.905290070000000071e+02 4.137839969999999994e+02
9.578900099999999895e+01 4.140429990000000089e+02
1.404900049999999965e+02 3.566069949999999835e+02
2.411970059999999876e+02 4.137099910000000023e+02
1.945500030000000038e+02 4.295339969999999994e+02
1.860769960000000083e+02 4.291180110000000241e+02
1.852530059999999992e+02 3.657330019999999990e+02
1.918829959999999915e+02 4.088160100000000057e+02
9.655699900000000468e+01 4.217109990000000153e+02
1.366649930000000097e+02 3.721960139999999910e+02
1.591670070000000123e+02 3.612969969999999762e+02
1.229700009999999963e+02 4.059779970000000162e+02
1.354739989999999921e+02 4.196900019999999927e+02
1.184789959999999951e+02 4.170950010000000248e+02
1.294660030000000006e+02 4.241300049999999828e+02
2.218690029999999922e+02 4.372500000000000000e+02
2.169190059999999960e+02 4.150719910000000255e+02
2.058840030000000070e+02 4.091940000000000168e+02
1.676170040000000085e+02 3.561480099999999993e+02
1.535509950000000003e+02 3.416770020000000159e+02
1.496320039999999949e+02 4.331069949999999835e+02
1.841089939999999956e+02 3.558750000000000000e+02
1.798379970000000014e+02 4.295450129999999831e+02
1.955469970000000046e+02 4.182810059999999908e+02
1.206340030000000070e+02 3.983450010000000248e+02
1.580420070000000123e+02 4.301149899999999775e+02
1.544190059999999960e+02 4.340450129999999831e+02
1.865140079999999898e+02 3.529200129999999831e+02
2.078300020000000075e+02 4.310929869999999937e+02
1.984629970000000014e+02 4.300060119999999984e+02
2.356739959999999883e+02 4.043080140000000142e+02
1.857460020000000043e+02 4.259819949999999835e+02
1.930549929999999961e+02 4.369530030000000238e+02
1.385709990000000005e+02 3.714070130000000063e+02
1.763179930000000013e+02 4.371310119999999984e+02
2.162810059999999908e+02 4.037380069999999819e+02
2.438000030000000038e+02 4.335539860000000090e+02
1.680000000000000000e+02 3.646849980000000073e+02
1.342420040000000085e+02 4.197929990000000089e+02
1.612030029999999954e+02 4.151080019999999990e+02
1.754439999999999884e+02 4.073089899999999943e+02
2.088840030000000070e+02 4.077139890000000264e+02
1.926840060000000108e+02 4.137709960000000251e+02
1.798880000000000052e+02 4.284219969999999762e+02
1.598529969999999878e+02 3.423309939999999756e+02
1.434669949999999972e+02 4.257340090000000146e+02
2.197969970000000046e+02 4.409660030000000006e+02
1.045550000000000068e+02 4.180929869999999937e+02
2.317839969999999994e+02 4.145079959999999915e+02
2.091629939999999976e+02 4.108399959999999851e+02
1.653750000000000000e+02 4.000690000000000168e+02
1.179980010000000021e+02 4.000350040000000149e+02
1.831219940000000008e+02 4.337030030000000238e+02
1.956799929999999961e+02 4.071090090000000146e+02
1.825610049999999944e+02 3.380719910000000255e+02
1.290260010000000079e+02 3.536650089999999977e+02
2.009470059999999876e+02 3.398399959999999851e+02
9.548799900000000207e+01 4.488200069999999755e+02
1.840050050000000113e+02 3.423949890000000096e+02
2.117039949999999919e+02 4.178779910000000086e+02
1.979790040000000033e+02 3.377569889999999759e+02
1.663209990000000005e+02 3.421289980000000241e+02
2.048529969999999878e+02 3.431239929999999845e+02
1.511719970000000046e+02 4.170740049999999997e+02
2.230679930000000013e+02 4.336189880000000016e+02
1.829010010000000079e+02 3.517250060000000076e+02
1.290850069999999903e+02 4.261640009999999847e+02
1.241149979999999999e+02 4.152619930000000181e+02
1.516929930000000013e+02 3.790979919999999765e+02
2.168459929999999929e+02 4.117470089999999914e+02
1.315050050000000113e+02 3.576539920000000166e+02
1.345279999999999916e+02 3.637909849999999778e+02
1.710299990000000037e+02 4.032420040000000085e+02
1.504170070000000123e+02 4.345079959999999915e+02
1.182070010000000053e+02 4.699259950000000003e+02
2.439620060000000024e+02 4.408139949999999772e+02
1.832209929999999929e+02 4.082900089999999977e+02
1.477319950000000119e+02 3.391560059999999908e+02
1.574969940000000008e+02 3.716579899999999839e+02
1.973750000000000000e+02 4.141090090000000146e+02
1.831679990000000089e+02 3.722229919999999765e+02
1.539770049999999912e+02 4.265419919999999934e+02
1.966730039999999917e+02 4.225729979999999841e+02
1.539989930000000129e+02 3.725350040000000149e+02
1.564660030000000006e+02 3.542780149999999821e+02
2.261889950000000056e+02 3.627420040000000085e+02
1.117580030000000022e+02 4.076029970000000162e+02
1.663309940000000040e+02 3.484039920000000166e+02
1.645130000000000052e+02 4.376910100000000057e+02
1.473659969999999930e+02 3.791140139999999974e+02
1.343860019999999906e+02 3.669779970000000162e+02
2.127799990000000037e+02 4.194440000000000168e+02
1.762879939999999976e+02 4.062080080000000066e+02
