5.730629880000000185e+02 2.945629880000000185e+02
5.438820190000000139e+02 3.197380069999999819e+02
5.427299799999999550e+02 3.070960079999999834e+02
5.964869999999999663e+02 2.995899959999999851e+02
5.129439700000000357e+02 2.711910100000000057e+02
5.063559880000000248e+02 3.404639890000000264e+02
5.726420289999999795e+02 3.096849980000000073e+02
5.367310179999999491e+02 3.426619870000000105e+02
5.581859739999999874e+02 3.278800049999999828e+02
5.552739870000000337e+02 2.801629940000000261e+02
4.968129880000000185e+02 3.533479919999999765e+02
5.674110110000000304e+02 2.810580140000000142e+02
5.902100219999999808e+02 2.887690119999999752e+02
5.612780149999999821e+02 2.959479979999999841e+02
5.221840210000000297e+02 3.663659969999999930e+02
5.607390139999999974e+02 3.440400089999999977e+02
5.444169920000000502e+02 3.048599849999999947e+02
5.768569949999999835e+02 3.193559880000000248e+02
5.219400020000000495e+02 3.193120119999999815e+02
5.129710079999999834e+02 3.466780089999999745e+02
5.632680050000000165e+02 3.180379940000000261e+02
5.140209959999999683e+02 3.507370000000000232e+02
5.488950200000000450e+02 3.534270020000000159e+02
5.307579960000000483e+02 3.388160100000000057e+02
5.541979979999999841e+02 3.091870119999999815e+02
5.157369999999999663e+02 3.546329959999999915e+02
5.519459839999999531e+02 3.212669980000000010e+02
5.370729979999999841e+02 3.433240049999999997e+02
5.350070190000000139e+02 3.548789980000000241e+02
5.712899780000000192e+02 2.797200010000000248e+02
5.617310179999999491e+02 2.992590030000000070e+02
5.987849730000000363e+02 2.945450129999999831e+02
5.451179809999999861e+02 3.051889949999999772e+02
5.599869999999999663e+02 2.954599910000000023e+02
5.091929930000000013e+02 3.610780030000000238e+02
5.328610230000000456e+02 3.662290039999999749e+02
5.611640009999999847e+02 3.096950069999999755e+02
5.594169920000000502e+02 3.252600100000000225e+02
5.438950200000000450e+02 3.202999879999999848e+02
5.894520260000000462e+02 3.095169980000000010e+02
5.662089839999999867e+02 3.049140009999999847e+02
5.748109739999999874e+02 2.778450010000000248e+02
5.072520139999999742e+02 3.543710019999999759e+02
6.019990229999999656e+02 3.197179869999999937e+02
5.337360230000000456e+02 3.191940000000000168e+02
5.637559810000000198e+02 3.135329899999999839e+02
5.528189700000000357e+02 3.033410030000000006e+02
5.291400149999999485e+02 2.981570130000000063e+02
5.035310059999999908e+02 2.973269960000000083e+02
5.879630130000000463e+02 2.891099849999999947e+02
5.927620239999999967e+02 2.905129999999999768e+02
5.855960079999999834e+02 2.821050109999999904e+02
5.852800290000000132e+02 2.944179990000000089e+02
5.610109860000000026e+02 2.784020080000000235e+02
5.838179930000000013e+02 2.965939940000000092e+02
5.017170100000000161e+02 3.410310059999999908e+02
5.044219969999999762e+02 3.401619870000000105e+02
5.828099979999999505e+02 2.978569949999999835e+02
5.168179930000000013e+02 3.434419859999999858e+02
6.012069699999999557e+02 3.222529910000000086e+02
5.502210079999999834e+02 2.763099980000000073e+02
5.513200070000000323e+02 3.264030149999999821e+02
5.225109860000000026e+02 3.027850040000000149e+02
5.764390260000000126e+02 2.730650019999999927e+02
5.493629760000000033e+02 3.205950010000000248e+02
5.572709959999999683e+02 3.160270080000000235e+02
5.417020260000000462e+02 3.583190000000000168e+02
5.580380249999999478e+02 3.249830019999999990e+02
5.308579710000000205e+02 3.556889949999999772e+02
5.703709720000000516e+02 3.021220089999999914e+02
5.130520020000000159e+02 3.274719850000000179e+02
5.522849730000000363e+02 2.969949950000000172e+02
5.616950070000000323e+02 3.175559999999999832e+02
5.691719970000000330e+02 3.115060119999999984e+02
5.342280269999999973e+02 3.580350040000000149e+02
5.817719730000000027e+02 2.918359990000000153e+02
5.976810299999999643e+02 2.949729919999999765e+02
5.281380000000000337e+02 3.464920040000000085e+02
5.324130249999999478e+02 3.602799989999999752e+02
4.896329959999999915e+02 2.772959900000000175e+02
5.449359739999999874e+02 3.170889890000000264e+02
5.051520080000000235e+02 3.457529910000000086e+02
5.329260249999999814e+02 3.596409909999999854e+02
5.648939820000000509e+02 3.086220089999999914e+02
5.288109739999999874e+02 3.431029970000000162e+02
5.522890009999999847e+02 3.394719850000000179e+02
5.860549929999999677e+02 2.894119870000000105e+02
5.467360230000000456e+02 3.076929930000000013e+02
5.800449830000000020e+02 3.066050109999999904e+02
5.600130000000000337e+02 2.844320069999999987e+02
5.420390009999999847e+02 3.434429930000000013e+02
5.051359860000000026e+02 3.538070069999999987e+02
5.599470209999999497e+02 3.443129880000000185e+02
5.472109990000000153e+02 3.402179869999999937e+02
6.057369999999999663e+02 3.172720029999999838e+02
5.300880130000000463e+02 2.964389949999999772e+02
5.175629880000000185e+02 3.426879880000000185e+02
4.961839899999999943e+02 3.087520139999999742e+02
5.889790040000000317e+02 2.969930110000000241e+02
5.419110110000000304e+02 3.207340090000000146e+02
5.237800290000000132e+02 3.536270139999999742e+02
5.441900020000000495e+02 3.514389949999999772e+02
5.175700070000000323e+02 3.073110050000000228e+02
5.240269779999999855e+02 2.993510130000000231e+02
5.645440059999999676e+02 3.100939940000000092e+02
5.067999879999999848e+02 3.516809999999999832e+02
4.976120000000000232e+02 3.460260010000000079e+02
5.895469970000000330e+02 2.884509889999999928e+02
5.452459720000000516e+02 3.546839899999999943e+02
5.646010129999999663e+02 3.664429930000000013e+02
5.028750000000000000e+02 3.406170040000000085e+02
5.319199830000000020e+02 3.555849910000000023e+02
5.819970090000000482e+02 3.095369870000000105e+02
5.669639889999999696e+02 2.935069889999999759e+02
4.962720029999999838e+02 2.788770139999999742e+02
5.460919800000000350e+02 3.502460019999999759e+02
5.260260009999999511e+02 3.048930050000000165e+02
5.390620119999999815e+02 3.541040039999999749e+02
5.108659969999999930e+02 3.496730039999999917e+02
5.669379880000000185e+02 3.216270139999999742e+02
5.725839839999999867e+02 3.105780030000000238e+02
5.432490229999999656e+02 3.478080140000000142e+02
5.513699950000000172e+02 2.987290039999999749e+02
5.228950200000000450e+02 3.187090150000000222e+02
5.341380000000000337e+02 3.370759889999999928e+02
5.567089839999999867e+02 3.167909849999999778e+02
5.428220209999999497e+02 3.309719850000000179e+02
5.458029790000000503e+02 2.957349849999999947e+02
4.960190119999999752e+02 2.998099980000000073e+02
5.742520140000000310e+02 2.909729919999999765e+02
5.580839839999999867e+02 3.444089969999999994e+02
5.531380000000000337e+02 3.679620059999999739e+02
5.147260129999999663e+02 3.523240049999999997e+02
5.277160030000000006e+02 3.072040099999999825e+02
5.450499879999999848e+02 3.432990110000000072e+02
5.499429930000000013e+02 3.172789920000000166e+02
5.555919800000000350e+02 3.366780089999999745e+02
5.233469850000000179e+02 3.073340150000000222e+02
5.438850099999999657e+02 3.159209900000000175e+02
5.845399780000000192e+02 2.913689880000000016e+02
5.248150020000000495e+02 3.265610050000000228e+02
5.672609860000000026e+02 3.415390009999999847e+02
5.353569949999999835e+02 3.336180110000000241e+02
5.213980099999999993e+02 3.361010130000000231e+02
5.060140079999999898e+02 3.368450010000000248e+02
5.813159789999999703e+02 3.032579959999999915e+02
5.309799799999999550e+02 3.352250060000000076e+02
5.749550169999999980e+02 2.971130069999999819e+02
4.874140009999999847e+02 2.916059880000000248e+02
5.188150020000000495e+02 3.498009950000000003e+02
5.457579960000000483e+02 2.893760070000000155e+02
5.528200070000000323e+02 2.829670100000000161e+02
5.443359990000000153e+02 3.650889890000000264e+02
4.966040039999999749e+02 2.940409849999999778e+02
5.314169920000000502e+02 2.978129880000000185e+02
5.470089719999999716e+02 3.685239869999999769e+02
6.031740109999999504e+02 3.041400150000000053e+02
5.397830199999999650e+02 3.085830080000000066e+02
5.857550049999999828e+02 2.909039920000000166e+02
5.345750120000000152e+02 3.596979979999999841e+02
5.220880130000000463e+02 3.195129999999999768e+02
5.656669920000000502e+02 2.933169859999999858e+02
6.025460209999999961e+02 3.013229979999999841e+02
5.392700200000000450e+02 3.436159969999999930e+02
5.380300290000000132e+02 3.107950129999999831e+02
5.346250000000000000e+02 3.037629999999999768e+02
4.915499879999999848e+02 3.310270080000000235e+02
5.313839719999999716e+02 3.440360109999999736e+02
5.631599730000000363e+02 3.528250120000000152e+02
5.636380000000000337e+02 2.891140139999999974e+02
5.100799870000000169e+02 3.677449950000000172e+02
5.583829960000000483e+02 3.286629940000000261e+02
5.072980039999999917e+02 3.431409909999999854e+02
5.606290279999999484e+02 3.005079959999999915e+02
5.305430300000000443e+02 3.477170100000000161e+02
6.064340210000000297e+02 2.998989869999999769e+02
5.449569699999999557e+02 3.382780149999999821e+02
5.581079710000000205e+02 2.727219850000000179e+02
5.357680050000000165e+02 2.952539980000000241e+02
5.922650149999999485e+02 2.941619870000000105e+02
5.509160160000000133e+02 3.231480099999999993e+02
4.962460019999999759e+02 2.905939940000000092e+02
5.156240229999999656e+02 3.033359990000000153e+02
4.975750120000000152e+02 3.236730039999999917e+02
5.167089839999999867e+02 3.429670100000000161e+02
5.513750000000000000e+02 3.105100100000000225e+02
5.690939939999999524e+02 2.910109860000000026e+02
5.625079960000000483e+02 2.776109920000000102e+02
5.492189939999999524e+02 3.472879940000000261e+02
5.660109860000000026e+02 2.805260010000000079e+02
5.414119869999999537e+02 3.613529970000000162e+02
5.679270020000000159e+02 3.072510070000000155e+02
5.417319949999999835e+02 3.219979860000000258e+02
5.519249879999999848e+02 2.858999939999999924e+02
5.362109990000000153e+02 3.684339899999999943e+02
4.978919980000000010e+02 2.746669919999999934e+02
5.423439939999999524e+02 3.171730039999999917e+02
5.839270020000000159e+02 2.809089969999999994e+02
5.656060179999999491e+02 3.235260010000000079e+02
5.719879760000000033e+02 2.917470089999999914e+02
5.187410280000000284e+02 3.687309880000000248e+02
5.135310060000000476e+02 3.339429930000000013e+02
5.161719970000000330e+02 3.206099849999999947e+02
5.540759890000000496e+02 3.041109920000000102e+02
5.938480220000000145e+02 3.128229979999999841e+02
4.963550109999999904e+02 3.607340090000000146e+02
5.514639889999999696e+02 2.925440060000000244e+02
5.503359990000000153e+02 2.888529970000000162e+02
5.574559940000000324e+02 2.575199890000000096e+02
5.314310299999999643e+02 3.389299930000000245e+02
5.404970090000000482e+02 3.532919919999999934e+02
5.726680300000000443e+02 2.702200010000000248e+02
5.435629880000000185e+02 3.291499939999999924e+02
5.545089719999999716e+02 3.506440119999999752e+02
5.492769779999999855e+02 3.517059939999999756e+02
5.332819819999999709e+02 3.317290039999999749e+02
5.819089969999999994e+02 2.958399959999999851e+02
5.548120119999999815e+02 2.824209900000000175e+02
5.687360230000000456e+02 3.165299989999999752e+02
5.342000120000000152e+02 2.672940060000000244e+02
5.653220209999999497e+02 3.615969850000000179e+02
5.161749879999999848e+02 3.404230039999999917e+02
5.647630000000000337e+02 3.605849910000000023e+02
5.203309940000000324e+02 3.609649959999999851e+02
5.605850219999999808e+02 2.877430110000000241e+02
5.496199950000000172e+02 2.782839969999999994e+02
5.458150020000000495e+02 3.286610109999999736e+02
5.425549929999999677e+02 3.267739869999999769e+02
5.922000120000000152e+02 2.917890009999999847e+02
5.533889769999999544e+02 3.040690000000000168e+02
5.324799799999999550e+02 3.161149899999999775e+02
5.294940189999999802e+02 3.224200129999999831e+02
5.426779790000000503e+02 2.958290099999999825e+02
5.646519779999999855e+02 2.909150089999999977e+02
5.728099979999999505e+02 2.977799989999999752e+02
5.165750120000000152e+02 3.478190000000000168e+02
5.549669800000000350e+02 3.155079959999999915e+02
5.539290160000000469e+02 3.445790099999999825e+02
5.557369999999999663e+02 2.989030149999999821e+02
5.942849730000000363e+02 2.887990110000000072e+02
5.571550290000000132e+02 3.191029970000000162e+02
5.434060060000000476e+02 3.147820130000000063e+02
5.575889889999999696e+02 2.996570130000000063e+02
5.494869999999999663e+02 3.105660100000000057e+02
5.426199950000000172e+02 3.075769960000000083e+02
5.303049929999999677e+02 3.206629940000000261e+02
5.914279790000000503e+02 2.851310119999999984e+02
5.208909909999999854e+02 3.031560059999999908e+02
5.628040160000000469e+02 2.807969969999999762e+02
5.563699950000000172e+02 3.475209960000000251e+02
5.619160160000000133e+02 3.478340150000000222e+02
5.193220209999999497e+02 3.202040099999999825e+02
5.449249879999999848e+02 3.490280149999999821e+02
5.622000120000000152e+02 3.034500120000000152e+02
5.101870119999999815e+02 3.320440060000000244e+02
5.714130249999999478e+02 3.190969850000000179e+02
5.833309940000000324e+02 2.937770080000000235e+02
5.918369750000000522e+02 2.875180050000000165e+02
5.652440189999999802e+02 3.048489989999999921e+02
5.209099730000000363e+02 3.131919859999999858e+02
6.073309940000000324e+02 3.019830019999999990e+02
5.126290279999999484e+02 3.599750060000000076e+02
5.225750120000000152e+02 3.140830080000000066e+02
5.168660280000000284e+02 3.401220089999999914e+02
5.644639889999999696e+02 2.923510130000000231e+02
5.888820190000000139e+02 3.010820009999999911e+02
5.263930050000000165e+02 3.627799989999999752e+02
4.966700129999999831e+02 2.836189880000000016e+02
5.104570009999999911e+02 3.347569889999999759e+02
5.190159909999999854e+02 3.122839969999999994e+02
5.507719730000000027e+02 3.031239929999999845e+02
5.679199830000000020e+02 2.934209900000000175e+02
5.510100099999999657e+02 2.565339969999999994e+02
5.667789920000000166e+02 2.701409909999999854e+02
5.576420289999999795e+02 3.486140139999999974e+02
5.596149900000000343e+02 3.495669859999999858e+02
4.978240049999999997e+02 3.093439940000000092e+02
5.562399900000000343e+02 3.281700129999999831e+02
5.624910280000000284e+02 2.749179990000000089e+02
5.330310060000000476e+02 3.422579959999999915e+02
5.223460079999999834e+02 3.609840090000000146e+02
5.446160280000000284e+02 3.684649959999999851e+02
5.266550290000000132e+02 3.432269900000000007e+02
5.062820130000000063e+02 3.472560119999999984e+02
5.877479859999999690e+02 2.866560059999999908e+02
4.978800049999999828e+02 3.445159909999999854e+02
5.499279790000000503e+02 3.468699950000000172e+02
5.425640260000000126e+02 2.601090090000000146e+02
5.171240229999999656e+02 3.488389890000000264e+02
5.704769900000000007e+02 3.136690060000000244e+02
5.579589839999999867e+02 3.440660100000000057e+02
5.986719970000000330e+02 2.918659969999999930e+02
5.346979979999999841e+02 3.633070069999999987e+02
5.806079710000000205e+02 2.974769900000000007e+02
5.316409909999999854e+02 3.061480099999999993e+02
5.738610230000000456e+02 3.133410030000000006e+02
5.206920169999999644e+02 3.684230039999999917e+02
5.212880249999999478e+02 3.160660100000000057e+02
5.577189939999999524e+02 3.222749939999999924e+02
5.124240109999999504e+02 3.180239869999999769e+02
5.595360110000000304e+02 3.388439940000000092e+02
5.874030149999999821e+02 3.147820130000000063e+02
5.990960079999999834e+02 3.011809999999999832e+02
5.975150149999999485e+02 3.086379999999999768e+02
5.683239750000000186e+02 3.119840090000000146e+02
5.498729859999999690e+02 3.562550049999999828e+02
5.892730099999999993e+02 2.873460079999999834e+02
5.582150269999999637e+02 2.980180050000000165e+02
5.889140009999999847e+02 3.136940000000000168e+02
4.975299989999999752e+02 2.978179930000000013e+02
5.869420169999999644e+02 2.924049989999999752e+02
5.939890139999999974e+02 2.943989869999999769e+02
5.060490110000000072e+02 3.619719850000000179e+02
5.191790160000000469e+02 3.354649959999999851e+02
5.573380130000000463e+02 2.998150019999999927e+02
5.572189939999999524e+02 3.445530089999999745e+02
5.684680180000000291e+02 3.093739929999999845e+02
5.264959720000000516e+02 3.437560119999999984e+02
5.125120239999999967e+02 3.546489869999999769e+02
5.131270140000000310e+02 3.255759889999999928e+02
5.679949950000000172e+02 2.949089969999999994e+02
5.673389889999999696e+02 2.872319949999999835e+02
5.419039920000000166e+02 3.149209900000000175e+02
5.230650020000000495e+02 3.235989989999999921e+02
5.802910160000000133e+02 3.022879940000000261e+02
5.603560179999999491e+02 3.259200129999999831e+02
5.351190189999999802e+02 3.288439940000000092e+02
5.077200010000000248e+02 3.543059999999999832e+02
5.572089839999999867e+02 3.098620000000000232e+02
5.772210079999999834e+02 2.814419859999999858e+02
5.517260129999999663e+02 3.583819889999999759e+02
4.979070130000000063e+02 3.548900150000000053e+02
5.164050290000000132e+02 3.383770139999999742e+02
5.517999879999999848e+02 3.446650089999999977e+02
5.372299799999999550e+02 2.877839969999999994e+02
4.966180110000000241e+02 3.186329959999999915e+02
5.725250240000000304e+02 3.109479979999999841e+02
5.604660030000000006e+02 3.530409849999999778e+02
5.538380130000000463e+02 3.249440000000000168e+02
5.270949709999999868e+02 3.567009889999999928e+02
5.644849850000000515e+02 3.026019900000000007e+02
5.122119750000000522e+02 3.402149959999999851e+02
5.576959839999999531e+02 3.614710079999999834e+02
5.451240229999999656e+02 2.924719850000000179e+02
6.023070069999999987e+02 3.090620119999999815e+02
5.223900149999999485e+02 3.249309999999999832e+02
5.129979859999999690e+02 3.471340030000000070e+02
5.845919800000000350e+02 3.135539860000000090e+02
5.276420289999999795e+02 3.332749939999999924e+02
5.542639769999999544e+02 2.991270139999999742e+02
5.803469850000000179e+02 3.141799930000000245e+02
5.456339719999999716e+02 3.368070069999999987e+02
5.127290040000000317e+02 3.564320069999999987e+02
5.247810060000000476e+02 3.537430110000000241e+02
5.112879940000000261e+02 3.256610109999999736e+02
5.668140260000000126e+02 2.861449890000000096e+02
5.072590030000000070e+02 3.575539860000000090e+02
5.411290279999999484e+02 2.920400089999999977e+02
5.702369999999999663e+02 2.726080019999999990e+02
5.748909909999999854e+02 2.947300109999999904e+02
5.149149780000000192e+02 3.631589969999999994e+02
5.559149780000000192e+02 3.002810059999999908e+02
5.623339839999999867e+02 3.265910030000000006e+02
5.326300049999999828e+02 3.464630129999999895e+02
5.838300169999999980e+02 2.947890009999999847e+02
5.627030029999999670e+02 2.894679869999999937e+02
5.813640139999999974e+02 3.070780030000000238e+02
5.826790160000000469e+02 2.909779970000000162e+02
6.023010249999999814e+02 3.223909909999999854e+02
5.528280029999999670e+02 3.048590090000000146e+02
5.639849850000000515e+02 2.726600040000000149e+02
5.971680300000000443e+02 3.078810119999999984e+02
5.087349849999999947e+02 3.640849910000000023e+02
5.621810299999999643e+02 3.001940000000000168e+02
5.335620119999999815e+02 2.856740110000000072e+02
5.554840090000000146e+02 3.240369870000000105e+02
5.717399900000000343e+02 2.961470029999999838e+02
5.625050049999999828e+02 3.261059880000000248e+02
5.338729859999999690e+02 3.501199950000000172e+02
5.458070069999999987e+02 3.215669859999999858e+02
5.381199950000000172e+02 2.805750120000000152e+02
5.497890009999999847e+02 2.940889890000000264e+02
5.526300049999999828e+02 2.754540099999999825e+02
5.130510249999999814e+02 3.605759889999999928e+02
5.325780029999999670e+02 3.666619870000000105e+02
5.405499879999999848e+02 3.537099910000000023e+02
5.246049799999999550e+02 2.994389949999999772e+02
5.383790279999999484e+02 3.547099910000000023e+02
4.815979919999999765e+02 2.735669859999999858e+02
5.067479860000000258e+02 3.667730099999999993e+02
4.931029970000000162e+02 2.690220029999999838e+02
5.362730099999999993e+02 3.172189940000000092e+02
5.929190059999999676e+02 3.108859860000000026e+02
5.545170289999999795e+02 3.230849910000000023e+02
5.505150149999999485e+02 3.293349910000000023e+02
5.457589719999999716e+02 3.418720089999999914e+02
5.245369869999999537e+02 3.517709960000000251e+02
5.091950069999999755e+02 3.573349910000000023e+02
6.033679809999999861e+02 2.979670100000000161e+02
5.291970209999999497e+02 3.033330080000000066e+02
5.309790040000000317e+02 3.578479919999999765e+02
5.305529790000000503e+02 3.594049989999999752e+02
5.091449890000000096e+02 3.596749879999999848e+02
5.388670039999999517e+02 3.625520020000000159e+02
5.276770020000000159e+02 2.924530030000000238e+02
5.519780269999999973e+02 3.510280149999999821e+02
5.364370119999999815e+02 3.068569949999999835e+02
4.971910100000000057e+02 3.649110109999999736e+02
5.783469850000000179e+02 3.175769960000000083e+02
5.395670169999999644e+02 3.256350100000000225e+02
5.510380249999999478e+02 2.804609990000000153e+02
5.723850099999999657e+02 3.152539980000000241e+02
5.844050290000000132e+02 2.940119930000000181e+02
5.753079830000000356e+02 3.180310059999999908e+02
5.183519900000000007e+02 3.671549989999999752e+02
5.542860110000000304e+02 3.402330019999999990e+02
5.269769900000000007e+02 3.298250120000000152e+02
5.502379760000000033e+02 3.395260010000000079e+02
5.496619869999999537e+02 2.914020080000000235e+02
5.375109860000000026e+02 2.918120119999999815e+02
4.969010010000000079e+02 2.690039980000000241e+02
5.549920039999999517e+02 2.787090150000000222e+02
5.497459720000000516e+02 3.548129880000000185e+02
5.238569949999999835e+02 3.534410100000000057e+02
5.243079830000000356e+02 3.323450010000000248e+02
5.996320190000000139e+02 3.023259889999999928e+02
5.328140260000000126e+02 2.961140139999999974e+02
5.344739990000000489e+02 3.475499879999999848e+02
5.128010249999999814e+02 3.448689880000000016e+02
5.482719730000000027e+02 2.892239989999999921e+02
5.057730099999999993e+02 3.558739929999999845e+02
5.948250120000000152e+02 3.052219850000000179e+02
5.170070190000000139e+02 3.352959900000000175e+02
5.512269900000000007e+02 2.778349910000000023e+02
5.499949950000000172e+02 2.871180110000000241e+02
5.660650020000000495e+02 3.084559939999999756e+02
5.747869869999999537e+02 3.052030030000000238e+02
6.023300169999999980e+02 3.391900019999999927e+02
5.286680300000000443e+02 3.024460139999999910e+02
5.314500120000000152e+02 3.507929990000000089e+02
5.055910030000000006e+02 3.497219850000000179e+02
5.502960209999999961e+02 3.391310119999999984e+02
5.289000240000000304e+02 2.909419859999999858e+02
5.306610110000000304e+02 2.872470089999999914e+02
5.920839839999999867e+02 3.143739929999999845e+02
5.717150269999999637e+02 3.188420100000000161e+02
5.306790160000000469e+02 3.348810119999999984e+02
5.079389949999999772e+02 3.564240110000000072e+02
5.445209959999999683e+02 2.966870119999999815e+02
5.636149900000000343e+02 2.811099849999999947e+02
5.149310299999999643e+02 3.640270080000000235e+02
5.381090090000000146e+02 2.825589899999999943e+02
5.334790040000000317e+02 3.628680110000000241e+02
5.351799929999999677e+02 2.815140079999999898e+02
5.600620119999999815e+02 3.201950069999999755e+02
5.466669920000000502e+02 2.835889890000000264e+02
5.740330199999999650e+02 2.820419919999999934e+02
5.487810060000000476e+02 3.055620119999999815e+02
5.445219730000000027e+02 2.872130129999999895e+02
5.503400269999999637e+02 2.960360109999999736e+02
5.550910030000000006e+02 3.279849849999999947e+02
5.705390009999999847e+02 3.307290039999999749e+02
5.490460209999999961e+02 3.473250120000000152e+02
5.204060060000000476e+02 3.395050049999999828e+02
5.500330199999999650e+02 2.830920100000000161e+02
5.764589839999999867e+02 2.907760010000000079e+02
5.554609990000000153e+02 3.511520080000000235e+02
5.648439939999999524e+02 3.003169859999999858e+02
5.530289920000000166e+02 2.822590030000000070e+02
5.844609990000000153e+02 2.888120119999999815e+02
5.114010010000000079e+02 3.391770020000000159e+02
5.252570190000000139e+02 3.215549930000000245e+02
5.663740229999999656e+02 2.822390139999999974e+02
5.531190189999999802e+02 3.302919919999999934e+02
5.281320190000000139e+02 3.571870119999999815e+02
5.577479859999999690e+02 3.221260070000000155e+02
5.441420289999999795e+02 3.215950010000000248e+02
5.692810060000000476e+02 3.188059999999999832e+02
5.311320190000000139e+02 3.270809939999999756e+02
5.595679930000000013e+02 3.088930050000000165e+02
5.458410030000000006e+02 3.577130129999999895e+02
5.283359990000000153e+02 3.151459960000000251e+02
5.441019900000000007e+02 2.802590030000000070e+02
4.853699950000000172e+02 2.748290099999999825e+02
5.082510070000000155e+02 3.403940119999999752e+02
5.075289920000000166e+02 3.588829959999999915e+02
5.366820069999999987e+02 2.969479979999999841e+02
5.512000120000000152e+02 2.942980039999999917e+02
5.308959959999999683e+02 3.200190119999999752e+02
5.506749879999999848e+02 3.274479979999999841e+02
