6.534689939999999524e+02 3.707279970000000162e+02
6.261680300000000443e+02 3.253580019999999990e+02
6.414580079999999498e+02 4.024270020000000159e+02
6.265969850000000179e+02 4.087430110000000241e+02
6.788699950000000172e+02 4.399849849999999947e+02
6.685209959999999683e+02 4.412149959999999851e+02
6.051580199999999650e+02 3.940750120000000152e+02
6.066640009999999847e+02 4.279739989999999921e+02
6.579539790000000039e+02 3.808460079999999834e+02
6.521840210000000297e+02 3.695889890000000264e+02
6.066729739999999538e+02 3.937900089999999977e+02
5.984660030000000006e+02 3.755369870000000105e+02
6.233140260000000126e+02 4.167850040000000149e+02
6.377579960000000483e+02 3.467579959999999915e+02
6.030789790000000039e+02 4.045939940000000092e+02
6.571170039999999517e+02 4.526650089999999977e+02
6.671400149999999485e+02 3.640329899999999839e+02
6.657550049999999828e+02 3.275669859999999858e+02
6.310109860000000026e+02 4.439620059999999739e+02
6.320939939999999524e+02 4.268290099999999825e+02
6.657769779999999855e+02 4.416860050000000228e+02
6.735949709999999868e+02 4.150849910000000023e+02
6.551119999999999663e+02 3.371120000000000232e+02
6.533449709999999868e+02 4.396679990000000089e+02
6.703140260000000126e+02 3.212969969999999762e+02
6.107830199999999650e+02 4.205069889999999759e+02
6.668250120000000152e+02 4.305190119999999752e+02
6.063889769999999544e+02 3.743359990000000153e+02
6.811630249999999478e+02 4.333580019999999990e+02
6.836710209999999961e+02 4.225050049999999828e+02
6.375200200000000450e+02 3.466960139999999910e+02
6.621970209999999497e+02 3.571239929999999845e+02
6.256989750000000186e+02 3.362460019999999759e+02
6.750219730000000027e+02 4.419039920000000166e+02
6.618270260000000462e+02 3.336780089999999745e+02
6.799849850000000515e+02 3.415469969999999762e+02
6.180750120000000152e+02 4.560740049999999997e+02
6.247020260000000462e+02 4.136120000000000232e+02
6.697609860000000026e+02 3.393949890000000096e+02
6.248549799999999550e+02 3.604240110000000072e+02
6.743670039999999517e+02 3.454479979999999841e+02
6.016580199999999650e+02 3.559280089999999745e+02
6.724550169999999980e+02 3.339620059999999739e+02
6.679840090000000146e+02 3.494150089999999977e+02
6.376810299999999643e+02 4.063559880000000248e+02
6.201450200000000450e+02 3.948659969999999930e+02
6.540869750000000522e+02 4.650329899999999839e+02
6.499479979999999841e+02 3.331679990000000089e+02
6.748950200000000450e+02 3.585199890000000096e+02
6.498969730000000027e+02 3.267149959999999851e+02
6.520239870000000337e+02 3.499859920000000102e+02
6.514669800000000350e+02 4.394419859999999858e+02
6.425460209999999961e+02 4.078349910000000023e+02
6.537910160000000133e+02 4.539150089999999977e+02
6.427379760000000033e+02 3.499509889999999928e+02
6.624130249999999478e+02 4.186690060000000244e+02
6.137940059999999676e+02 4.285650019999999927e+02
6.199760129999999663e+02 3.903919980000000010e+02
6.722780149999999821e+02 4.388640139999999974e+02
6.488549799999999550e+02 4.548139949999999772e+02
6.705079960000000483e+02 4.283099980000000073e+02
6.450269779999999855e+02 4.435650019999999927e+02
6.374390260000000126e+02 3.182890009999999847e+02
6.589240109999999504e+02 3.980669859999999858e+02
6.272139889999999696e+02 4.241860050000000228e+02
6.204730220000000145e+02 3.830620119999999815e+02
6.597559810000000198e+02 4.278290099999999825e+02
6.169010009999999511e+02 4.558469850000000179e+02
6.712910160000000133e+02 3.505249939999999924e+02
6.668930050000000165e+02 3.288250120000000152e+02
6.159420169999999644e+02 4.207479860000000258e+02
6.196820069999999987e+02 3.962619930000000181e+02
6.228660280000000284e+02 3.287579959999999915e+02
6.446040040000000317e+02 4.403710019999999759e+02
6.775360110000000304e+02 3.266319889999999759e+02
6.752700200000000450e+02 3.276080019999999990e+02
6.153750000000000000e+02 4.448479919999999765e+02
6.415000000000000000e+02 4.097860109999999736e+02
6.828629760000000033e+02 3.443460079999999834e+02
6.621480099999999993e+02 4.333590090000000146e+02
6.170280149999999821e+02 3.905700069999999755e+02
6.623270260000000462e+02 3.506090090000000146e+02
6.606240229999999656e+02 3.461969910000000255e+02
6.559719850000000179e+02 4.411390079999999898e+02
6.571290279999999484e+02 3.528930050000000165e+02
6.300399780000000192e+02 3.465679930000000013e+02
6.560219730000000027e+02 3.774920040000000085e+02
6.331309810000000198e+02 3.966180110000000241e+02
6.502230220000000145e+02 3.917070009999999911e+02
6.520289920000000166e+02 3.635719910000000255e+02
6.491199950000000172e+02 3.310010070000000155e+02
6.385020140000000310e+02 3.958500060000000076e+02
6.674940189999999802e+02 3.490549930000000245e+02
6.495560299999999643e+02 3.510320130000000063e+02
6.764840090000000146e+02 3.427500000000000000e+02
6.566279909999999518e+02 3.485010070000000155e+02
6.267609860000000026e+02 3.638110050000000228e+02
6.308900149999999485e+02 3.363219910000000255e+02
6.021630249999999478e+02 3.937810059999999908e+02
6.189359739999999874e+02 3.414089969999999994e+02
6.805739750000000186e+02 3.619530030000000238e+02
6.670729979999999841e+02 4.255899959999999851e+02
6.471640009999999847e+02 3.695100100000000225e+02
6.407810060000000476e+02 3.163330080000000066e+02
6.383289790000000039e+02 4.146010130000000231e+02
6.489660030000000006e+02 3.560480039999999917e+02
6.512089839999999867e+02 4.159270020000000159e+02
6.878599850000000515e+02 4.713659969999999930e+02
6.753679809999999861e+02 4.688750000000000000e+02
6.212080079999999498e+02 4.513840030000000070e+02
6.332999879999999848e+02 4.195580140000000142e+02
6.687199709999999868e+02 3.313479919999999765e+02
6.500540160000000469e+02 4.376359860000000026e+02
6.077910160000000133e+02 3.671400150000000053e+02
6.378519900000000007e+02 4.408800049999999828e+02
6.423660280000000284e+02 3.450629880000000185e+02
6.136580199999999650e+02 4.456010130000000231e+02
6.544799799999999550e+02 4.271319889999999759e+02
6.468750000000000000e+02 4.449930110000000241e+02
6.558740229999999656e+02 4.200820009999999911e+02
6.545200200000000450e+02 3.733479919999999765e+02
6.620560299999999643e+02 3.425289920000000166e+02
6.332449950000000172e+02 3.224920040000000085e+02
6.461270140000000310e+02 3.298620000000000232e+02
6.112839969999999994e+02 4.328940119999999752e+02
6.745750120000000152e+02 4.103299870000000169e+02
6.514229739999999538e+02 3.293370059999999739e+02
6.137369999999999663e+02 4.282049870000000169e+02
6.193959959999999683e+02 4.209240110000000072e+02
6.470560299999999643e+02 3.247659909999999854e+02
6.142429809999999861e+02 4.045129999999999768e+02
6.423720090000000482e+02 3.362170100000000161e+02
6.272540279999999484e+02 3.401659849999999778e+02
6.256939700000000357e+02 4.593779910000000086e+02
6.399210209999999961e+02 4.164849849999999947e+02
6.536259770000000344e+02 4.309700010000000248e+02
6.441179809999999861e+02 3.493859860000000026e+02
6.184810179999999491e+02 3.449689940000000092e+02
6.844699709999999868e+02 3.511950069999999755e+02
6.234739990000000489e+02 3.913529970000000162e+02
6.655250240000000304e+02 3.117449950000000172e+02
6.317760009999999511e+02 4.021690060000000244e+02
6.491699830000000020e+02 3.161740110000000072e+02
6.337680050000000165e+02 4.387179869999999937e+02
6.246599730000000363e+02 4.585440060000000244e+02
6.545269779999999855e+02 4.152139890000000264e+02
6.497990109999999504e+02 4.195729979999999841e+02
6.341140139999999974e+02 4.334500120000000152e+02
6.375319819999999709e+02 3.138340150000000222e+02
6.448170169999999644e+02 4.554010010000000079e+02
6.326370239999999967e+02 3.928349910000000023e+02
6.297440189999999802e+02 4.222390139999999974e+02
6.455750120000000152e+02 4.237919919999999934e+02
6.150490109999999504e+02 4.243640139999999974e+02
6.394160160000000133e+02 3.420350040000000149e+02
6.586010129999999663e+02 4.003399959999999851e+02
6.614299929999999677e+02 3.722760010000000079e+02
6.380759890000000496e+02 3.955190119999999752e+02
6.264609990000000153e+02 3.160530089999999745e+02
6.410590210000000297e+02 4.221019900000000007e+02
6.459290160000000469e+02 3.171080019999999990e+02
6.631040040000000317e+02 3.322189940000000092e+02
6.048070069999999987e+02 3.874240110000000072e+02
6.600430300000000443e+02 3.426510010000000079e+02
6.114920039999999517e+02 4.020350040000000149e+02
6.336580199999999650e+02 3.724490049999999997e+02
6.720750120000000152e+02 4.619280089999999745e+02
6.367869869999999537e+02 4.002609860000000026e+02
6.193070069999999987e+02 4.070140079999999898e+02
6.764970090000000482e+02 3.485150150000000053e+02
6.379219970000000330e+02 3.962600100000000225e+02
6.583220209999999497e+02 4.271059880000000248e+02
6.179680180000000291e+02 4.395499879999999848e+02
6.446469730000000027e+02 3.259049989999999752e+02
6.598079830000000356e+02 4.376860050000000228e+02
6.381229859999999690e+02 4.029479979999999841e+02
6.406110230000000456e+02 3.649159849999999778e+02
6.814660030000000006e+02 3.281010130000000231e+02
6.229279790000000503e+02 3.424590150000000222e+02
6.514000240000000304e+02 3.694230039999999917e+02
6.533619999999999663e+02 4.453770139999999742e+02
6.205590210000000297e+02 3.831549989999999752e+02
6.775889889999999696e+02 4.314809880000000248e+02
6.662150269999999637e+02 3.503949890000000096e+02
6.047579960000000483e+02 4.053129880000000185e+02
6.748209839999999531e+02 3.150929869999999937e+02
6.676829830000000356e+02 3.516289980000000241e+02
6.251699830000000020e+02 3.572770080000000235e+02
6.811359860000000026e+02 3.523039860000000090e+02
6.487990109999999504e+02 3.356289980000000241e+02
6.396209720000000516e+02 4.228840030000000070e+02
6.307239990000000489e+02 3.467420040000000085e+02
6.684429930000000013e+02 3.589129940000000261e+02
6.456500240000000304e+02 3.184140009999999847e+02
6.662620239999999967e+02 3.557179869999999937e+02
6.268829960000000483e+02 3.177309880000000248e+02
6.385590210000000297e+02 4.481350100000000225e+02
6.292589719999999716e+02 3.477659909999999854e+02
6.398880000000000337e+02 3.942449950000000172e+02
6.277260129999999663e+02 4.501499939999999924e+02
6.299260249999999814e+02 4.104970089999999914e+02
6.304169920000000502e+02 3.908699950000000172e+02
6.446290279999999484e+02 4.145950010000000248e+02
6.385830079999999498e+02 3.656499939999999924e+02
6.612150269999999637e+02 3.304240110000000072e+02
6.056599730000000363e+02 4.124920040000000085e+02
6.424210209999999961e+02 4.475249939999999924e+02
6.489110110000000304e+02 4.060320130000000063e+02
6.630499879999999848e+02 4.226369930000000181e+02
6.382680050000000165e+02 3.377470089999999914e+02
6.477559810000000198e+02 3.971130069999999819e+02
6.328930050000000165e+02 4.422600100000000225e+02
6.626740109999999504e+02 3.512730099999999993e+02
5.967849730000000363e+02 3.951910100000000057e+02
6.589849850000000515e+02 3.291589969999999994e+02
6.426430050000000165e+02 4.011510010000000079e+02
6.873449709999999868e+02 4.145440060000000244e+02
6.183239750000000186e+02 4.475790099999999825e+02
6.462730099999999993e+02 3.936679990000000089e+02
6.596539920000000166e+02 4.003349910000000023e+02
6.674299929999999677e+02 4.126759950000000003e+02
6.641799929999999677e+02 4.425129999999999768e+02
6.525120239999999967e+02 4.493439940000000092e+02
6.748179930000000013e+02 3.245480039999999917e+02
6.312130130000000463e+02 3.279500120000000152e+02
6.657730099999999993e+02 4.513330080000000066e+02
6.763339839999999867e+02 3.248840030000000070e+02
6.943120119999999815e+02 3.892149959999999851e+02
6.877869869999999537e+02 3.396940000000000168e+02
6.451760249999999814e+02 4.282550049999999828e+02
6.351510009999999511e+02 4.420690000000000168e+02
6.575700070000000323e+02 3.518210139999999910e+02
6.366879880000000185e+02 3.235190119999999752e+02
6.499290160000000469e+02 4.314089969999999994e+02
6.207769779999999855e+02 3.413399959999999851e+02
6.483400269999999637e+02 4.153760070000000155e+02
6.213439939999999524e+02 4.288569949999999835e+02
6.214580079999999498e+02 3.921740110000000072e+02
6.160969850000000179e+02 4.416480099999999993e+02
6.252089839999999867e+02 3.467709960000000251e+02
6.555040279999999484e+02 3.209159849999999778e+02
6.277219850000000179e+02 4.164760130000000231e+02
6.567630000000000337e+02 3.515799870000000169e+02
6.349899900000000343e+02 4.490280149999999821e+02
6.445939939999999524e+02 4.366099849999999947e+02
6.123759770000000344e+02 4.110289920000000166e+02
6.438540040000000317e+02 4.090220029999999838e+02
6.605430300000000443e+02 3.193500060000000076e+02
6.815319819999999709e+02 4.302850040000000149e+02
6.292230220000000145e+02 4.173699950000000172e+02
6.455130000000000337e+02 3.342130129999999895e+02
6.359190059999999676e+02 3.297690119999999752e+02
6.400830079999999498e+02 4.227359920000000102e+02
6.407830199999999650e+02 3.331449890000000096e+02
6.263179930000000013e+02 3.217799989999999752e+02
6.326170039999999517e+02 3.894500120000000152e+02
6.645059810000000198e+02 4.020440060000000244e+02
6.587589719999999716e+02 3.125939940000000092e+02
6.889039920000000166e+02 4.002650150000000053e+02
6.327630000000000337e+02 3.329689940000000092e+02
6.287189939999999524e+02 3.940899959999999851e+02
6.624199830000000020e+02 3.607200010000000248e+02
6.536370239999999967e+02 3.131050109999999904e+02
6.020520020000000159e+02 3.850700069999999755e+02
6.465869750000000522e+02 3.144849849999999947e+02
6.718270260000000462e+02 4.405369870000000105e+02
6.187429809999999861e+02 4.158150019999999927e+02
6.197230220000000145e+02 4.203250120000000152e+02
6.566389769999999544e+02 4.359679869999999937e+02
6.093209839999999531e+02 4.112969969999999762e+02
6.556350099999999657e+02 4.270060119999999984e+02
6.569699709999999868e+02 4.443089899999999943e+02
6.247670289999999795e+02 3.389330140000000142e+02
6.602269900000000007e+02 4.345899959999999851e+02
6.709099730000000363e+02 4.334330140000000142e+02
6.426950070000000323e+02 3.853219910000000255e+02
6.807009890000000496e+02 4.169370119999999815e+02
6.664249879999999848e+02 4.030100100000000225e+02
6.460949709999999868e+02 4.402739869999999769e+02
6.338350219999999808e+02 4.451159969999999930e+02
6.498319699999999557e+02 3.557900089999999977e+02
6.372189939999999524e+02 3.504339899999999943e+02
6.464840090000000146e+02 3.421510010000000079e+02
6.411179809999999861e+02 4.532370000000000232e+02
6.691510009999999511e+02 4.106730039999999917e+02
6.120469970000000330e+02 4.429400019999999927e+02
6.635510249999999814e+02 3.332650150000000053e+02
6.314240109999999504e+02 3.676159969999999930e+02
6.287630000000000337e+02 4.241059880000000248e+02
6.610000000000000000e+02 3.180809939999999756e+02
6.363469850000000179e+02 3.647030030000000238e+02
6.281049799999999550e+02 3.472130129999999895e+02
6.414660030000000006e+02 3.844679869999999937e+02
6.149320069999999987e+02 4.245759889999999928e+02
6.202100219999999808e+02 4.038670040000000085e+02
6.277739870000000337e+02 4.420020139999999742e+02
6.376090090000000146e+02 3.645029910000000086e+02
6.351040040000000317e+02 4.328280030000000238e+02
6.281560060000000476e+02 3.542160030000000006e+02
6.339249879999999848e+02 4.419309999999999832e+02
6.366929930000000013e+02 4.239639890000000264e+02
6.318430180000000291e+02 3.944270020000000159e+02
6.263510129999999663e+02 3.217279970000000162e+02
6.429929809999999861e+02 3.544360050000000228e+02
6.588759770000000344e+02 3.634580080000000066e+02
6.879219970000000330e+02 3.406610109999999736e+02
6.835399780000000192e+02 4.232609860000000026e+02
6.526560060000000476e+02 3.970469969999999762e+02
6.450070190000000139e+02 3.970960079999999834e+02
6.624609990000000153e+02 4.259590150000000222e+02
6.420020140000000310e+02 3.530559999999999832e+02
6.321719970000000330e+02 3.486480099999999993e+02
6.907570190000000139e+02 3.101109920000000102e+02
6.493590090000000146e+02 4.457839969999999994e+02
6.685349730000000363e+02 3.290599980000000073e+02
6.427910160000000133e+02 3.136359860000000026e+02
6.010969850000000179e+02 3.481279910000000086e+02
6.711760249999999814e+02 4.294729919999999765e+02
6.516049799999999550e+02 4.330260010000000079e+02
6.394349979999999505e+02 3.283150019999999927e+02
6.244630130000000463e+02 3.333420100000000161e+02
6.643939820000000509e+02 3.321229860000000258e+02
6.492109990000000153e+02 3.129630129999999895e+02
6.239290160000000469e+02 3.920629880000000185e+02
6.832150269999999637e+02 3.281679990000000089e+02
6.325269779999999855e+02 3.349349980000000073e+02
6.551220090000000482e+02 4.420060119999999984e+02
6.251010129999999663e+02 4.146900019999999927e+02
6.563040160000000469e+02 3.889010010000000079e+02
6.439849850000000515e+02 3.436010130000000231e+02
6.293179930000000013e+02 4.526610109999999736e+02
6.614790040000000317e+02 4.016650089999999977e+02
6.164450070000000323e+02 3.887000120000000152e+02
6.293380130000000463e+02 3.396170040000000085e+02
6.425579830000000356e+02 3.952160030000000006e+02
6.806300049999999828e+02 4.298590090000000146e+02
6.561040040000000317e+02 3.803380129999999895e+02
6.052299799999999550e+02 3.748999939999999924e+02
6.547509770000000344e+02 3.478810119999999984e+02
6.401229859999999690e+02 3.279920040000000085e+02
6.429370119999999815e+02 4.361239929999999845e+02
6.229819949999999835e+02 4.163989869999999769e+02
6.134039920000000166e+02 3.943909909999999854e+02
6.540859990000000153e+02 4.145820009999999911e+02
6.377390139999999974e+02 4.474219969999999762e+02
6.730889889999999696e+02 3.665369870000000105e+02
6.261829830000000356e+02 3.854630129999999895e+02
6.679219970000000330e+02 4.252799989999999752e+02
6.325029909999999518e+02 3.336359860000000026e+02
6.203549799999999550e+02 3.969440000000000168e+02
6.581069949999999835e+02 3.989419859999999858e+02
6.566589969999999994e+02 4.005230099999999993e+02
6.589489750000000186e+02 4.308989869999999769e+02
6.601510009999999511e+02 3.472900089999999977e+02
6.859400020000000495e+02 3.403890079999999898e+02
6.474400020000000495e+02 4.409689940000000092e+02
6.540700070000000323e+02 4.331059880000000248e+02
6.682269900000000007e+02 3.577539980000000241e+02
6.317369999999999663e+02 4.333330080000000066e+02
6.230640260000000126e+02 3.578500060000000076e+02
6.507680050000000165e+02 3.472820130000000063e+02
6.389080199999999650e+02 4.127999879999999848e+02
6.624260249999999814e+02 4.353879999999999768e+02
6.582449950000000172e+02 4.519540099999999825e+02
6.190260009999999511e+02 4.226440119999999752e+02
6.504299929999999677e+02 3.715719910000000255e+02
6.670339969999999994e+02 4.216619870000000105e+02
6.227880249999999478e+02 3.261409909999999854e+02
6.396209720000000516e+02 3.456090090000000146e+02
6.220700070000000323e+02 4.356919859999999858e+02
6.390349730000000363e+02 3.245230099999999993e+02
6.544790040000000317e+02 3.215209960000000251e+02
6.545170289999999795e+02 3.523980099999999993e+02
6.530789790000000039e+02 3.244339899999999943e+02
6.292020260000000462e+02 4.485400089999999977e+02
6.807780149999999821e+02 4.256740110000000072e+02
6.794370119999999815e+02 3.219159849999999778e+02
6.343189700000000357e+02 4.054270020000000159e+02
6.332299799999999550e+02 4.238320009999999911e+02
6.377249759999999696e+02 4.095629880000000185e+02
6.377650149999999485e+02 3.510220029999999838e+02
6.133499759999999696e+02 4.395580140000000142e+02
6.574349979999999505e+02 3.867359920000000102e+02
6.662540279999999484e+02 3.667380069999999819e+02
6.664379880000000185e+02 4.158009950000000003e+02
6.783599850000000515e+02 3.234719850000000179e+02
6.414929809999999861e+02 4.391130069999999819e+02
6.526030269999999973e+02 4.491029970000000162e+02
6.525850219999999808e+02 4.011120000000000232e+02
6.245269779999999855e+02 3.935260010000000079e+02
6.286849979999999505e+02 3.720000000000000000e+02
6.664420169999999644e+02 3.316369930000000181e+02
6.179619750000000522e+02 4.575509950000000003e+02
6.327760009999999511e+02 4.380669859999999858e+02
6.505269779999999855e+02 3.224509889999999928e+02
6.615800169999999980e+02 4.655830080000000066e+02
6.709400020000000495e+02 4.420769960000000083e+02
6.533010249999999814e+02 4.011419980000000010e+02
6.653729859999999690e+02 3.599289860000000090e+02
6.579680180000000291e+02 3.289769900000000007e+02
6.398380130000000463e+02 3.333739929999999845e+02
6.495170289999999795e+02 3.729800109999999904e+02
6.806699830000000020e+02 3.870360109999999736e+02
6.565419920000000502e+02 4.008179930000000013e+02
6.649390260000000126e+02 4.273020020000000159e+02
6.704219970000000330e+02 3.366069949999999835e+02
6.738339839999999867e+02 4.352539980000000241e+02
6.472169800000000350e+02 3.401069949999999835e+02
6.504340210000000297e+02 3.521799930000000245e+02
6.495629880000000185e+02 4.453689880000000016e+02
6.289080199999999650e+02 4.263370059999999739e+02
6.408330079999999498e+02 4.137990110000000072e+02
6.705839839999999867e+02 3.418309939999999756e+02
6.624550169999999980e+02 3.537569889999999759e+02
6.426160280000000284e+02 3.910029910000000086e+02
6.262890009999999847e+02 4.254849849999999947e+02
6.379160160000000133e+02 4.570039980000000241e+02
6.806270140000000310e+02 3.379209900000000175e+02
6.228629760000000033e+02 4.394140009999999847e+02
6.689069819999999709e+02 4.122090150000000222e+02
6.505120239999999967e+02 4.344909969999999930e+02
6.408720090000000482e+02 3.969540099999999825e+02
6.393109739999999874e+02 3.140820009999999911e+02
6.522650149999999485e+02 4.471029970000000162e+02
6.735059810000000198e+02 3.176480099999999993e+02
6.304509890000000496e+02 4.061669919999999934e+02
6.168980099999999993e+02 3.867179869999999937e+02
6.042940059999999676e+02 3.976700129999999831e+02
6.487630000000000337e+02 3.648240049999999997e+02
6.765819699999999557e+02 4.379930110000000241e+02
6.347650149999999485e+02 4.008729860000000258e+02
6.057570190000000139e+02 4.163299870000000169e+02
6.109069819999999709e+02 4.054039920000000166e+02
6.104849850000000515e+02 4.237590030000000070e+02
6.337340090000000146e+02 3.394339899999999943e+02
6.478040160000000469e+02 3.585750120000000152e+02
6.200109860000000026e+02 3.485379940000000261e+02
6.398099979999999505e+02 4.400119930000000181e+02
6.795490109999999504e+02 3.377120059999999739e+02
6.169110110000000304e+02 3.894920040000000085e+02
6.583729859999999690e+02 4.330799870000000169e+02
6.647119750000000522e+02 4.369129940000000261e+02
6.447050169999999980e+02 3.170910030000000006e+02
6.219829710000000205e+02 4.318269960000000083e+02
6.489060060000000476e+02 3.671480099999999993e+02
6.629210209999999961e+02 4.435650019999999927e+02
6.219030149999999821e+02 4.559920040000000085e+02
6.438410030000000006e+02 3.293399959999999851e+02
6.525830079999999498e+02 3.501789860000000090e+02
6.720560299999999643e+02 3.475480039999999917e+02
6.052979739999999538e+02 4.086759950000000003e+02
6.697890009999999847e+02 3.573970029999999838e+02
6.914630130000000463e+02 4.681759950000000003e+02
6.660390009999999847e+02 3.090729979999999841e+02
6.064559940000000324e+02 4.216159969999999930e+02
6.578079830000000356e+02 4.062860109999999736e+02
6.493679809999999861e+02 4.294500120000000152e+02
6.652399900000000343e+02 4.095950010000000248e+02
6.210939939999999524e+02 3.410060119999999984e+02
6.131060179999999491e+02 3.858150019999999927e+02
6.481489870000000337e+02 3.901390079999999898e+02
6.090399780000000192e+02 4.108670040000000085e+02
6.249429930000000013e+02 3.486409909999999854e+02
6.716069949999999835e+02 3.570050049999999828e+02
6.749149780000000192e+02 3.387969969999999762e+02
6.420050049999999828e+02 4.229460139999999910e+02
6.059520260000000462e+02 3.734700010000000248e+02
6.313330079999999498e+02 3.580969850000000179e+02
6.387219850000000179e+02 3.614970089999999914e+02
6.176400149999999485e+02 4.418479919999999765e+02
6.754240109999999504e+02 3.273599849999999947e+02
6.189190059999999676e+02 4.075809939999999756e+02
6.177260129999999663e+02 4.127149959999999851e+02
6.047119750000000522e+02 3.879419859999999858e+02
6.347160030000000006e+02 4.012439880000000016e+02
6.640789790000000039e+02 4.037019960000000083e+02
6.381160280000000284e+02 3.640459900000000175e+02
6.772630000000000337e+02 4.322349849999999947e+02
6.824780269999999973e+02 3.318580019999999990e+02
6.073369750000000522e+02 4.143190000000000168e+02
6.293020020000000159e+02 4.357869870000000105e+02
6.727540279999999484e+02 4.435849910000000023e+02
6.707550049999999828e+02 3.368510130000000231e+02
6.633250120000000152e+02 3.618859860000000026e+02
5.987700200000000450e+02 3.934440000000000168e+02
6.559279790000000503e+02 3.314110109999999736e+02
6.476129760000000033e+02 4.384700010000000248e+02
6.272420039999999517e+02 4.176759950000000003e+02
6.568889769999999544e+02 4.096149899999999775e+02
6.320440059999999676e+02 4.533739929999999845e+02
6.226790160000000469e+02 3.208429869999999937e+02
6.000109860000000026e+02 4.013670040000000085e+02
6.600000000000000000e+02 4.476130069999999819e+02
6.533670039999999517e+02 3.641679990000000089e+02
6.441090090000000146e+02 4.337430110000000241e+02
6.581500240000000304e+02 4.291310119999999984e+02
6.427160030000000006e+02 4.318269960000000083e+02
6.578170169999999644e+02 4.080700069999999755e+02
6.188140260000000126e+02 4.369230039999999917e+02
6.319329830000000356e+02 4.381839899999999943e+02
6.479769900000000007e+02 4.527619930000000181e+02
6.648220209999999497e+02 3.313659969999999930e+02
6.502459720000000516e+02 3.167869870000000105e+02
6.404769900000000007e+02 3.702999879999999848e+02
6.503599850000000515e+02 4.182479860000000258e+02
6.401160280000000284e+02 4.025280149999999821e+02
6.288200070000000323e+02 3.972260130000000231e+02
6.022849730000000363e+02 3.734500120000000152e+02
6.618759770000000344e+02 4.198739929999999845e+02
6.815789790000000039e+02 4.106979979999999841e+02
6.344110110000000304e+02 4.072600100000000225e+02
6.571240229999999656e+02 4.504809880000000248e+02
6.558319699999999557e+02 3.159939880000000016e+02
6.399589839999999867e+02 3.352420040000000085e+02
6.473460079999999834e+02 4.417470089999999914e+02
6.576630249999999478e+02 3.770620119999999815e+02
6.547399900000000343e+02 3.981780089999999745e+02
6.393640139999999974e+02 3.523410030000000006e+02
6.195170289999999795e+02 4.407149959999999851e+02
6.600139769999999544e+02 3.487539980000000241e+02
6.809780269999999973e+02 3.246690060000000244e+02
6.722680050000000165e+02 4.128039860000000090e+02
6.836719970000000330e+02 3.305339969999999994e+02
6.605230099999999993e+02 3.096130069999999819e+02
6.520280149999999821e+02 4.326539920000000166e+02
6.324190059999999676e+02 4.095020139999999742e+02
6.097379760000000033e+02 4.089060059999999908e+02
6.440029909999999518e+02 3.205650019999999927e+02
6.663920289999999795e+02 3.412439880000000016e+02
6.618449709999999868e+02 4.454460139999999910e+02
6.377810060000000476e+02 4.072099910000000023e+02
6.490599979999999505e+02 4.420050049999999828e+02
6.273239750000000186e+02 3.416029970000000162e+02
6.616359860000000026e+02 3.202090150000000222e+02
6.588099979999999505e+02 3.181489869999999769e+02
6.508220209999999497e+02 3.430140079999999898e+02
6.048599850000000515e+02 4.060950010000000248e+02
6.646480099999999993e+02 4.180400089999999977e+02
6.327000120000000152e+02 3.687139890000000264e+02
6.390079960000000483e+02 4.050920100000000161e+02
6.309030149999999821e+02 4.359460139999999910e+02
6.430280149999999821e+02 4.475929869999999937e+02
6.846329960000000483e+02 3.413859860000000026e+02
6.143549799999999550e+02 4.479630129999999895e+02
6.664500120000000152e+02 4.302330019999999990e+02
6.703090210000000297e+02 3.378590090000000146e+02
6.017990109999999504e+02 3.751619870000000105e+02
5.947800290000000132e+02 3.900050049999999828e+02
5.989119869999999537e+02 3.926050109999999904e+02
6.267780149999999821e+02 4.341369930000000181e+02
6.435999759999999696e+02 3.285419919999999934e+02
6.467000120000000152e+02 3.466809999999999832e+02
6.199710079999999834e+02 3.438399959999999851e+02
6.370809940000000324e+02 3.236189880000000016e+02
6.220289920000000166e+02 4.200979919999999765e+02
6.655689700000000357e+02 3.689679869999999937e+02
6.578759770000000344e+02 3.873540039999999749e+02
6.757689820000000509e+02 4.241979979999999841e+02
6.531760249999999814e+02 3.573879999999999768e+02
6.340930180000000291e+02 3.563739929999999845e+02
6.217030029999999670e+02 4.292470089999999914e+02
6.669940189999999802e+02 4.415859990000000153e+02
6.237449950000000172e+02 4.076510010000000079e+02
6.502769779999999855e+02 3.344320069999999987e+02
6.091959839999999531e+02 4.193620000000000232e+02
6.248510129999999663e+02 3.182550049999999828e+02
6.111069949999999835e+02 4.137120059999999739e+02
6.361480099999999993e+02 4.228640139999999974e+02
6.377910160000000133e+02 3.509030149999999821e+02
6.355520020000000159e+02 4.580379940000000261e+02
6.180490109999999504e+02 4.104630129999999895e+02
6.094479979999999841e+02 3.922170100000000161e+02
6.209760129999999663e+02 4.089739989999999921e+02
6.522760009999999511e+02 3.624700010000000248e+02
6.222000120000000152e+02 3.466700129999999831e+02
6.546649780000000192e+02 4.186480099999999993e+02
6.363040160000000469e+02 4.441099849999999947e+02
6.449940189999999802e+02 4.115100100000000225e+02
6.522680050000000165e+02 3.263890079999999898e+02
6.567960209999999961e+02 4.161109920000000102e+02
6.235449830000000020e+02 3.336369930000000181e+02
6.598380130000000463e+02 3.532619930000000181e+02
6.326879880000000185e+02 4.530490110000000072e+02
6.189899900000000343e+02 4.336619870000000105e+02
6.275159909999999854e+02 3.922049870000000169e+02
6.445260009999999511e+02 3.372210079999999834e+02
6.601339719999999716e+02 3.486709900000000175e+02
6.651909789999999703e+02 4.243150019999999927e+02
6.376770020000000159e+02 4.300710139999999910e+02
6.358099979999999505e+02 4.377650150000000053e+02
6.716849979999999505e+02 3.644800109999999904e+02
6.236339719999999716e+02 3.864660030000000006e+02
6.514970090000000482e+02 3.109870000000000232e+02
6.028850099999999657e+02 3.430620119999999815e+02
6.549110110000000304e+02 3.486440119999999752e+02
6.076939700000000357e+02 4.020759889999999928e+02
6.239229739999999538e+02 4.569599910000000023e+02
6.299849850000000515e+02 3.259620059999999739e+02
6.558159789999999703e+02 4.128320009999999911e+02
6.126309810000000198e+02 4.080039980000000241e+02
6.147650149999999485e+02 3.932690119999999752e+02
6.519799799999999550e+02 3.326080019999999990e+02
6.100640260000000126e+02 4.352460019999999759e+02
6.093099979999999505e+02 4.010000000000000000e+02
6.479929809999999861e+02 3.387890009999999847e+02
6.367000120000000152e+02 4.057420040000000085e+02
6.186820069999999987e+02 4.130899959999999851e+02
6.207470090000000482e+02 3.955000000000000000e+02
6.318579710000000205e+02 3.169079899999999839e+02
