1.285829929999999877e+02 8.159899900000000628e+01
2.244730069999999955e+02 9.276200099999999793e+01
1.852740019999999959e+02 9.151000200000000007e+01
1.316269990000000121e+02 1.663820039999999949e+02
1.812929990000000089e+02 1.486329959999999915e+02
1.880310059999999908e+02 1.065019989999999979e+02
1.453410030000000006e+02 1.683820039999999949e+02
2.232180020000000127e+02 9.885299700000000200e+01
1.692039949999999919e+02 6.277100000000000080e+01
1.292010040000000117e+02 6.859799999999999898e+01
1.504830019999999990e+02 7.536900300000000641e+01
1.275820010000000053e+02 8.700199899999999786e+01
1.999369959999999935e+02 1.445599980000000073e+02
2.114559940000000040e+02 1.694439999999999884e+02
2.058439940000000092e+02 1.561349950000000035e+02
1.619420010000000048e+02 1.078550029999999964e+02
2.277539979999999957e+02 1.617220000000000084e+02
1.674790040000000033e+02 1.753060000000000116e+02
2.217830050000000028e+02 1.065790020000000027e+02
2.052689970000000130e+02 1.385740049999999997e+02
2.014159999999999968e+02 1.637879939999999976e+02
2.097590030000000070e+02 9.027400199999999586e+01
1.948939970000000130e+02 1.457709959999999967e+02
2.177010040000000117e+02 6.913099699999999359e+01
1.515249939999999924e+02 1.004729999999999990e+02
2.208750000000000000e+02 7.812999700000000303e+01
2.292380070000000103e+02 1.791649930000000097e+02
1.835249939999999924e+02 1.681710050000000081e+02
2.086239930000000129e+02 1.058450009999999963e+02
1.836490019999999959e+02 6.968599700000000041e+01
1.568899989999999889e+02 1.501309970000000078e+02
2.058840030000000070e+02 1.831929930000000013e+02
1.449069979999999873e+02 1.138889999999999958e+02
1.319369959999999935e+02 1.492590030000000070e+02
2.282180020000000127e+02 1.482669980000000010e+02
1.317220000000000084e+02 1.736589969999999994e+02
1.985169980000000010e+02 9.711799600000000510e+01
1.385310059999999908e+02 8.948100300000000118e+01
2.313480069999999955e+02 1.494080050000000028e+02
2.293020019999999874e+02 9.468000000000000682e+01
1.440950009999999963e+02 7.567700200000000166e+01
2.183540040000000033e+02 9.803800200000000586e+01
2.108020019999999874e+02 1.715260010000000079e+02
2.063979950000000088e+02 7.427600099999999372e+01
1.543309940000000040e+02 1.231419980000000010e+02
2.176710050000000081e+02 1.247079999999999984e+02
2.339960020000000043e+02 7.287599899999999309e+01
1.736219940000000008e+02 1.622109989999999868e+02
2.169069979999999873e+02 1.143430019999999985e+02
1.466889950000000056e+02 6.801399999999999579e+01
1.764889980000000094e+02 1.446349950000000035e+02
2.157380070000000103e+02 9.991700000000000159e+01
1.886179960000000051e+02 9.629900399999999649e+01
1.245969999999999942e+02 1.137900010000000037e+02
1.542579959999999915e+02 1.645399930000000097e+02
1.355019990000000121e+02 8.373899799999999516e+01
2.177740019999999959e+02 1.089749979999999994e+02
2.310619959999999935e+02 6.876300000000000523e+01
2.314429930000000013e+02 1.023379970000000014e+02
1.590059970000000078e+02 8.080899800000000255e+01
2.073540040000000033e+02 1.402960050000000081e+02
2.167570039999999949e+02 1.941889950000000056e+02
1.568410030000000006e+02 1.234030000000000058e+02
1.408060000000000116e+02 1.051449970000000036e+02
1.273509980000000041e+02 1.713489989999999921e+02
2.316490019999999959e+02 6.466300200000000586e+01
1.589620060000000024e+02 8.872299999999999898e+01
1.968760069999999871e+02 9.644200100000000475e+01
1.766470030000000122e+02 1.752369999999999948e+02
1.526399989999999889e+02 1.121350020000000001e+02
1.620079959999999915e+02 7.311399799999999516e+01
1.779450070000000039e+02 1.737519990000000121e+02
2.175149989999999889e+02 1.471990049999999997e+02
1.723489989999999921e+02 1.600350039999999865e+02
2.218679960000000051e+02 1.756179960000000051e+02
1.290980069999999955e+02 9.420099600000000351e+01
1.727760010000000079e+02 1.733410030000000006e+02
2.332129970000000014e+02 1.816549990000000037e+02
2.161529999999999916e+02 1.325160060000000044e+02
1.959060059999999908e+02 1.441889950000000056e+02
2.189709929999999929e+02 9.770099600000000351e+01
1.259909969999999930e+02 7.305599999999999739e+01
1.324839939999999956e+02 7.243499799999999311e+01
1.302839969999999994e+02 7.342700200000000166e+01
1.283170010000000048e+02 1.074690020000000032e+02
1.888150019999999927e+02 1.588860019999999906e+02
2.063699949999999887e+02 1.804530029999999954e+02
1.739880070000000103e+02 8.214299800000000573e+01
2.212960050000000081e+02 9.677100400000000491e+01
1.634140010000000132e+02 1.121979979999999983e+02
1.263430019999999985e+02 1.146699980000000068e+02
2.203829959999999915e+02 9.903800200000000586e+01
2.148090060000000108e+02 1.784680020000000127e+02
1.795780029999999954e+02 9.715100099999999372e+01
1.927189940000000092e+02 6.834400200000000325e+01
1.594920040000000085e+02 1.514750060000000076e+02
1.336060029999999870e+02 9.537300100000000214e+01
1.494060059999999908e+02 1.614230039999999917e+02
1.868730009999999879e+02 1.742129970000000014e+02
1.406020049999999912e+02 1.024260029999999944e+02
1.627610019999999906e+02 1.548150019999999927e+02
2.230409999999999968e+02 1.494819950000000119e+02
1.659199979999999925e+02 1.578849950000000035e+02
2.037550050000000113e+02 1.482489930000000129e+02
1.562649989999999889e+02 1.244990010000000069e+02
1.820399930000000097e+02 9.216899899999999946e+01
1.815850069999999903e+02 1.791909939999999892e+02
1.620980069999999955e+02 1.052500000000000000e+02
2.185749969999999962e+02 1.521900019999999927e+02
1.587259980000000041e+02 1.834570009999999911e+02
2.318150019999999927e+02 8.606099700000000041e+01
1.747669980000000010e+02 7.471900200000000325e+01
1.306380000000000052e+02 7.136000099999999691e+01
1.619499969999999962e+02 9.714900199999999586e+01
1.921150049999999965e+02 1.518139950000000056e+02
2.105689999999999884e+02 9.599299600000000510e+01
1.871699979999999925e+02 1.476300050000000113e+02
1.283170010000000048e+02 1.512270049999999912e+02
2.070509950000000003e+02 9.719499999999999318e+01
1.827799990000000037e+02 1.380099950000000035e+02
1.570310059999999908e+02 1.384170070000000123e+02
1.749109950000000140e+02 7.038700099999999793e+01
1.211429980000000057e+02 6.887799800000000516e+01
2.148880000000000052e+02 8.962000299999999697e+01
1.808919980000000010e+02 1.032119979999999941e+02
1.457220000000000084e+02 7.148100300000000118e+01
1.616540070000000071e+02 1.823820039999999949e+02
1.335140079999999898e+02 1.455160060000000044e+02
1.832790070000000071e+02 8.050399799999999573e+01
2.276280059999999992e+02 9.617299699999999518e+01
2.305240019999999959e+02 1.405119929999999897e+02
1.733350069999999903e+02 1.691340030000000070e+02
2.190879970000000014e+02 9.170900000000000318e+01
1.635870060000000024e+02 1.383999939999999924e+02
1.566439970000000130e+02 1.888300020000000075e+02
2.170729980000000126e+02 1.669869999999999948e+02
1.600290070000000071e+02 1.092689969999999988e+02
1.947120060000000024e+02 1.543119959999999935e+02
1.311130070000000103e+02 8.909500099999999634e+01
1.598119959999999935e+02 9.840300000000000580e+01
2.212149960000000135e+02 8.886499799999999993e+01
2.291840060000000108e+02 1.047149959999999993e+02
1.959060059999999908e+02 1.013799970000000030e+02
1.554720000000000084e+02 1.387920070000000123e+02
1.397879939999999976e+02 1.716000060000000076e+02
1.330209959999999967e+02 1.685070039999999949e+02
1.583589939999999956e+02 1.115979999999999990e+02
2.104889980000000094e+02 1.422599950000000035e+02
2.041719970000000046e+02 1.097839969999999994e+02
1.408399960000000135e+02 1.133519969999999972e+02
1.536959990000000005e+02 1.830130000000000052e+02
2.127100069999999903e+02 1.806649930000000097e+02
2.287019960000000083e+02 1.043939969999999988e+02
1.565520019999999874e+02 1.124120029999999986e+02
1.740330050000000028e+02 9.669400000000000261e+01
1.703699949999999887e+02 8.863300300000000220e+01
1.741659999999999968e+02 1.569880070000000103e+02
1.653580019999999990e+02 1.015189969999999988e+02
1.831230009999999879e+02 8.673999799999999993e+01
1.337779999999999916e+02 9.655000300000000379e+01
1.497480009999999879e+02 1.774439999999999884e+02
1.422610019999999906e+02 7.766700000000000159e+01
1.522619929999999897e+02 7.119699900000000525e+01
1.517070009999999911e+02 7.841400099999999895e+01
2.100090030000000070e+02 1.713450009999999963e+02
1.570110019999999906e+02 5.021200199999999825e+01
1.685549929999999961e+02 1.436600039999999865e+02
1.613600010000000111e+02 1.583880000000000052e+02
2.236479950000000088e+02 9.789099899999999366e+01
1.573860019999999906e+02 5.258200099999999821e+01
1.937559970000000078e+02 1.789210050000000081e+02
1.537290040000000033e+02 1.689530029999999954e+02
1.989409939999999892e+02 1.815030059999999992e+02
2.308970030000000122e+02 1.714830019999999990e+02
2.129140010000000132e+02 9.177899899999999889e+01
2.168899989999999889e+02 4.052999899999999656e+01
1.841589969999999994e+02 1.813939970000000130e+02
2.245529940000000124e+02 1.721640010000000132e+02
2.223029940000000124e+02 1.618480069999999955e+02
1.610469970000000046e+02 1.670319979999999873e+02
1.585140079999999898e+02 2.780600000000000094e+01
2.166150049999999965e+02 3.784400200000000325e+01
2.140399930000000097e+02 1.100879970000000014e+02
1.736380000000000052e+02 1.795549929999999961e+02
1.640789949999999919e+02 9.150700399999999490e+01
1.712689970000000130e+02 9.959100300000000061e+01
1.872989959999999883e+02 1.036800000000000068e+02
2.077019960000000083e+02 1.647409969999999930e+02
2.115019990000000121e+02 7.551899699999999882e+01
2.047960050000000081e+02 9.793399800000000255e+01
1.553049929999999961e+02 7.550499700000000303e+01
1.438560029999999870e+02 9.040599799999999675e+01
2.268520049999999912e+02 6.819100199999999745e+01
1.944709929999999929e+02 1.573869929999999897e+02
1.766459959999999967e+02 1.601179960000000051e+02
1.557469940000000008e+02 9.308499899999999627e+01
1.752500000000000000e+02 8.176300000000000523e+01
1.909880070000000103e+02 1.757870029999999986e+02
2.255789949999999919e+02 1.488410030000000006e+02
2.149880070000000103e+02 7.472299999999999898e+01
1.464609989999999868e+02 1.448379970000000014e+02
1.898580019999999990e+02 7.852700000000000102e+01
1.649880070000000103e+02 1.572220000000000084e+02
1.447339939999999956e+02 1.040770030000000048e+02
1.489159999999999968e+02 1.477870029999999986e+02
1.788919980000000010e+02 1.594170070000000123e+02
1.539230039999999917e+02 1.135449980000000068e+02
2.167359920000000102e+02 8.833299999999999841e+01
1.425359950000000140e+02 8.094499999999999318e+01
1.451239930000000129e+02 1.078069990000000047e+02
1.436260069999999871e+02 1.526549990000000037e+02
2.006979980000000126e+02 1.398459929999999929e+02
1.339730069999999955e+02 1.650980069999999955e+02
2.086750030000000038e+02 8.163899999999999579e+01
2.261049959999999999e+02 1.124670030000000054e+02
1.886849980000000073e+02 7.189700299999999800e+01
1.954069979999999873e+02 7.661900300000000641e+01
1.729649960000000135e+02 8.681199599999999350e+01
1.900119929999999897e+02 1.816770019999999874e+02
1.574450070000000039e+02 1.161460040000000049e+02
2.078320009999999911e+02 1.483350069999999903e+02
2.160659939999999892e+02 4.129099999999999682e+01
1.404270019999999874e+02 1.537940059999999960e+02
1.819490049999999997e+02 1.686739959999999883e+02
1.787810059999999908e+02 1.490700070000000039e+02
1.284149930000000097e+02 9.579000100000000373e+01
1.249769969999999972e+02 8.206099700000000041e+01
1.632649989999999889e+02 1.449759980000000041e+02
2.203070069999999987e+02 8.127700000000000102e+01
1.904239959999999883e+02 6.963300300000000220e+01
1.745919949999999972e+02 1.533880000000000052e+02
1.842250060000000076e+02 7.773600000000000421e+01
1.719629970000000014e+02 1.592660060000000044e+02
1.700659939999999892e+02 1.532120060000000024e+02
1.680339969999999994e+02 1.427250060000000076e+02
1.586620029999999986e+02 1.795010069999999871e+02
1.970529940000000124e+02 1.061289979999999957e+02
2.160700070000000039e+02 4.084700000000000131e+01
1.664219970000000046e+02 1.448390049999999860e+02
1.758899989999999889e+02 1.777400049999999965e+02
1.340549929999999961e+02 1.088990019999999959e+02
1.468809970000000078e+02 7.351699800000000096e+01
1.514329989999999952e+02 8.933100100000000054e+01
1.465130000000000052e+02 1.011200029999999970e+02
1.341349950000000035e+02 1.029039989999999989e+02
2.012720030000000122e+02 7.219000200000000689e+01
1.390350039999999865e+02 7.816100299999999379e+01
1.267160030000000006e+02 1.105000000000000000e+02
1.216689989999999995e+02 7.133899700000000621e+01
2.304159999999999968e+02 1.567429960000000051e+02
1.594299929999999961e+02 1.011569980000000015e+02
1.432969970000000046e+02 1.453450009999999963e+02
1.961109920000000102e+02 1.127360000000000042e+02
1.726049959999999999e+02 1.418760069999999871e+02
1.163570019999999943e+02 2.934100000000000108e+01
2.166779940000000124e+02 5.287799799999999806e+01
1.496089939999999956e+02 1.592030029999999954e+02
2.313099980000000073e+02 1.720260010000000079e+02
1.235940020000000032e+02 1.021920010000000048e+02
2.053439940000000092e+02 8.950099899999999309e+01
2.166089939999999956e+02 1.021800000000000068e+02
1.937480009999999879e+02 1.474299929999999961e+02
2.050140079999999898e+02 1.819980009999999879e+02
1.599450070000000039e+02 1.024170000000000016e+02
2.166959990000000005e+02 1.213600009999999969e+02
1.398309940000000040e+02 1.066200029999999970e+02
1.244229969999999952e+02 9.025800300000000220e+01
2.138719940000000008e+02 7.576000200000000007e+01
2.135440059999999960e+02 2.632900000000000063e+01
1.418189999999999884e+02 1.070159989999999937e+02
1.575099950000000035e+02 1.227730030000000028e+02
1.894089969999999994e+02 1.611329959999999915e+02
1.570970000000000084e+02 1.470950009999999963e+02
1.633880000000000052e+02 1.763430020000000127e+02
1.322590030000000070e+02 1.756649930000000097e+02
1.332059940000000040e+02 7.678700299999999856e+01
1.423899989999999889e+02 1.788990019999999959e+02
1.330959929999999929e+02 1.615409999999999968e+02
1.266890029999999996e+02 1.440809940000000040e+02
2.226750030000000038e+02 2.024960020000000043e+02
1.549709929999999929e+02 1.516269990000000121e+02
1.634949949999999887e+02 9.835800199999999904e+01
2.326750030000000038e+02 1.087300029999999964e+02
1.834109950000000140e+02 1.436690059999999960e+02
2.102030029999999954e+02 1.544830019999999990e+02
1.680720059999999876e+02 7.451100200000000484e+01
1.275090030000000070e+02 1.421419980000000010e+02
1.509640049999999860e+02 1.091610029999999938e+02
1.710209959999999967e+02 6.998100300000000118e+01
1.467449949999999887e+02 1.595390010000000132e+02
1.438419949999999972e+02 1.820209959999999967e+02
2.237290040000000033e+02 1.593760069999999871e+02
2.182790070000000071e+02 1.857590030000000070e+02
1.723690029999999922e+02 1.695579989999999952e+02
1.695870060000000024e+02 1.423540040000000033e+02
2.168670040000000085e+02 8.575099899999999309e+01
1.517870029999999986e+02 8.311699699999999780e+01
2.249850010000000111e+02 9.173000299999999640e+01
1.353189999999999884e+02 1.829989930000000129e+02
1.251250000000000000e+02 1.399909969999999930e+02
1.570220030000000122e+02 1.642689970000000130e+02
1.243320010000000053e+02 1.108099979999999931e+02
1.713520049999999912e+02 1.777839969999999994e+02
2.174889980000000094e+02 4.981600199999999745e+01
2.254889980000000094e+02 1.674739989999999921e+02
2.070059970000000078e+02 1.067300029999999964e+02
1.784080050000000028e+02 1.685469970000000046e+02
2.278220059999999876e+02 1.805010069999999871e+02
1.904100039999999865e+02 1.448390049999999860e+02
1.676049959999999999e+02 1.779190059999999960e+02
1.994470059999999876e+02 9.146499599999999930e+01
1.846159969999999930e+02 1.550679930000000013e+02
1.502429960000000051e+02 1.774730069999999955e+02
1.826289979999999957e+02 1.158980030000000028e+02
1.472689970000000130e+02 1.832510069999999871e+02
1.573520049999999912e+02 4.911800000000000210e+01
2.021239930000000129e+02 1.546459959999999967e+02
1.791250000000000000e+02 1.448589939999999956e+02
1.802339939999999956e+02 5.900199899999999786e+01
1.598950040000000001e+02 8.754200000000000159e+01
1.856179960000000051e+02 1.056490019999999959e+02
2.335050050000000113e+02 1.032580030000000022e+02
1.895919949999999972e+02 1.830370029999999986e+02
2.160619959999999935e+02 1.426939999999999884e+02
2.059040070000000071e+02 1.416009980000000041e+02
1.810599980000000073e+02 1.638269960000000083e+02
1.724730069999999955e+02 8.381700100000000475e+01
1.515540009999999995e+02 1.145350040000000007e+02
1.759859920000000102e+02 1.051279980000000052e+02
1.811320039999999949e+02 1.702299959999999999e+02
1.588000030000000038e+02 8.943699599999999350e+01
2.318679960000000051e+02 8.487400100000000691e+01
2.037700040000000001e+02 8.420300299999999538e+01
1.317440029999999922e+02 1.781419980000000010e+02
1.823459929999999929e+02 9.308999599999999930e+01
1.763990019999999959e+02 1.100429989999999947e+02
1.725859989999999868e+02 8.835399599999999509e+01
1.387480009999999879e+02 7.829799699999999518e+01
1.984069979999999873e+02 1.722129970000000014e+02
1.469920040000000085e+02 1.115319980000000015e+02
1.617409969999999930e+02 1.028600009999999969e+02
2.099389950000000056e+02 1.383769990000000121e+02
1.756139980000000094e+02 1.636920010000000048e+02
1.681710050000000081e+02 8.047599800000000414e+01
1.433600010000000111e+02 1.748040009999999995e+02
2.254779969999999878e+02 1.571410060000000044e+02
1.671069950000000119e+02 9.132900200000000268e+01
1.226360020000000048e+02 1.058280029999999954e+02
1.684770049999999912e+02 8.331800099999999532e+01
1.579060059999999908e+02 1.386889950000000056e+02
1.603659969999999930e+02 1.459470059999999876e+02
1.496629939999999976e+02 8.343900299999999959e+01
1.877619929999999897e+02 1.036009980000000041e+02
2.014159999999999968e+02 1.407039949999999919e+02
2.132810059999999908e+02 9.153299699999999461e+01
1.634499969999999962e+02 8.333499899999999627e+01
1.930729980000000126e+02 9.980599999999999739e+01
1.873950040000000001e+02 1.520989989999999921e+02
2.170679930000000013e+02 1.716399989999999889e+02
1.568189999999999884e+02 7.216700000000000159e+01
1.870500030000000038e+02 7.910900100000000634e+01
1.855820009999999911e+02 1.599810029999999870e+02
1.714810029999999870e+02 9.463099699999999359e+01
1.300099950000000035e+02 9.826899699999999882e+01
1.951569979999999873e+02 1.829530029999999954e+02
1.300709990000000005e+02 8.702899899999999889e+01
1.764230039999999917e+02 9.127800000000000580e+01
1.684109950000000140e+02 1.011630020000000059e+02
2.177980039999999917e+02 4.293699999999999761e+01
1.353549959999999999e+02 1.041320039999999949e+02
1.562649989999999889e+02 4.014799899999999866e+01
2.175079959999999915e+02 1.355939940000000092e+02
1.845540009999999995e+02 1.575260010000000079e+02
2.169369959999999935e+02 1.485760040000000117e+02
1.269309999999999974e+02 9.701300000000000523e+01
1.479880070000000103e+02 9.375199899999999786e+01
2.269170070000000123e+02 7.330599999999999739e+01
2.333139950000000056e+02 9.336799600000000510e+01
1.411909939999999892e+02 1.102180019999999985e+02
1.920899960000000135e+02 1.600399930000000097e+02
2.307980039999999917e+02 7.856999999999999318e+01
2.196990049999999997e+02 8.305400099999999952e+01
1.859439999999999884e+02 1.738470000000000084e+02
1.991950070000000039e+02 1.136719970000000046e+02
1.344210050000000081e+02 7.170300299999999538e+01
1.980220030000000122e+02 1.090039979999999957e+02
2.036089939999999956e+02 1.393289949999999919e+02
2.308159939999999892e+02 1.744989930000000129e+02
2.187469940000000008e+02 8.717900099999999952e+01
1.549069979999999873e+02 5.901900100000000293e+01
1.828060000000000116e+02 1.774389950000000056e+02
2.098809970000000078e+02 1.037809979999999968e+02
2.060630040000000065e+02 7.736499799999999993e+01
2.096779940000000124e+02 1.598710020000000043e+02
1.847649989999999889e+02 9.753399699999999939e+01
1.748000030000000038e+02 8.364399699999999882e+01
1.573730009999999879e+02 1.974920040000000085e+02
2.147420040000000085e+02 1.425149989999999889e+02
1.916540070000000071e+02 1.788079989999999952e+02
1.601739959999999883e+02 7.104900399999999649e+01
2.168890079999999898e+02 1.941999969999999962e+02
1.749429930000000013e+02 9.139600400000000491e+01
1.774960020000000043e+02 1.595420070000000123e+02
1.523659969999999930e+02 1.069209979999999973e+02
1.450780029999999954e+02 8.469899700000000564e+01
2.012649989999999889e+02 1.018919980000000010e+02
1.763869929999999897e+02 1.008720019999999948e+02
2.163419949999999972e+02 1.136689989999999995e+02
1.470249939999999924e+02 7.042700200000000166e+01
2.260670010000000048e+02 8.724700199999999484e+01
1.958340000000000032e+02 1.078469999999999942e+02
1.956300050000000113e+02 1.726170040000000085e+02
1.414550020000000075e+02 1.512460020000000043e+02
1.710180049999999881e+02 1.042480010000000021e+02
1.593470000000000084e+02 1.464299929999999961e+02
1.774080050000000028e+02 1.783229980000000126e+02
2.242689970000000130e+02 1.640919949999999972e+02
1.766300050000000113e+02 1.313280029999999954e+02
1.653999939999999924e+02 7.904200000000000159e+01
1.618899989999999889e+02 1.492039949999999919e+02
1.306080019999999990e+02 1.669969940000000008e+02
1.929149930000000097e+02 9.577600099999999372e+01
1.603540040000000033e+02 1.577200009999999963e+02
1.492559970000000078e+02 8.226300000000000523e+01
1.874190059999999960e+02 7.965499900000000366e+01
1.658780059999999992e+02 1.016940000000000026e+02
2.249929960000000051e+02 1.128769989999999979e+02
1.783959959999999967e+02 8.104200000000000159e+01
2.065870060000000024e+02 1.827579959999999915e+02
1.498800050000000113e+02 1.827019960000000083e+02
1.625650019999999927e+02 1.083610000000000042e+02
1.410279999999999916e+02 1.108280029999999954e+02
1.300030059999999992e+02 8.375800300000000220e+01
1.430449979999999925e+02 7.619300099999999532e+01
1.359779969999999878e+02 1.126640009999999990e+02
2.161340030000000070e+02 1.340740049999999997e+02
1.882790070000000071e+02 3.778699900000000156e+01
2.130399930000000097e+02 1.671889950000000056e+02
1.645469970000000046e+02 7.960299700000000200e+01
1.528650049999999965e+02 1.650879970000000014e+02
1.492790070000000071e+02 9.132499699999999621e+01
2.170540009999999995e+02 1.306260069999999871e+02
1.762189940000000092e+02 1.499320069999999987e+02
1.965350039999999865e+02 1.486519930000000045e+02
1.985590060000000108e+02 1.560560000000000116e+02
1.658780059999999992e+02 1.622380070000000103e+02
1.330359950000000140e+02 1.471699979999999925e+02
1.847230069999999955e+02 7.617800099999999475e+01
2.153300020000000075e+02 1.587160030000000006e+02
1.579159999999999968e+02 1.922590030000000070e+02
1.778240049999999997e+02 1.767330019999999990e+02
1.944069979999999873e+02 9.551399999999999579e+01
1.600610049999999944e+02 1.629190059999999960e+02
2.052050020000000075e+02 1.113059999999999974e+02
1.286609950000000140e+02 1.010360029999999938e+02
2.191309970000000078e+02 1.446999969999999962e+02
1.997279969999999878e+02 7.825399799999999573e+01
1.206780009999999947e+02 7.723500099999999691e+01
1.645659939999999892e+02 1.956199949999999887e+02
1.405070039999999949e+02 1.677839969999999994e+02
1.926979980000000126e+02 1.588800050000000113e+02
2.167909999999999968e+02 1.468619999999999948e+02
2.267810059999999908e+02 1.559530029999999954e+02
1.736049959999999999e+02 1.523240049999999997e+02
2.133419949999999972e+02 9.447100100000000111e+01
1.259579999999999984e+02 8.805300099999999475e+01
1.230889970000000062e+02 1.008949970000000036e+02
1.647039949999999919e+02 9.256600199999999745e+01
2.268480069999999955e+02 4.091700000000000159e+01
1.759179990000000089e+02 3.872100100000000111e+01
2.266900019999999927e+02 1.527579959999999915e+02
1.287599950000000035e+02 1.458789979999999957e+02
1.437729950000000088e+02 8.258599900000000105e+01
2.181280059999999992e+02 1.111699980000000068e+02
1.536549990000000037e+02 1.583189999999999884e+02
1.384750060000000076e+02 9.515699800000000153e+01
2.196159969999999930e+02 1.408849950000000035e+02
1.277429960000000051e+02 1.555229950000000088e+02
2.331170040000000085e+02 8.550000000000000000e+01
2.063630070000000103e+02 1.704720000000000084e+02
1.706999969999999962e+02 9.489399699999999882e+01
1.384640049999999860e+02 1.619559940000000040e+02
2.015130000000000052e+02 1.450240019999999959e+02
1.752810059999999908e+02 9.862400100000000691e+01
1.243570019999999943e+02 8.790899699999999939e+01
1.733049929999999961e+02 1.660050050000000113e+02
1.750910030000000006e+02 1.832790070000000071e+02
2.023860019999999906e+02 7.015100099999999372e+01
1.866159969999999930e+02 9.793900299999999959e+01
2.024850010000000111e+02 1.833220059999999876e+02
1.521340030000000070e+02 7.110299700000000200e+01
1.235309979999999968e+02 7.448600000000000421e+01
2.323939970000000130e+02 1.510749969999999962e+02
2.330919949999999972e+02 1.524570009999999911e+02
2.070500030000000038e+02 1.052959979999999973e+02
2.239140010000000132e+02 1.432689970000000130e+02
1.470420070000000123e+02 1.618609920000000102e+02
1.606609950000000140e+02 7.724900100000000691e+01
2.088189999999999884e+02 1.697779999999999916e+02
1.814940029999999922e+02 1.836880040000000065e+02
1.231460040000000049e+02 9.285700199999999427e+01
1.841750030000000038e+02 7.876799800000000573e+01
1.684859920000000102e+02 1.808950040000000001e+02
2.172899930000000097e+02 4.892200100000000162e+01
1.363020019999999874e+02 1.402039949999999919e+02
1.693329929999999877e+02 9.848300199999999904e+01
1.917859950000000140e+02 1.735409999999999968e+02
1.442440029999999922e+02 1.790760040000000117e+02
1.530619959999999935e+02 7.421099900000000105e+01
1.456829989999999952e+02 1.531439970000000130e+02
1.606329959999999915e+02 9.014800300000000277e+01
1.885240019999999959e+02 1.399400019999999927e+02
2.276430049999999881e+02 1.432250060000000076e+02
1.648459929999999929e+02 1.610140079999999898e+02
1.997530059999999992e+02 7.847100100000000111e+01
2.251100010000000111e+02 1.409149930000000097e+02
1.953459929999999929e+02 1.603639980000000094e+02
1.615140079999999898e+02 9.837999700000000303e+01
2.073970030000000122e+02 1.007949980000000068e+02
1.759069979999999873e+02 1.001940000000000026e+02
2.206199949999999887e+02 1.601519930000000045e+02
1.769380040000000065e+02 1.405160060000000044e+02
1.292100069999999903e+02 3.880099899999999735e+01
1.682740019999999959e+02 1.397030029999999954e+02
2.147949979999999925e+02 8.253500400000000070e+01
2.081600039999999865e+02 6.952899899999999889e+01
1.590160060000000044e+02 8.070700100000000532e+01
2.160379939999999976e+02 6.456900000000000261e+01
2.028419949999999972e+02 1.484600069999999903e+02
2.285590060000000108e+02 8.915300000000000580e+01
1.751829989999999952e+02 1.612890010000000132e+02
1.773600010000000111e+02 1.785350039999999865e+02
1.775220030000000122e+02 1.094400020000000069e+02
2.330760040000000117e+02 1.075350040000000007e+02
1.748450009999999963e+02 1.460469970000000046e+02
2.173979950000000088e+02 4.242300000000000182e+01
1.599640049999999860e+02 1.383899989999999889e+02
2.336889950000000056e+02 9.578199800000000153e+01
1.222239990000000063e+02 9.322199999999999420e+01
2.155540009999999995e+02 1.114349979999999931e+02
1.821600039999999865e+02 1.482619929999999897e+02
1.487510069999999871e+02 1.813370060000000024e+02
1.325149989999999889e+02 1.294219970000000046e+02
1.645789949999999919e+02 7.694899700000000564e+01
2.331909939999999892e+02 7.116000400000000070e+01
1.256119999999999948e+02 9.058400000000000318e+01
1.669149930000000097e+02 1.678040009999999995e+02
1.826419980000000010e+02 1.105500030000000038e+02
1.325850069999999903e+02 1.756309970000000078e+02
1.253420030000000054e+02 1.034030000000000058e+02
1.244270020000000017e+02 1.104710010000000011e+02
1.431849980000000073e+02 1.030930019999999985e+02
1.517310029999999870e+02 1.499730069999999955e+02
1.852740019999999959e+02 1.764620060000000024e+02
2.166929930000000013e+02 9.017600299999999436e+01
1.808439940000000092e+02 1.508260040000000117e+02
1.420700070000000039e+02 1.387259980000000041e+02
1.962630000000000052e+02 1.630229950000000088e+02
1.251569980000000015e+02 1.508079989999999952e+02
1.341889950000000056e+02 1.092480010000000021e+02
1.830480039999999917e+02 1.652500000000000000e+02
1.933710020000000043e+02 1.037959979999999973e+02
1.391139980000000094e+02 8.672199999999999420e+01
1.948280029999999954e+02 1.392090000000000032e+02
1.929159999999999968e+02 8.516200299999999856e+01
1.910030059999999992e+02 1.517599950000000035e+02
2.067100069999999903e+02 1.512180020000000127e+02
1.336540070000000071e+02 1.494120029999999986e+02
1.323320009999999911e+02 1.784620060000000024e+02
1.661419980000000010e+02 5.515299999999999869e+01
2.062460020000000043e+02 9.171600300000000061e+01
2.191690059999999960e+02 1.797059940000000040e+02
1.905339969999999994e+02 1.719279940000000124e+02
1.660870060000000024e+02 1.429750060000000076e+02
1.403289949999999919e+02 8.748699999999999477e+01
1.361829989999999952e+02 1.515879970000000014e+02
2.042559970000000078e+02 1.122610020000000048e+02
2.110989989999999921e+02 1.483200070000000039e+02
1.337200009999999963e+02 1.261340030000000070e+02
1.513600010000000111e+02 9.746700300000000539e+01
1.422769930000000045e+02 7.958799700000000144e+01
2.131300050000000113e+02 1.086169969999999978e+02
1.522079929999999877e+02 7.911799600000000510e+01
1.953329929999999877e+02 1.466569979999999873e+02
1.459920040000000085e+02 1.820379939999999976e+02
1.780339969999999994e+02 1.733820039999999949e+02
2.128670040000000085e+02 1.383189999999999884e+02
1.629590000000000032e+02 1.541369929999999897e+02
1.698670040000000085e+02 1.600449979999999925e+02
1.851289979999999957e+02 1.757339939999999956e+02
1.669420010000000048e+02 1.725579989999999952e+02
2.103489989999999921e+02 1.525119929999999897e+02
2.005229950000000088e+02 1.647369999999999948e+02
1.745000000000000000e+02 9.195799999999999841e+01
1.825870060000000024e+02 1.721450040000000001e+02
1.951210020000000043e+02 1.447709959999999967e+02
1.773820039999999949e+02 1.505529940000000124e+02
1.428139950000000056e+02 1.764850010000000111e+02
2.185590060000000108e+02 1.047679980000000057e+02
1.814819950000000119e+02 8.320999899999999627e+01
2.072879939999999976e+02 9.846700300000000539e+01
1.800859989999999868e+02 1.713119959999999935e+02
1.487440029999999922e+02 1.382740019999999959e+02
2.261139980000000094e+02 1.108259960000000035e+02
1.582700040000000001e+02 1.758470000000000084e+02
1.433130040000000065e+02 9.135299700000000200e+01
2.191199949999999887e+02 7.097399900000000628e+01
2.106450040000000001e+02 1.778150019999999927e+02
2.173000030000000038e+02 7.962799800000000516e+01
1.622630000000000052e+02 1.735910030000000006e+02
1.896779940000000124e+02 1.738829959999999915e+02
2.302740019999999959e+02 7.972599800000000414e+01
1.526540070000000071e+02 1.643849950000000035e+02
2.073390049999999860e+02 1.744920040000000085e+02
1.904830019999999990e+02 6.848100300000000118e+01
1.909609989999999868e+02 1.591519930000000045e+02
1.268010029999999944e+02 6.822799700000000200e+01
1.892350010000000111e+02 1.445890049999999860e+02
1.498930049999999881e+02 9.841000400000000070e+01
1.425529940000000124e+02 9.400700399999999490e+01
1.739210050000000081e+02 1.523470000000000084e+02
1.267320019999999943e+02 1.420339969999999994e+02
2.048110049999999944e+02 7.048300199999999904e+01
1.863379970000000014e+02 1.611049959999999999e+02
1.506369929999999897e+02 1.702579959999999915e+02
1.825070039999999949e+02 1.704479980000000126e+02
1.253069990000000047e+02 8.446800199999999847e+01
2.191349950000000035e+02 1.398809970000000078e+02
1.589010010000000079e+02 5.901200099999999793e+01
1.216110000000000042e+02 1.074619979999999941e+02
1.267900010000000037e+02 9.530500000000000682e+01
1.483320009999999911e+02 1.766089939999999956e+02
1.710440059999999960e+02 9.105200200000000166e+01
2.093950040000000001e+02 1.657500000000000000e+02
2.140740049999999997e+02 9.610700199999999427e+01
1.782819979999999873e+02 8.097599800000000414e+01
1.944299929999999961e+02 1.687039949999999919e+02
1.735460050000000081e+02 1.060619959999999935e+02
2.114409939999999892e+02 1.572059940000000040e+02
1.938540040000000033e+02 1.783350069999999903e+02
1.624859920000000102e+02 1.570829929999999877e+02
1.900279999999999916e+02 1.786300050000000113e+02
1.998869929999999897e+02 1.718869929999999897e+02
2.149590000000000032e+02 1.069980010000000021e+02
1.739739989999999921e+02 9.021399700000000621e+01
2.200310059999999908e+02 1.541260069999999871e+02
2.066260069999999871e+02 8.606300400000000650e+01
2.266260069999999871e+02 8.541999800000000675e+01
1.464660030000000006e+02 1.634570009999999911e+02
1.481799929999999961e+02 7.151000200000000007e+01
1.273059999999999974e+02 9.919499999999999318e+01
1.225090030000000070e+02 1.123030009999999947e+02
1.769629970000000014e+02 1.736710050000000081e+02
1.378860019999999906e+02 1.777160030000000006e+02
1.228489990000000063e+02 1.106259989999999931e+02
2.308560029999999870e+02 1.618229980000000126e+02
1.689409939999999892e+02 1.655059970000000078e+02
1.436719970000000046e+02 6.964299800000000573e+01
1.952960050000000081e+02 6.895799999999999841e+01
1.704479980000000126e+02 1.084940030000000064e+02
1.270080030000000022e+02 1.046149979999999999e+02
1.729929960000000051e+02 9.574400300000000641e+01
1.336369929999999897e+02 6.878199800000000153e+01
2.016889950000000056e+02 9.280400099999999952e+01
1.507389980000000094e+02 9.130699900000000468e+01
1.752380070000000103e+02 1.652299959999999999e+02
1.521939999999999884e+02 1.531529999999999916e+02
1.426089939999999956e+02 1.416690059999999960e+02
2.000359950000000140e+02 5.674900099999999981e+01
2.179730069999999955e+02 1.702949979999999925e+02
2.150829929999999877e+02 1.617369999999999948e+02
1.809989930000000129e+02 9.337100200000000427e+01
1.406399989999999889e+02 8.361100000000000421e+01
1.655010069999999871e+02 8.322000099999999634e+01
1.888880000000000052e+02 1.549470059999999876e+02
1.913930049999999881e+02 8.587300100000000214e+01
2.318390049999999860e+02 1.001220019999999948e+02
1.739499969999999962e+02 1.556430049999999881e+02
1.534799959999999999e+02 1.478990019999999959e+02
1.563179930000000013e+02 1.987590030000000070e+02
2.008880000000000052e+02 1.686300050000000113e+02
1.998670040000000085e+02 1.751569979999999873e+02
1.463760069999999871e+02 1.704680020000000127e+02
2.160619959999999935e+02 4.645000100000000032e+01
2.164170070000000123e+02 1.864479980000000126e+02
2.176589969999999994e+02 1.940059970000000078e+02
2.010070039999999949e+02 1.652960050000000081e+02
1.997220000000000084e+02 1.496069950000000119e+02
1.445780029999999954e+02 1.736840060000000108e+02
2.332920070000000123e+02 6.952899899999999889e+01
1.290350039999999865e+02 7.544300099999999532e+01
1.474250030000000038e+02 1.607929990000000089e+02
1.399949949999999887e+02 9.356999999999999318e+01
1.376459959999999967e+02 1.669439999999999884e+02
2.173439940000000092e+02 1.744669949999999972e+02
1.651820069999999987e+02 1.603350069999999903e+02
1.394040070000000071e+02 1.541069950000000119e+02
1.723029940000000124e+02 2.305600000000000094e+01
1.493500060000000076e+02 1.670590060000000108e+02
2.159799959999999999e+02 1.567879939999999976e+02
1.663289949999999919e+02 8.171800199999999847e+01
1.269530029999999954e+02 1.535590060000000108e+02
1.370359950000000140e+02 8.883999599999999930e+01
1.563890079999999898e+02 1.110130000000000052e+02
1.379620060000000024e+02 1.797339939999999956e+02
1.439660030000000006e+02 2.590800099999999873e+01
1.835590060000000108e+02 1.754620060000000024e+02
1.966029969999999878e+02 9.932299799999999834e+01
1.408370060000000024e+02 1.391459959999999967e+02
1.569459990000000005e+02 8.883299999999999841e+01
1.694089969999999994e+02 1.398370060000000024e+02
1.836380000000000052e+02 1.390079959999999915e+02
2.086959990000000005e+02 6.298700000000000188e+01
1.823979950000000088e+02 6.809699999999999420e+01
1.708910060000000044e+02 7.399500299999999697e+01
1.743040009999999995e+02 1.421150049999999965e+02
1.445449979999999925e+02 1.587530059999999992e+02
2.247369999999999948e+02 7.618499799999999311e+01
1.754810029999999870e+02 1.768170010000000048e+02
1.379940029999999922e+02 1.080490039999999965e+02
2.083329929999999877e+02 1.121679989999999947e+02
1.752369999999999948e+02 1.483580019999999990e+02
1.928090060000000108e+02 1.599730069999999955e+02
1.518589939999999956e+02 7.622699699999999723e+01
2.246670070000000123e+02 1.448959959999999967e+02
1.660890049999999860e+02 6.912100200000000427e+01
1.849519960000000083e+02 1.490899960000000135e+02
2.140319979999999873e+02 8.925800300000000220e+01
1.751029969999999878e+02 1.107009960000000035e+02
1.523999939999999924e+02 8.720099600000000351e+01
1.637290040000000033e+02 8.873999799999999993e+01
1.263960040000000049e+02 1.070609970000000004e+02
1.852239989999999921e+02 1.704010010000000079e+02
1.531300050000000113e+02 1.729880070000000103e+02
1.677949979999999925e+02 1.831529999999999916e+02
1.621540070000000071e+02 1.121240010000000069e+02
1.574499969999999962e+02 1.678670040000000085e+02
2.117310029999999870e+02 1.717619929999999897e+02
1.197060010000000005e+02 8.273999799999999993e+01
1.403529969999999878e+02 1.084430009999999953e+02
1.916679990000000089e+02 1.545689999999999884e+02
1.832720030000000122e+02 7.711299900000000207e+01
2.172259980000000041e+02 1.162860029999999938e+02
1.409900049999999965e+02 1.666939999999999884e+02
2.050879970000000014e+02 1.514349980000000073e+02
1.306719970000000046e+02 1.740299990000000037e+02
2.118719940000000008e+02 1.941450040000000001e+02
2.204040070000000071e+02 1.569660030000000006e+02
2.264210050000000081e+02 8.537100200000000427e+01
1.763540040000000033e+02 8.640399899999999889e+01
2.130070039999999949e+02 1.428220059999999876e+02
1.267399979999999999e+02 1.557250060000000076e+02
2.334340060000000108e+02 4.208900100000000322e+01
1.370279999999999916e+02 1.762100069999999903e+02
2.012530059999999992e+02 7.935199699999999723e+01
1.562160030000000006e+02 1.766730039999999917e+02
1.765890049999999860e+02 3.039199999999999946e+01
1.749060059999999908e+02 1.548849950000000035e+02
