5.985859990000000153e+02 2.848829959999999915e+02
6.179810179999999491e+02 1.869850010000000111e+02
6.130549929999999677e+02 1.985570069999999987e+02
6.590930180000000291e+02 3.069370119999999815e+02
5.826770020000000159e+02 2.152590030000000070e+02
6.370230099999999993e+02 2.049210050000000081e+02
6.134689939999999524e+02 2.390930020000000127e+02
6.088489990000000489e+02 2.483070069999999987e+02
6.399609990000000153e+02 2.565390009999999847e+02
6.186630249999999478e+02 3.096289980000000241e+02
6.398670039999999517e+02 3.067370000000000232e+02
6.007620239999999967e+02 2.624899899999999775e+02
6.315889889999999696e+02 2.101439970000000130e+02
6.013170169999999644e+02 1.846810000000000116e+02
6.378759770000000344e+02 2.340500030000000038e+02
6.118289790000000039e+02 2.048730009999999879e+02
6.287559810000000198e+02 2.819939880000000016e+02
6.209550169999999980e+02 2.480469970000000046e+02
6.844140009999999847e+02 2.426549990000000037e+02
6.253010249999999814e+02 2.320529940000000124e+02
6.266710209999999961e+02 2.549949949999999887e+02
6.122509770000000344e+02 2.192469940000000008e+02
6.428679809999999861e+02 2.213540040000000033e+02
6.059760129999999663e+02 2.110399930000000097e+02
6.255440059999999676e+02 2.720360109999999736e+02
6.458410030000000006e+02 2.418890079999999898e+02
6.401279909999999518e+02 1.955890049999999860e+02
6.137299799999999550e+02 1.807270049999999912e+02
6.140349730000000363e+02 2.124389950000000056e+02
6.008720090000000482e+02 2.600580140000000142e+02
5.907169800000000350e+02 2.736130069999999819e+02
5.971229859999999690e+02 2.519969940000000008e+02
6.151489870000000337e+02 2.873489989999999921e+02
6.074160160000000133e+02 1.883769990000000121e+02
6.024130249999999478e+02 1.942689970000000130e+02
6.579479979999999841e+02 2.639169919999999934e+02
6.128790279999999484e+02 2.586610109999999736e+02
6.135659789999999703e+02 2.964259950000000003e+02
6.349719850000000179e+02 2.689410100000000057e+02
6.419749759999999696e+02 3.098569949999999835e+02
5.827589719999999716e+02 2.759590150000000222e+02
6.365440059999999676e+02 2.507530059999999992e+02
6.298629760000000033e+02 2.733099980000000073e+02
6.089110110000000304e+02 1.995440059999999960e+02
6.379689939999999524e+02 2.119830019999999990e+02
6.085800169999999980e+02 1.993040009999999995e+02
6.252169800000000350e+02 2.829710079999999834e+02
6.571259770000000344e+02 2.176589969999999994e+02
6.604320069999999987e+02 3.081950069999999755e+02
5.951699830000000020e+02 2.709880069999999819e+02
6.078790279999999484e+02 2.671929930000000013e+02
6.152750240000000304e+02 2.525899960000000135e+02
6.278909909999999854e+02 2.485749969999999962e+02
6.376370239999999967e+02 2.623460079999999834e+02
6.274589839999999867e+02 2.719549870000000169e+02
6.538699950000000172e+02 1.941699979999999925e+02
6.271959839999999531e+02 2.524519960000000083e+02
6.508250120000000152e+02 1.920489959999999883e+02
6.574869999999999663e+02 2.829469910000000255e+02
5.786909789999999703e+02 2.157790070000000071e+02
6.258029790000000503e+02 2.074859920000000102e+02
6.303270260000000462e+02 1.900540009999999995e+02
6.568969730000000027e+02 1.856690059999999960e+02
6.282670289999999795e+02 2.790409849999999778e+02
6.009019779999999855e+02 2.131959990000000005e+02
6.501060179999999491e+02 1.948800050000000113e+02
6.087059940000000324e+02 2.030379939999999976e+02
6.055739750000000186e+02 2.888999939999999924e+02
5.987180180000000291e+02 2.269869999999999948e+02
6.467990109999999504e+02 1.974720000000000084e+02
6.281890260000000126e+02 2.162149960000000135e+02
6.387310179999999491e+02 1.834720000000000084e+02
6.204190059999999676e+02 2.598590090000000146e+02
6.660640260000000126e+02 2.630109860000000026e+02
6.253070069999999987e+02 2.230670010000000048e+02
6.334219970000000330e+02 2.184530029999999954e+02
6.107039790000000039e+02 1.864499969999999962e+02
6.443060299999999643e+02 2.594280089999999745e+02
6.102839969999999994e+02 2.450379939999999976e+02
6.381950070000000323e+02 2.266519930000000045e+02
6.023770140000000310e+02 2.130639950000000056e+02
6.289739990000000489e+02 2.742229919999999765e+02
6.360640260000000126e+02 1.928170010000000048e+02
6.150629880000000185e+02 2.223150019999999927e+02
6.394660030000000006e+02 3.121619870000000105e+02
6.049949950000000172e+02 2.955989989999999921e+02
6.097249759999999696e+02 2.891560059999999908e+02
6.232630000000000337e+02 1.849720000000000084e+02
6.380520020000000159e+02 2.492689970000000130e+02
6.138129880000000185e+02 1.863820039999999949e+02
6.158060299999999643e+02 2.023719940000000008e+02
6.384910280000000284e+02 2.634580080000000066e+02
6.436970209999999497e+02 2.338200070000000039e+02
6.514660030000000006e+02 2.125370029999999986e+02
6.335570069999999987e+02 2.198780059999999992e+02
6.312630000000000337e+02 2.090370029999999986e+02
6.191190189999999802e+02 2.628789980000000241e+02
5.877700200000000450e+02 2.737130129999999895e+02
6.144229739999999538e+02 2.051130070000000103e+02
6.663610230000000456e+02 2.723900150000000053e+02
6.572890009999999847e+02 2.829230039999999917e+02
6.039329830000000356e+02 2.190299990000000037e+02
6.389470209999999497e+02 3.072860109999999736e+02
6.162150269999999637e+02 1.946920010000000048e+02
6.188909909999999854e+02 2.733819889999999759e+02
6.095599979999999505e+02 2.586659849999999778e+02
6.110620119999999815e+02 2.367870029999999986e+02
6.097700200000000450e+02 2.271569979999999873e+02
6.084520260000000462e+02 2.921310119999999984e+02
6.452630000000000337e+02 2.124949949999999887e+02
6.279240109999999504e+02 2.033280029999999954e+02
6.391849979999999505e+02 1.874889980000000094e+02
6.566849979999999505e+02 2.985299989999999752e+02
6.324479979999999841e+02 1.927830050000000028e+02
5.982689820000000509e+02 2.282899930000000097e+02
6.219910280000000284e+02 2.414519960000000083e+02
5.921270140000000310e+02 2.537129970000000014e+02
6.239420169999999644e+02 2.427619929999999897e+02
6.014660030000000006e+02 1.911219940000000008e+02
6.135650020000000495e+02 2.645710139999999910e+02
6.110460209999999961e+02 2.566730039999999917e+02
6.245709839999999531e+02 2.239909969999999930e+02
6.560570069999999987e+02 2.431569979999999873e+02
6.418939820000000509e+02 2.608980099999999993e+02
6.373629760000000033e+02 3.101120000000000232e+02
6.130269779999999855e+02 2.486810000000000116e+02
6.111209720000000516e+02 2.882720029999999838e+02
5.961220090000000482e+02 2.803569949999999835e+02
6.268229979999999841e+02 2.471049959999999999e+02
6.044089969999999994e+02 1.932489930000000129e+02
6.051939700000000357e+02 1.987290040000000033e+02
6.330050049999999828e+02 2.146380000000000052e+02
5.829210209999999961e+02 2.726900019999999927e+02
6.320789790000000039e+02 2.293009950000000003e+02
6.234879760000000033e+02 2.171620029999999986e+02
5.915629880000000185e+02 2.824930110000000241e+02
6.142550049999999828e+02 2.422200009999999963e+02
6.008779909999999518e+02 2.187169949999999972e+02
6.485679930000000013e+02 2.047350010000000111e+02
6.265900269999999637e+02 2.258930049999999881e+02
6.579929809999999861e+02 2.713250120000000152e+02
6.035859990000000153e+02 2.244490049999999997e+02
6.420659789999999703e+02 2.003419949999999972e+02
6.140859990000000153e+02 2.825679930000000013e+02
6.332479859999999690e+02 2.636799930000000245e+02
6.361900020000000495e+02 2.369040070000000071e+02
6.391469730000000027e+02 2.335319979999999873e+02
6.314299929999999677e+02 2.104779969999999878e+02
6.355200200000000450e+02 1.997400049999999965e+02
6.103150020000000495e+02 2.794060059999999908e+02
5.844600219999999808e+02 2.654710079999999834e+02
6.026320190000000139e+02 2.134019930000000045e+02
6.096170039999999517e+02 2.419949949999999887e+02
6.150520020000000159e+02 2.731059880000000248e+02
6.077420039999999517e+02 1.802039949999999919e+02
6.330770260000000462e+02 1.988020019999999874e+02
6.042540279999999484e+02 2.234080050000000028e+02
6.180390009999999847e+02 2.698689880000000016e+02
6.347960209999999961e+02 2.126659999999999968e+02
6.207449950000000172e+02 2.090160060000000044e+02
6.152540279999999484e+02 2.431250000000000000e+02
6.442130130000000463e+02 2.245989989999999921e+02
6.412509770000000344e+02 1.953240049999999997e+02
5.882529909999999518e+02 2.815690000000000168e+02
6.239769900000000007e+02 2.043320009999999911e+02
6.596220090000000482e+02 3.033810119999999984e+02
6.059030149999999821e+02 2.339980009999999879e+02
5.862509770000000344e+02 2.797239989999999921e+02
6.479699709999999868e+02 2.353630070000000103e+02
6.142999879999999848e+02 1.985260010000000079e+02
6.077960209999999961e+02 2.251230009999999879e+02
6.029970090000000482e+02 2.240619959999999935e+02
6.026790160000000469e+02 1.873370060000000024e+02
6.627529909999999518e+02 3.075650019999999927e+02
5.774379880000000185e+02 2.692420040000000085e+02
6.232520140000000310e+02 2.785260010000000079e+02
6.355209959999999683e+02 3.063320009999999911e+02
6.015759890000000496e+02 1.949470059999999876e+02
6.081459959999999683e+02 2.191880040000000065e+02
6.260529790000000503e+02 2.208049929999999961e+02
6.071209720000000516e+02 2.458009950000000003e+02
6.124370119999999815e+02 1.859310000000000116e+02
6.295809940000000324e+02 2.808399959999999851e+02
6.257109990000000153e+02 2.797860109999999736e+02
6.390759890000000496e+02 1.818309940000000040e+02
6.574910280000000284e+02 1.896939999999999884e+02
6.317050169999999980e+02 2.550639950000000056e+02
5.918629760000000033e+02 2.745719910000000255e+02
5.858939820000000509e+02 2.628859860000000026e+02
6.074699709999999868e+02 1.907619929999999897e+02
6.184619750000000522e+02 2.468370060000000024e+02
6.578239750000000186e+02 2.284409939999999892e+02
5.961110230000000456e+02 2.751560059999999908e+02
5.886279909999999518e+02 1.810760040000000117e+02
6.362130130000000463e+02 3.061740110000000072e+02
6.470830079999999498e+02 2.070390010000000132e+02
6.851430050000000165e+02 2.832059939999999756e+02
6.148200070000000323e+02 2.536000060000000076e+02
6.091270140000000310e+02 2.041109920000000102e+02
6.069279790000000503e+02 2.735599980000000073e+02
6.092280269999999973e+02 1.957539979999999957e+02
6.408969730000000027e+02 2.039590000000000032e+02
6.490289920000000166e+02 1.989810029999999870e+02
6.109609990000000153e+02 2.134250030000000038e+02
6.243750000000000000e+02 1.960409999999999968e+02
6.577340090000000146e+02 1.926029969999999878e+02
5.882100219999999808e+02 2.478370060000000024e+02
6.276950070000000323e+02 2.129340060000000108e+02
5.989349979999999505e+02 2.479470059999999876e+02
6.024990229999999656e+02 2.323350069999999903e+02
6.069719850000000179e+02 2.331239930000000129e+02
6.252509770000000344e+02 2.297940059999999960e+02
6.399739990000000489e+02 2.171909939999999892e+02
6.062839969999999994e+02 2.663389890000000264e+02
6.118989870000000337e+02 2.126939999999999884e+02
6.568889769999999544e+02 1.837400049999999965e+02
6.307310179999999491e+02 2.660840150000000222e+02
6.308159789999999703e+02 2.795960079999999834e+02
6.570789790000000039e+02 2.196089939999999956e+02
6.356959839999999531e+02 2.741560059999999908e+02
6.272919920000000502e+02 2.254019930000000045e+02
5.935390009999999847e+02 2.613150019999999927e+02
6.577719730000000027e+02 2.053549959999999999e+02
5.989609990000000153e+02 2.844389949999999772e+02
6.164089969999999994e+02 2.418829959999999915e+02
6.101400149999999485e+02 2.775039980000000241e+02
6.072890009999999847e+02 2.244859920000000102e+02
6.547239990000000489e+02 3.091480099999999993e+02
5.903419800000000350e+02 2.497140049999999860e+02
5.926849979999999505e+02 2.741499939999999924e+02
6.151939700000000357e+02 2.198399960000000135e+02
6.098220209999999497e+02 3.012820130000000063e+02
6.062360230000000456e+02 2.209019930000000045e+02
5.986950070000000323e+02 2.682839969999999994e+02
6.088530269999999973e+02 2.846669919999999934e+02
6.313649900000000343e+02 2.772200010000000248e+02
6.381329960000000483e+02 2.644309999999999832e+02
6.385729979999999841e+02 2.614710079999999834e+02
6.220390009999999847e+02 2.122510069999999871e+02
6.101530149999999821e+02 2.151880040000000065e+02
6.367260129999999663e+02 2.285619959999999935e+02
6.094840090000000146e+02 1.984140010000000132e+02
5.907860110000000304e+02 2.599010010000000079e+02
6.012130130000000463e+02 2.770759889999999928e+02
5.960280149999999821e+02 2.649289860000000090e+02
6.110399780000000192e+02 2.174530029999999954e+02
6.045139769999999544e+02 2.299730069999999955e+02
5.992919920000000502e+02 2.852529910000000086e+02
6.426619869999999537e+02 2.450970000000000084e+02
6.310980220000000145e+02 2.183509980000000041e+02
6.434050290000000132e+02 2.364040070000000071e+02
6.515009770000000344e+02 2.775920100000000161e+02
6.471539920000000166e+02 2.450390010000000132e+02
5.978969730000000027e+02 2.527960050000000081e+02
6.170689700000000357e+02 2.732290039999999749e+02
5.785800169999999980e+02 2.190429990000000089e+02
6.136599730000000363e+02 1.961659999999999968e+02
6.239819949999999835e+02 2.256929930000000013e+02
6.154349979999999505e+02 2.848370059999999739e+02
6.301569819999999709e+02 1.963340000000000032e+02
6.913060299999999643e+02 2.338959959999999967e+02
6.255579830000000356e+02 2.834219969999999762e+02
6.525490109999999504e+02 1.895809940000000040e+02
6.333900149999999485e+02 2.715000000000000000e+02
6.170029909999999518e+02 2.398650049999999965e+02
6.723610230000000456e+02 2.816149899999999775e+02
5.939089969999999994e+02 2.524380040000000065e+02
6.299509890000000496e+02 2.699530030000000238e+02
5.960120239999999967e+02 2.547079929999999877e+02
6.336250000000000000e+02 2.337709959999999967e+02
6.352680050000000165e+02 2.592990110000000072e+02
6.479370119999999815e+02 1.890599980000000073e+02
6.061550290000000132e+02 2.533600010000000111e+02
6.562869869999999537e+02 2.291519930000000045e+02
6.096370239999999967e+02 1.872570039999999949e+02
6.053699950000000172e+02 2.315409999999999968e+02
6.453319699999999557e+02 3.100409849999999778e+02
6.167470090000000482e+02 2.561870119999999815e+02
6.691229859999999690e+02 2.524109950000000140e+02
5.828389889999999696e+02 2.483240049999999997e+02
6.246279909999999518e+02 2.709599910000000023e+02
6.401870119999999815e+02 2.013029940000000124e+02
6.111790160000000469e+02 2.347669980000000010e+02
6.086309810000000198e+02 2.912730099999999993e+02
6.150349730000000363e+02 2.800360109999999736e+02
6.458510129999999663e+02 2.476670070000000123e+02
6.335460209999999961e+02 1.948379970000000014e+02
6.250980220000000145e+02 2.785480039999999917e+02
6.408439939999999524e+02 2.273040009999999995e+02
6.207030029999999670e+02 1.852330019999999990e+02
6.279110110000000304e+02 2.230119929999999897e+02
6.091680300000000443e+02 2.450700070000000039e+02
6.218120119999999815e+02 2.565350040000000149e+02
5.788900149999999485e+02 2.339640049999999860e+02
6.371870119999999815e+02 2.616570130000000063e+02
6.251049799999999550e+02 2.269519960000000083e+02
6.271259770000000344e+02 2.754530030000000238e+02
6.177039790000000039e+02 1.829190059999999960e+02
6.136539920000000166e+02 2.175760040000000117e+02
6.318020020000000159e+02 2.013609920000000102e+02
6.424069819999999709e+02 3.095650019999999927e+02
6.230130000000000337e+02 2.809159849999999778e+02
6.012080079999999498e+02 2.817810059999999908e+02
6.435700070000000323e+02 1.904640049999999860e+02
6.131430050000000165e+02 2.374159999999999968e+02
6.177650149999999485e+02 1.976080019999999990e+02
6.083189700000000357e+02 1.876750030000000038e+02
6.410440059999999676e+02 2.008359989999999868e+02
6.190609739999999874e+02 2.261080019999999990e+02
5.988380130000000463e+02 2.247640079999999898e+02
6.096409909999999854e+02 2.627569889999999759e+02
6.638480220000000145e+02 2.766839899999999943e+02
6.244489750000000186e+02 2.739110109999999736e+02
6.428720090000000482e+02 2.670220029999999838e+02
6.397080079999999498e+02 1.834700009999999963e+02
6.054530029999999670e+02 2.965350040000000149e+02
6.139030149999999821e+02 2.386360019999999906e+02
6.109039920000000166e+02 2.937390139999999974e+02
6.157579960000000483e+02 1.840030059999999992e+02
6.091220090000000482e+02 2.211829989999999952e+02
6.048250120000000152e+02 2.745379940000000261e+02
6.136060179999999491e+02 2.221040040000000033e+02
6.505679930000000013e+02 2.455370029999999986e+02
6.329689939999999524e+02 2.619540099999999825e+02
6.314160160000000133e+02 1.857969970000000046e+02
6.190310060000000476e+02 2.050359950000000140e+02
6.124539790000000039e+02 2.676340030000000070e+02
6.244229739999999538e+02 2.059159999999999968e+02
6.385900269999999637e+02 2.245279999999999916e+02
6.068070069999999987e+02 2.955039980000000241e+02
6.178150020000000495e+02 2.257050020000000075e+02
6.783200070000000323e+02 2.972359920000000102e+02
5.887659909999999854e+02 2.732090150000000222e+02
5.923690189999999802e+02 2.494649960000000135e+02
6.296240229999999656e+02 2.503410030000000006e+02
6.315089719999999716e+02 2.025789949999999919e+02
6.135759890000000496e+02 2.539900049999999965e+02
5.984240109999999504e+02 2.312250060000000076e+02
6.347329710000000205e+02 1.977420040000000085e+02
6.126389769999999544e+02 2.413340000000000032e+02
6.338690189999999802e+02 1.882590030000000070e+02
6.481890260000000126e+02 2.114439999999999884e+02
6.544219970000000330e+02 2.313769990000000121e+02
6.391900020000000495e+02 2.272630000000000052e+02
6.078670039999999517e+02 2.579790039999999749e+02
6.519580079999999498e+02 1.929029999999999916e+02
6.389749759999999696e+02 1.914490049999999997e+02
6.509140009999999847e+02 2.148880000000000052e+02
6.180239870000000337e+02 2.774719850000000179e+02
6.058679809999999861e+02 2.660050049999999828e+02
6.230869750000000522e+02 2.216529999999999916e+02
6.152410280000000284e+02 2.918080140000000142e+02
6.042890009999999847e+02 2.427369999999999948e+02
6.269879760000000033e+02 2.229530029999999954e+02
6.319359739999999874e+02 2.526990049999999997e+02
6.648380130000000463e+02 1.833200070000000039e+02
6.353569949999999835e+02 2.068800050000000113e+02
6.230369869999999537e+02 2.072339939999999956e+02
6.436829830000000356e+02 2.185980069999999955e+02
6.318530269999999973e+02 2.610969850000000179e+02
6.151510009999999511e+02 1.867909999999999968e+02
6.072410280000000284e+02 2.595570069999999987e+02
6.245330199999999650e+02 2.890249939999999924e+02
6.303300169999999980e+02 2.665499879999999848e+02
6.256160280000000284e+02 1.965189970000000130e+02
6.458099979999999505e+02 1.960520019999999874e+02
6.123800049999999828e+02 2.164470059999999876e+02
6.445189820000000509e+02 2.606170040000000085e+02
6.054899900000000343e+02 2.046860049999999944e+02
6.302670289999999795e+02 2.667669980000000010e+02
6.529739990000000489e+02 1.986020049999999912e+02
6.467340090000000146e+02 2.343500060000000076e+02
6.107650149999999485e+02 2.159190059999999960e+02
6.016019900000000007e+02 2.878169859999999858e+02
6.572969970000000330e+02 2.821400150000000053e+02
6.323040160000000469e+02 1.994790040000000033e+02
6.573809810000000198e+02 2.066860049999999944e+02
6.149500120000000152e+02 2.372380070000000103e+02
6.090599979999999505e+02 2.261659999999999968e+02
6.079420169999999644e+02 2.108399960000000135e+02
6.079450070000000323e+02 2.877149959999999851e+02
6.311380000000000337e+02 2.068690029999999922e+02
6.469979859999999690e+02 1.825500030000000038e+02
6.174890139999999974e+02 2.297239989999999921e+02
6.262470090000000482e+02 1.920010069999999871e+02
6.199450070000000323e+02 2.830100100000000225e+02
6.019279790000000503e+02 2.054980009999999879e+02
6.376630249999999478e+02 2.303890079999999898e+02
5.953380130000000463e+02 2.794020080000000235e+02
5.784769900000000007e+02 2.710509950000000003e+02
6.293099979999999505e+02 2.498399960000000135e+02
6.943709720000000516e+02 2.566379999999999768e+02
6.440609739999999874e+02 2.137790070000000071e+02
5.918839719999999716e+02 1.850639950000000056e+02
5.952349850000000515e+02 2.419210050000000081e+02
6.444420169999999644e+02 2.891260070000000155e+02
6.579990229999999656e+02 2.848829959999999915e+02
5.981920169999999644e+02 2.629249879999999848e+02
6.181030269999999973e+02 1.925420070000000123e+02
6.273889769999999544e+02 2.807659909999999854e+02
6.015709839999999531e+02 2.753940119999999752e+02
6.045560299999999643e+02 2.207899930000000097e+02
6.413540040000000317e+02 2.338840030000000070e+02
5.857479859999999690e+02 2.679930110000000241e+02
6.297869869999999537e+02 2.281360019999999906e+02
6.243060299999999643e+02 2.876120000000000232e+02
5.902369999999999663e+02 2.531250000000000000e+02
6.095640260000000126e+02 2.775989989999999921e+02
6.251179809999999861e+02 2.210859989999999868e+02
5.925729979999999841e+02 2.732399899999999775e+02
6.011079710000000205e+02 2.599039920000000166e+02
6.215079960000000483e+02 1.958979950000000088e+02
6.327459720000000516e+02 2.303990019999999959e+02
6.016710209999999961e+02 1.931659999999999968e+02
6.312290040000000317e+02 2.347640079999999898e+02
6.230599979999999505e+02 2.110319979999999873e+02
6.433959959999999683e+02 1.908020019999999874e+02
6.250839839999999867e+02 2.376170040000000085e+02
6.609760129999999663e+02 3.042250060000000076e+02
6.082639769999999544e+02 2.252010040000000117e+02
6.348759770000000344e+02 2.039720000000000084e+02
6.180880130000000463e+02 1.859869999999999948e+02
6.396909789999999703e+02 1.901269990000000121e+02
5.870729979999999841e+02 2.688630069999999819e+02
6.434349979999999505e+02 2.548260040000000117e+02
6.563809810000000198e+02 2.965599980000000073e+02
6.010330199999999650e+02 2.009450070000000039e+02
6.220889889999999696e+02 1.879909969999999930e+02
6.378330079999999498e+02 1.888710020000000043e+02
6.142940059999999676e+02 2.828380129999999895e+02
5.926309810000000198e+02 2.528650049999999965e+02
5.943850099999999657e+02 2.834020080000000235e+02
6.360460209999999961e+02 1.816119999999999948e+02
6.309329830000000356e+02 2.610740049999999997e+02
6.064849850000000515e+02 2.321280059999999992e+02
6.787080079999999498e+02 1.859629970000000014e+02
6.131250000000000000e+02 2.115850069999999903e+02
6.251580199999999650e+02 2.428200070000000039e+02
6.178140260000000126e+02 2.036380000000000052e+02
6.325659789999999703e+02 2.617319949999999835e+02
6.445469970000000330e+02 2.811130069999999819e+02
6.224949950000000172e+02 2.816050109999999904e+02
6.117269900000000007e+02 2.641270139999999742e+02
6.574660030000000006e+02 2.470260010000000079e+02
6.392150269999999637e+02 2.054869999999999948e+02
6.039920039999999517e+02 2.870379940000000261e+02
6.433469850000000179e+02 2.208520049999999912e+02
6.184370119999999815e+02 2.121600039999999865e+02
6.363950200000000450e+02 2.478999939999999924e+02
5.997369999999999663e+02 2.216399989999999889e+02
6.404840090000000146e+02 3.095920100000000161e+02
6.383439939999999524e+02 2.421929930000000013e+02
6.487919920000000502e+02 2.129069979999999873e+02
6.055079960000000483e+02 2.259259950000000003e+02
6.569000240000000304e+02 2.547449949999999887e+02
6.213070069999999987e+02 1.930169980000000010e+02
6.405089719999999716e+02 2.609830019999999990e+02
6.235999759999999696e+02 2.242519990000000121e+02
6.444940189999999802e+02 2.355119929999999897e+02
5.911840210000000297e+02 2.550429990000000089e+02
6.242059940000000324e+02 2.826719969999999762e+02
6.146489870000000337e+02 2.922349849999999947e+02
6.428790279999999484e+02 2.481459959999999967e+02
6.369249879999999848e+02 2.623859860000000026e+02
6.062630000000000337e+02 1.972660060000000044e+02
6.041550290000000132e+02 1.972400049999999965e+02
5.830449830000000020e+02 2.737340090000000146e+02
6.666439820000000509e+02 3.022690119999999752e+02
6.216489870000000337e+02 2.203809970000000078e+02
6.330930180000000291e+02 1.983240049999999997e+02
6.246550290000000132e+02 1.822279969999999878e+02
5.896489870000000337e+02 2.624140009999999847e+02
6.574869999999999663e+02 3.077399899999999775e+02
6.028870239999999967e+02 2.383130040000000065e+02
6.577999879999999848e+02 2.249389950000000056e+02
6.528309940000000324e+02 2.022700040000000001e+02
6.491589969999999994e+02 3.046809999999999832e+02
6.487440189999999802e+02 2.396759950000000003e+02
6.183020020000000159e+02 2.859190060000000244e+02
5.906640009999999847e+02 2.673439940000000092e+02
6.539769900000000007e+02 1.826340030000000070e+02
6.066290279999999484e+02 2.294259950000000003e+02
6.123159789999999703e+02 2.092440029999999922e+02
6.189929809999999861e+02 1.848899989999999889e+02
6.008590090000000146e+02 2.354219970000000046e+02
6.324819949999999835e+02 2.669989929999999845e+02
6.110040279999999484e+02 1.887310029999999870e+02
6.305430300000000443e+02 2.669060059999999908e+02
6.203980099999999993e+02 2.212669980000000010e+02
6.473319699999999557e+02 1.864019930000000045e+02
6.574299929999999677e+02 1.873359989999999868e+02
6.005869750000000522e+02 2.124810029999999870e+02
6.352730099999999993e+02 3.081570130000000063e+02
6.473489990000000489e+02 1.970290070000000071e+02
6.027059940000000324e+02 2.432160030000000006e+02
6.127819819999999709e+02 2.867500000000000000e+02
5.924340210000000297e+02 2.712990110000000072e+02
6.320280149999999821e+02 1.944159999999999968e+02
6.312310179999999491e+02 2.485610049999999944e+02
