3.452260130000000231e+02 3.063919980000000010e+02
3.866080019999999990e+02 2.891940000000000168e+02
3.205440060000000244e+02 3.340190119999999752e+02
2.970209960000000251e+02 2.617919919999999934e+02
3.315369870000000105e+02 2.772789920000000166e+02
3.456610109999999736e+02 3.331210019999999759e+02
3.143089899999999943e+02 3.224289860000000090e+02
3.900369870000000105e+02 2.786770020000000159e+02
3.124920040000000085e+02 2.102469940000000008e+02
3.612040099999999825e+02 2.617080080000000066e+02
2.604599910000000023e+02 2.438220059999999876e+02
2.571600040000000149e+02 2.810570069999999987e+02
3.246400150000000053e+02 3.160039980000000241e+02
3.686480099999999993e+02 3.215790099999999825e+02
3.218009950000000003e+02 2.532640079999999898e+02
2.618020020000000159e+02 2.582189940000000092e+02
3.774270020000000159e+02 2.773869930000000181e+02
3.764460139999999910e+02 2.118130040000000065e+02
2.714660030000000006e+02 2.800440060000000244e+02
3.756640009999999847e+02 2.739179990000000089e+02
3.582219850000000179e+02 3.390859990000000153e+02
3.158529970000000162e+02 2.726470029999999838e+02
3.813890079999999898e+02 2.643620000000000232e+02
2.684020080000000235e+02 3.268840030000000070e+02
2.537239989999999921e+02 2.631180110000000241e+02
2.746499939999999924e+02 3.051950069999999755e+02
3.025520020000000159e+02 2.838630069999999819e+02
3.280270080000000235e+02 2.583850100000000225e+02
2.806919859999999858e+02 2.651700129999999831e+02
2.561279910000000086e+02 2.516430049999999881e+02
3.836889949999999772e+02 2.931319889999999759e+02
2.627049870000000169e+02 2.627560119999999984e+02
2.912390139999999974e+02 2.675669859999999858e+02
3.948640139999999974e+02 2.868160100000000057e+02
2.610329899999999839e+02 2.579460139999999910e+02
3.586600040000000149e+02 2.766199950000000172e+02
2.589249879999999848e+02 2.655199890000000096e+02
3.324280089999999745e+02 2.524709929999999929e+02
3.399200129999999831e+02 3.200620119999999815e+02
2.953989869999999769e+02 2.817399899999999775e+02
3.533959960000000251e+02 3.291700129999999831e+02
2.628229979999999841e+02 2.286699979999999925e+02
2.488130040000000065e+02 2.790350040000000149e+02
3.367189940000000092e+02 3.352370000000000232e+02
2.859169919999999934e+02 2.657730099999999993e+02
2.822479860000000258e+02 2.649509889999999928e+02
3.311390079999999898e+02 2.700790099999999825e+02
3.761220089999999914e+02 3.005859990000000153e+02
3.295459900000000175e+02 2.542380070000000103e+02
3.210530089999999745e+02 2.665010070000000155e+02
3.761000060000000076e+02 2.998450010000000248e+02
3.317380069999999819e+02 2.726279910000000086e+02
3.659760130000000231e+02 2.777900089999999977e+02
2.669249879999999848e+02 2.530030059999999992e+02
3.183800049999999828e+02 3.163900150000000053e+02
3.760010070000000155e+02 3.030190119999999752e+02
3.019209900000000175e+02 2.710809939999999756e+02
3.499989929999999845e+02 2.676099849999999947e+02
3.063479919999999765e+02 3.284880069999999819e+02
3.540419919999999934e+02 2.712399899999999775e+02
3.015620119999999815e+02 2.557510069999999871e+02
2.762479860000000258e+02 2.530260010000000079e+02
3.139299930000000245e+02 2.830780030000000238e+02
3.211809999999999832e+02 3.310629880000000185e+02
3.326979979999999841e+02 2.608729860000000258e+02
3.579299930000000245e+02 2.620039980000000241e+02
3.913879999999999768e+02 2.113569950000000119e+02
3.407529910000000086e+02 2.667940060000000244e+02
2.748110050000000228e+02 2.708510130000000231e+02
2.818919980000000010e+02 2.468040009999999995e+02
3.338680110000000241e+02 3.129280089999999745e+02
3.705239869999999769e+02 2.595809939999999756e+02
3.338340150000000222e+02 3.190830080000000066e+02
3.827969969999999762e+02 2.909769900000000007e+02
2.704200129999999831e+02 3.256799930000000245e+02
3.155599980000000073e+02 3.133550109999999904e+02
2.495330050000000028e+02 2.601180110000000241e+02
3.542760010000000079e+02 2.660989989999999921e+02
2.936780089999999745e+02 2.732850040000000149e+02
2.615169980000000010e+02 2.438209990000000005e+02
3.622380069999999819e+02 2.677160030000000006e+02
3.050409849999999778e+02 2.504980009999999879e+02
3.091189880000000016e+02 3.219859920000000102e+02
3.020419919999999934e+02 2.743510130000000231e+02
3.131379999999999768e+02 3.040090030000000070e+02
2.944779970000000162e+02 2.746510010000000079e+02
3.677149959999999851e+02 2.611510010000000079e+02
3.091019900000000007e+02 2.567760010000000079e+02
3.458510130000000231e+02 2.883909909999999854e+02
3.423169859999999858e+02 3.197290039999999749e+02
2.833670040000000085e+02 2.495059970000000078e+02
3.248970029999999838e+02 2.622380069999999819e+02
3.481140139999999974e+02 2.753529970000000162e+02
3.247059939999999756e+02 3.227090150000000222e+02
3.140910030000000006e+02 3.338080140000000142e+02
3.648680110000000241e+02 2.433269960000000083e+02
3.149750060000000076e+02 3.283469850000000179e+02
2.869760130000000231e+02 2.593349910000000023e+02
3.402349849999999947e+02 3.199100040000000149e+02
3.770799870000000169e+02 2.919509889999999928e+02
2.669100040000000149e+02 2.473719940000000008e+02
3.228989869999999769e+02 2.456710050000000081e+02
2.936359860000000026e+02 2.543919980000000010e+02
2.840169980000000010e+02 2.676149899999999775e+02
3.624280089999999745e+02 3.001130069999999819e+02
3.177500000000000000e+02 2.766329959999999915e+02
3.027950129999999831e+02 2.666300049999999828e+02
3.886789860000000090e+02 1.999210050000000081e+02
3.284469910000000255e+02 3.192950129999999831e+02
3.844060059999999908e+02 2.254109950000000140e+02
3.532049870000000169e+02 2.929590150000000222e+02
3.502680050000000165e+02 2.269929960000000051e+02
3.652640079999999898e+02 2.615690000000000168e+02
2.719349980000000073e+02 2.993080140000000142e+02
3.215079959999999915e+02 2.415119929999999897e+02
2.737569889999999759e+02 2.709030149999999821e+02
3.228479919999999765e+02 3.003970029999999838e+02
3.665610050000000228e+02 2.524080050000000028e+02
2.551640010000000132e+02 2.634330140000000142e+02
3.231669919999999934e+02 3.285440060000000244e+02
2.618510130000000231e+02 2.780790099999999825e+02
3.351470029999999838e+02 3.148909909999999854e+02
3.662130129999999895e+02 3.245469969999999762e+02
3.763240049999999997e+02 2.326280059999999992e+02
2.651350100000000225e+02 2.377319950000000119e+02
3.127000120000000152e+02 2.569750060000000076e+02
2.659360050000000228e+02 2.582130129999999895e+02
3.625780030000000238e+02 2.745920100000000161e+02
2.729330140000000142e+02 2.786789860000000090e+02
3.378229979999999841e+02 3.239389949999999772e+02
4.013919980000000010e+02 2.682709960000000251e+02
3.902669980000000010e+02 2.882070009999999911e+02
3.739159849999999778e+02 2.607900089999999977e+02
3.225679930000000013e+02 2.035529940000000124e+02
3.767409969999999930e+02 2.223450009999999963e+02
3.311010130000000231e+02 3.080280149999999821e+02
3.320379940000000261e+02 3.295669859999999858e+02
3.682919919999999934e+02 2.665480039999999917e+02
3.559989929999999845e+02 2.841059880000000248e+02
3.451220089999999914e+02 2.819280089999999745e+02
2.581090090000000146e+02 2.701379999999999768e+02
3.090539860000000090e+02 2.715960079999999834e+02
3.599079899999999839e+02 2.612210079999999834e+02
3.556270139999999742e+02 2.905669859999999858e+02
3.584370119999999815e+02 2.655840150000000222e+02
2.925129999999999768e+02 2.763859860000000026e+02
3.092659909999999854e+02 2.555449979999999925e+02
3.219419859999999858e+02 2.722359920000000102e+02
3.513689880000000016e+02 2.589079899999999839e+02
3.357770080000000235e+02 3.266210019999999759e+02
3.507479860000000258e+02 3.238210139999999910e+02
3.172560119999999984e+02 3.094649959999999851e+02
3.041159969999999930e+02 2.571780089999999745e+02
3.269630129999999895e+02 3.269039920000000166e+02
3.703370059999999739e+02 1.903979950000000088e+02
3.415299989999999752e+02 3.212950129999999831e+02
3.863599849999999947e+02 2.402440029999999922e+02
2.686799930000000245e+02 2.607229919999999765e+02
2.471280059999999992e+02 2.636120000000000232e+02
3.197959900000000175e+02 2.741579899999999839e+02
3.510769960000000083e+02 3.153410030000000006e+02
3.427709960000000251e+02 2.826109920000000102e+02
2.777210079999999834e+02 2.559499969999999962e+02
2.957810059999999908e+02 2.638559880000000248e+02
3.529270020000000159e+02 2.623869930000000181e+02
3.192940060000000244e+02 3.295450129999999831e+02
2.960710139999999910e+02 2.717319949999999835e+02
3.320759889999999928e+02 2.759809880000000248e+02
3.426229860000000258e+02 3.257990110000000072e+02
2.999519960000000083e+02 2.730150150000000053e+02
2.867879940000000261e+02 2.789200129999999831e+02
3.855039980000000241e+02 2.631860050000000228e+02
3.641180110000000241e+02 2.751870119999999815e+02
3.946640009999999847e+02 2.312989959999999883e+02
3.691369930000000181e+02 2.874110109999999736e+02
3.851010130000000231e+02 2.886369930000000181e+02
3.411789860000000090e+02 2.707049870000000169e+02
3.139769900000000007e+02 2.728139949999999772e+02
3.103510130000000231e+02 2.651400150000000053e+02
3.837309880000000248e+02 2.812229919999999765e+02
2.789989929999999845e+02 2.641449890000000096e+02
2.813900150000000053e+02 2.677690119999999752e+02
3.350119930000000181e+02 3.345780030000000238e+02
3.458120119999999815e+02 2.726419980000000010e+02
2.609790039999999749e+02 2.703519900000000007e+02
2.719119870000000105e+02 3.213309939999999756e+02
3.763980099999999993e+02 2.515740049999999997e+02
3.214769900000000007e+02 3.339089969999999994e+02
2.999859920000000102e+02 2.589259950000000003e+02
3.773410030000000006e+02 2.592340090000000146e+02
2.784339899999999943e+02 2.629410100000000057e+02
2.677900089999999977e+02 2.585459900000000175e+02
2.975369870000000105e+02 2.475399930000000097e+02
2.712780149999999821e+02 3.321199950000000172e+02
3.117950129999999831e+02 3.336430050000000165e+02
3.037699890000000096e+02 3.233789980000000241e+02
3.473779910000000086e+02 2.726719969999999762e+02
2.621669919999999934e+02 2.828909909999999854e+02
3.090530089999999745e+02 2.741879880000000185e+02
3.513380129999999895e+02 3.097189940000000092e+02
3.385249939999999924e+02 3.289570009999999911e+02
3.604700010000000248e+02 2.611470029999999838e+02
2.590620119999999815e+02 2.598469850000000179e+02
2.779429930000000013e+02 3.067380069999999819e+02
3.458900150000000053e+02 2.815899959999999851e+02
3.567349849999999947e+02 3.172279970000000162e+02
3.561010130000000231e+02 2.938609920000000102e+02
3.364920040000000085e+02 3.314500120000000152e+02
3.673699950000000172e+02 3.221929930000000013e+02
3.906400150000000053e+02 2.939580080000000066e+02
3.250069889999999759e+02 3.352969969999999762e+02
3.487290039999999749e+02 2.646910100000000057e+02
2.982890009999999847e+02 2.756690060000000244e+02
2.610050049999999828e+02 2.513650049999999965e+02
3.548150019999999927e+02 2.584039920000000166e+02
3.648229979999999841e+02 3.232430110000000241e+02
3.499519960000000083e+02 3.242629999999999768e+02
3.211679990000000089e+02 2.861459960000000251e+02
3.620440060000000244e+02 2.668439940000000092e+02
3.527810059999999908e+02 2.608229979999999841e+02
3.062590030000000070e+02 2.694530030000000238e+02
3.411659849999999778e+02 2.564899899999999775e+02
2.991319889999999759e+02 2.479880070000000103e+02
2.768240049999999997e+02 2.538979950000000088e+02
3.170239869999999769e+02 2.640750120000000152e+02
3.333290099999999825e+02 2.623959960000000251e+02
3.596319889999999759e+02 3.362290039999999749e+02
3.256329959999999915e+02 2.671369930000000181e+02
2.965429990000000089e+02 2.645190119999999752e+02
3.022019960000000083e+02 2.991419980000000010e+02
3.564179990000000089e+02 2.852250060000000076e+02
3.210029910000000086e+02 2.240240019999999959e+02
3.363359990000000153e+02 2.528150019999999927e+02
2.546869959999999935e+02 2.563229979999999841e+02
3.307420040000000085e+02 3.128399959999999851e+02
3.503219910000000255e+02 2.708399959999999851e+02
2.782600100000000225e+02 2.200039979999999957e+02
3.645129999999999768e+02 3.304630129999999895e+02
3.825249939999999924e+02 2.664909969999999930e+02
2.916830140000000142e+02 2.490939940000000092e+02
3.720230099999999993e+02 2.292400049999999965e+02
3.769020080000000235e+02 2.492169949999999972e+02
2.799840090000000146e+02 2.664559939999999756e+02
3.538439940000000092e+02 3.138800049999999828e+02
3.068030089999999745e+02 2.615140079999999898e+02
2.536349950000000035e+02 2.597149959999999851e+02
3.667890009999999847e+02 2.570840150000000222e+02
3.582210079999999834e+02 2.569429930000000013e+02
2.868599849999999947e+02 2.457689970000000130e+02
3.590029910000000086e+02 2.784970089999999914e+02
3.451929930000000013e+02 3.269570009999999911e+02
3.541640009999999847e+02 2.617489929999999845e+02
3.335620119999999815e+02 2.612959900000000175e+02
2.713580019999999990e+02 2.691069949999999835e+02
3.038139949999999772e+02 2.542120060000000024e+02
3.661120000000000232e+02 2.822040099999999825e+02
2.893299870000000169e+02 2.691220089999999914e+02
4.008590090000000146e+02 2.582650150000000053e+02
3.284719850000000179e+02 3.205039980000000241e+02
3.251109920000000102e+02 3.160650019999999927e+02
3.080989989999999921e+02 2.821659849999999778e+02
3.846629940000000261e+02 2.950849910000000023e+02
3.792229919999999765e+02 2.729970089999999914e+02
2.681359860000000026e+02 2.762179869999999937e+02
2.720639949999999772e+02 3.218699950000000172e+02
3.888120119999999815e+02 2.378480069999999955e+02
2.757579959999999915e+02 2.771080019999999990e+02
2.743020020000000159e+02 2.454439999999999884e+02
3.515190119999999752e+02 2.925559999999999832e+02
3.780639949999999772e+02 2.642890009999999847e+02
2.854039920000000166e+02 2.537039949999999919e+02
2.554799959999999999e+02 2.860440060000000244e+02
3.381470029999999838e+02 3.350270080000000235e+02
3.831489869999999769e+02 1.990249939999999924e+02
3.037579959999999915e+02 2.062949979999999925e+02
2.827699890000000096e+02 2.487610019999999906e+02
3.472009889999999928e+02 2.606090090000000146e+02
2.974020080000000235e+02 2.462830050000000028e+02
3.218059999999999832e+02 3.116730039999999917e+02
3.436090090000000146e+02 3.354230039999999917e+02
3.213089899999999943e+02 2.135910030000000006e+02
3.587210079999999834e+02 2.599119870000000105e+02
3.298259889999999928e+02 2.562690119999999752e+02
2.710650019999999927e+02 2.871220089999999914e+02
3.396820069999999987e+02 2.968250120000000152e+02
3.038810119999999984e+02 2.847470089999999914e+02
3.470270080000000235e+02 2.694840090000000146e+02
4.071300049999999828e+02 2.416829989999999952e+02
2.947829899999999839e+02 2.777170100000000161e+02
3.375440060000000244e+02 2.557570039999999949e+02
3.873110050000000228e+02 2.717690119999999752e+02
3.530660100000000057e+02 3.285790099999999825e+02
3.260369870000000105e+02 2.577529910000000086e+02
3.479920040000000085e+02 2.904309999999999832e+02
3.557250060000000076e+02 3.297370000000000232e+02
3.336120000000000232e+02 2.912229919999999765e+02
2.941250000000000000e+02 2.692080080000000066e+02
3.756440119999999752e+02 2.487850039999999865e+02
3.616849980000000073e+02 3.347579959999999915e+02
2.655299989999999752e+02 2.299120029999999986e+02
2.570520020000000159e+02 2.612090150000000222e+02
3.092319949999999835e+02 2.603800049999999828e+02
3.225220029999999838e+02 2.554810029999999870e+02
3.492739869999999769e+02 3.292760010000000079e+02
3.211799930000000245e+02 3.156629940000000261e+02
2.974689940000000092e+02 2.622969969999999762e+02
3.228840030000000070e+02 2.789540099999999825e+02
3.054440000000000168e+02 3.246350100000000225e+02
2.562279970000000162e+02 2.674870000000000232e+02
3.360790099999999825e+02 2.681700129999999831e+02
3.198840030000000070e+02 3.135870059999999739e+02
2.889140009999999847e+02 2.622309880000000248e+02
2.864330140000000142e+02 2.575050049999999828e+02
3.751549989999999752e+02 2.946449890000000096e+02
3.634379880000000185e+02 2.607019960000000083e+02
3.635740049999999997e+02 2.062539979999999957e+02
3.683970029999999838e+02 2.620580140000000142e+02
2.672929990000000089e+02 2.649639890000000264e+02
3.757789920000000166e+02 2.615220029999999838e+02
3.770599980000000073e+02 1.999869999999999948e+02
2.874370119999999815e+02 2.446999969999999962e+02
2.875260010000000079e+02 2.716799930000000245e+02
2.972359920000000102e+02 2.506649930000000097e+02
4.013460079999999834e+02 2.783850100000000225e+02
3.653389890000000264e+02 3.205589899999999943e+02
3.184119870000000105e+02 2.827130129999999895e+02
3.660159909999999854e+02 3.290599980000000073e+02
3.578859860000000026e+02 2.810260010000000079e+02
2.921480099999999993e+02 3.026480099999999993e+02
3.694710079999999834e+02 2.600989989999999921e+02
2.617879940000000261e+02 2.535749969999999962e+02
3.194400019999999927e+02 2.879859920000000102e+02
3.284360050000000228e+02 3.168009950000000003e+02
3.416889949999999772e+02 3.051919859999999858e+02
3.429670100000000161e+02 3.147690119999999752e+02
3.577390139999999974e+02 3.210530089999999745e+02
3.734909969999999930e+02 2.907219850000000179e+02
2.659169919999999934e+02 2.523450009999999963e+02
3.458059999999999832e+02 2.836099849999999947e+02
3.055000000000000000e+02 2.545529940000000124e+02
3.668710019999999759e+02 2.817820130000000063e+02
2.948909909999999854e+02 2.706679990000000089e+02
3.480840150000000222e+02 2.562980039999999917e+02
3.577300109999999904e+02 2.785050049999999828e+02
2.473950040000000001e+02 2.544660030000000006e+02
3.323909909999999854e+02 2.899719850000000179e+02
3.263739929999999845e+02 2.763450010000000248e+02
3.561189880000000016e+02 2.784679869999999937e+02
2.975979919999999765e+02 2.575830080000000066e+02
3.967909849999999778e+02 2.849530030000000238e+02
2.538670040000000085e+02 2.400229950000000088e+02
3.487229919999999765e+02 2.687200010000000248e+02
3.278059999999999832e+02 3.205230099999999993e+02
3.078410030000000006e+02 2.734259950000000003e+02
3.676430050000000165e+02 2.632139890000000264e+02
3.781789860000000090e+02 2.895079959999999915e+02
3.637619930000000181e+02 2.651809999999999832e+02
3.478299870000000169e+02 2.619140009999999847e+02
3.436940000000000168e+02 2.731610109999999736e+02
3.024150089999999977e+02 2.771239929999999845e+02
3.144739989999999921e+02 2.678890079999999898e+02
3.218510130000000231e+02 2.526320039999999949e+02
3.778840030000000070e+02 2.526139980000000094e+02
3.126919859999999858e+02 2.539799959999999999e+02
2.602950129999999831e+02 2.657309880000000248e+02
3.630350040000000149e+02 2.654070130000000063e+02
2.501620029999999986e+02 2.654809880000000248e+02
3.006849980000000073e+02 2.647609860000000026e+02
3.008200069999999755e+02 2.749280089999999745e+02
3.345859990000000153e+02 3.295669859999999858e+02
3.528039860000000090e+02 2.914819949999999835e+02
3.328420100000000161e+02 2.730490110000000072e+02
3.564429930000000013e+02 3.121849980000000073e+02
2.478269960000000083e+02 2.548079989999999952e+02
3.452780149999999821e+02 2.780780030000000238e+02
3.422569889999999759e+02 3.050889890000000264e+02
2.769330140000000142e+02 2.624710079999999834e+02
2.953009950000000003e+02 2.599979860000000258e+02
3.054960019999999759e+02 3.258169859999999858e+02
3.297929990000000089e+02 2.576789860000000090e+02
3.225209960000000251e+02 3.001080019999999990e+02
3.087009889999999928e+02 2.207090000000000032e+02
3.852219850000000179e+02 1.933659969999999930e+02
3.238160100000000057e+02 3.295069889999999759e+02
3.306929930000000013e+02 3.368720089999999914e+02
2.602919919999999934e+02 2.447989959999999883e+02
3.642600100000000225e+02 2.736839899999999943e+02
3.880799870000000169e+02 2.920759889999999928e+02
3.745159909999999854e+02 3.015809939999999756e+02
3.356359860000000026e+02 2.684330140000000142e+02
3.517760010000000079e+02 2.578670040000000085e+02
3.818949890000000096e+02 3.015740049999999997e+02
2.556499939999999924e+02 2.594219969999999762e+02
3.077550049999999828e+02 2.543659969999999930e+02
2.633179930000000013e+02 2.726830140000000142e+02
2.671099849999999947e+02 2.457500000000000000e+02
2.935249939999999924e+02 2.488419949999999972e+02
3.541329959999999915e+02 2.696530149999999821e+02
2.476569979999999873e+02 2.596770020000000159e+02
2.592659909999999854e+02 2.504530029999999954e+02
2.710759889999999928e+02 2.865979919999999765e+02
2.507369999999999948e+02 2.489850010000000111e+02
3.767850040000000149e+02 2.745339969999999994e+02
3.997109990000000153e+02 2.771120000000000232e+02
2.648980099999999993e+02 2.687449950000000172e+02
3.756379999999999768e+02 2.657690119999999752e+02
3.767250060000000076e+02 2.506580050000000028e+02
3.482080080000000066e+02 2.812810059999999908e+02
3.405440060000000244e+02 2.596960139999999910e+02
3.352730099999999993e+02 2.568599849999999947e+02
3.982460019999999759e+02 2.685549930000000245e+02
2.858110050000000228e+02 2.503939970000000130e+02
2.547539979999999957e+02 2.826759950000000003e+02
3.643020020000000159e+02 2.700239869999999769e+02
3.754110109999999736e+02 2.899830019999999990e+02
3.659620059999999739e+02 2.678340150000000222e+02
3.805180050000000165e+02 2.700679930000000013e+02
2.716950069999999755e+02 2.464199979999999925e+02
3.456359860000000026e+02 2.717829899999999839e+02
2.802590030000000070e+02 2.603819889999999759e+02
3.504400019999999927e+02 2.728070069999999987e+02
3.462659909999999854e+02 2.683859860000000026e+02
2.700539860000000090e+02 2.678659969999999930e+02
3.159280089999999745e+02 2.567690119999999752e+02
3.675150150000000053e+02 2.587009889999999928e+02
3.562460019999999759e+02 3.201090090000000146e+02
4.154530030000000238e+02 2.465249939999999924e+02
3.638059999999999832e+02 2.781350100000000225e+02
3.024739989999999921e+02 2.779809880000000248e+02
3.942260130000000231e+02 1.973110049999999944e+02
3.521459960000000251e+02 3.288620000000000232e+02
3.217609860000000026e+02 2.669339899999999943e+02
3.031789860000000090e+02 2.692170100000000161e+02
2.599150089999999977e+02 2.804010010000000079e+02
2.783869930000000181e+02 2.746849980000000073e+02
3.938699950000000172e+02 2.753590090000000146e+02
3.955979919999999765e+02 2.685539860000000090e+02
3.791700129999999831e+02 2.646229860000000258e+02
3.214519960000000083e+02 2.915169980000000010e+02
2.820849910000000023e+02 2.779819949999999835e+02
3.227600100000000225e+02 3.070440060000000244e+02
3.278110050000000228e+02 2.662189940000000092e+02
2.584739989999999921e+02 2.486250000000000000e+02
3.649970089999999914e+02 2.702799989999999752e+02
3.469150089999999977e+02 2.725710139999999910e+02
3.261589969999999994e+02 3.341449890000000096e+02
3.421300049999999828e+02 3.071690060000000244e+02
3.561489869999999769e+02 3.336419980000000010e+02
3.868500060000000076e+02 2.682080080000000066e+02
3.680010070000000155e+02 2.402420040000000085e+02
3.339219969999999762e+02 3.346830140000000142e+02
3.920260010000000079e+02 2.740409849999999778e+02
3.847730099999999993e+02 2.900629880000000185e+02
3.478439940000000092e+02 3.106149899999999775e+02
3.301820069999999987e+02 3.319400019999999927e+02
3.516279910000000086e+02 3.137170100000000161e+02
3.616000060000000076e+02 2.705589899999999943e+02
3.518869930000000181e+02 3.116029970000000162e+02
3.147009889999999928e+02 3.314660030000000006e+02
3.929140009999999847e+02 2.820499879999999848e+02
2.679800109999999904e+02 2.779110109999999736e+02
3.576759950000000003e+02 3.143110050000000228e+02
3.160899959999999851e+02 2.722950129999999831e+02
3.310549930000000245e+02 2.867239989999999921e+02
3.776390079999999898e+02 2.191699979999999925e+02
4.007900089999999977e+02 2.755530089999999745e+02
3.870620119999999815e+02 2.782080080000000066e+02
2.592699890000000096e+02 2.733999939999999924e+02
2.850629880000000185e+02 2.650559999999999832e+02
3.477330019999999990e+02 2.821629940000000261e+02
3.459870000000000232e+02 2.855920100000000161e+02
3.133500060000000076e+02 3.183269960000000083e+02
3.214960019999999759e+02 2.275560000000000116e+02
3.884530030000000238e+02 2.898150019999999927e+02
2.932330019999999990e+02 2.735589899999999943e+02
3.274819949999999835e+02 2.659460139999999910e+02
3.358550109999999904e+02 2.587969969999999762e+02
2.481970059999999876e+02 2.506710050000000081e+02
3.255409849999999778e+02 2.504980009999999879e+02
3.866830140000000142e+02 2.776830140000000142e+02
3.540690000000000168e+02 2.789270020000000159e+02
3.235920100000000161e+02 2.717760010000000079e+02
3.454760130000000231e+02 3.261520080000000235e+02
3.722319949999999835e+02 2.749440000000000168e+02
3.822560119999999984e+02 2.933059999999999832e+02
3.962820130000000063e+02 2.772829899999999839e+02
3.814580080000000066e+02 2.769890139999999974e+02
4.020029910000000086e+02 2.192640079999999898e+02
3.061080019999999990e+02 2.610109860000000026e+02
2.979989929999999845e+02 2.745270080000000235e+02
3.192370000000000232e+02 2.357039949999999919e+02
3.297059939999999756e+02 2.847130129999999895e+02
3.000809939999999756e+02 2.793120119999999815e+02
3.514679869999999937e+02 2.672829899999999839e+02
3.195119930000000181e+02 2.806780089999999745e+02
2.946379999999999768e+02 2.786849980000000073e+02
2.766929930000000013e+02 2.613240049999999997e+02
3.195020139999999742e+02 2.690620119999999815e+02
3.040100100000000225e+02 3.275020139999999742e+02
3.539119870000000105e+02 2.754169919999999934e+02
3.125180050000000165e+02 3.198930050000000165e+02
3.680750120000000152e+02 2.827049870000000169e+02
3.915320130000000063e+02 2.769179990000000089e+02
2.726459960000000251e+02 2.466190029999999922e+02
3.335390009999999847e+02 3.118900150000000053e+02
2.577120059999999739e+02 2.751929930000000013e+02
3.224849849999999947e+02 3.341289980000000241e+02
4.014519960000000083e+02 2.747380069999999819e+02
3.712070009999999911e+02 2.880329899999999839e+02
3.777600100000000225e+02 2.119199979999999925e+02
2.733080140000000142e+02 2.471719970000000046e+02
3.611470029999999838e+02 3.151149899999999775e+02
3.407869870000000105e+02 3.360759889999999928e+02
3.040480039999999917e+02 2.621359860000000026e+02
3.853200069999999755e+02 2.726000060000000076e+02
3.291099849999999947e+02 2.667590030000000070e+02
3.210159909999999854e+02 2.735360109999999736e+02
2.616489869999999769e+02 2.660260010000000079e+02
2.873689880000000016e+02 2.645010070000000155e+02
3.292980039999999917e+02 3.070329899999999839e+02
3.728340150000000222e+02 2.738420100000000161e+02
2.818389890000000264e+02 2.807810059999999908e+02
2.839330140000000142e+02 2.589909969999999930e+02
3.641229860000000258e+02 2.796619870000000105e+02
3.523460079999999834e+02 2.853919980000000010e+02
3.781669919999999934e+02 2.643150019999999927e+02
3.778229979999999841e+02 2.112619929999999897e+02
3.409519960000000083e+02 2.734259950000000003e+02
3.576379999999999768e+02 2.778139949999999772e+02
2.685509950000000003e+02 2.695969850000000179e+02
2.712439880000000016e+02 2.450590060000000108e+02
3.556040039999999749e+02 2.702090150000000222e+02
3.816650089999999977e+02 2.727319949999999835e+02
3.710929869999999937e+02 2.677049870000000169e+02
3.922739869999999769e+02 2.139490049999999997e+02
3.482120059999999739e+02 2.809450069999999755e+02
3.948269960000000083e+02 2.738640139999999974e+02
3.921099849999999947e+02 2.709729919999999765e+02
2.695690000000000168e+02 2.642290039999999749e+02
2.643280030000000238e+02 2.251289979999999957e+02
3.623349910000000023e+02 2.655820009999999911e+02
2.518959959999999967e+02 2.652130129999999895e+02
3.581669919999999934e+02 3.329370119999999815e+02
3.348649899999999775e+02 2.502200009999999963e+02
3.571300049999999828e+02 2.894450069999999755e+02
2.718269960000000083e+02 2.925150150000000053e+02
3.102829899999999839e+02 2.859389949999999772e+02
2.827449950000000172e+02 2.466280059999999992e+02
3.949540099999999825e+02 2.859030149999999821e+02
2.997149959999999851e+02 2.654440000000000168e+02
3.540150150000000053e+02 2.929030149999999821e+02
3.386239929999999845e+02 3.061059880000000248e+02
3.346499939999999924e+02 3.148789980000000241e+02
3.249450069999999755e+02 2.635339969999999994e+02
3.678529970000000162e+02 3.243810119999999984e+02
3.407269900000000007e+02 2.591470029999999838e+02
2.667560119999999984e+02 2.653859860000000026e+02
3.939530030000000238e+02 2.787869870000000105e+02
3.760889890000000264e+02 2.210249939999999924e+02
3.908729860000000258e+02 2.715509950000000003e+02
3.747229919999999765e+02 2.644270020000000159e+02
3.449840090000000146e+02 2.750840150000000222e+02
2.605790099999999825e+02 2.320639950000000056e+02
3.093879999999999768e+02 2.543249969999999962e+02
2.843280030000000238e+02 2.908689880000000016e+02
2.842239989999999921e+02 2.709700010000000248e+02
3.690109860000000026e+02 2.937059939999999756e+02
3.906480099999999993e+02 2.826419980000000010e+02
3.271870119999999815e+02 3.050989989999999921e+02
3.650409849999999778e+02 2.729179990000000089e+02
2.580539860000000090e+02 2.504799959999999999e+02
2.976820069999999987e+02 2.770790099999999825e+02
2.738620000000000232e+02 2.813049930000000245e+02
2.888429869999999937e+02 2.477680049999999881e+02
2.686499939999999924e+02 2.589270020000000159e+02
3.199979860000000258e+02 2.788810119999999984e+02
3.224469910000000255e+02 2.448300020000000075e+02
3.549549870000000169e+02 1.914069979999999873e+02
2.683259889999999928e+02 2.798559880000000248e+02
3.899649959999999851e+02 2.738309939999999756e+02
3.699719850000000179e+02 2.632489929999999845e+02
2.597189940000000092e+02 2.789119870000000105e+02
3.252810059999999908e+02 2.010870060000000024e+02
3.743340150000000222e+02 2.757579959999999915e+02
3.503519900000000007e+02 2.678410030000000006e+02
2.969700010000000248e+02 2.460260010000000079e+02
3.641629940000000261e+02 2.919060059999999908e+02
3.573729860000000258e+02 3.294159849999999778e+02
3.314289860000000090e+02 2.877780149999999821e+02
2.517160030000000006e+02 2.740129999999999768e+02
3.377179869999999937e+02 3.056919859999999858e+02
3.533320009999999911e+02 3.364639890000000264e+02
2.512469940000000008e+02 2.730799870000000169e+02
3.581369930000000181e+02 2.502680049999999881e+02
3.229590150000000222e+02 2.665820009999999911e+02
3.970220029999999838e+02 2.664830019999999990e+02
2.674500120000000152e+02 2.613150019999999927e+02
2.644370119999999815e+02 2.439770049999999912e+02
3.903110050000000228e+02 2.666279910000000086e+02
3.399100040000000149e+02 3.365690000000000168e+02
2.946730039999999917e+02 2.120720059999999876e+02
2.552649989999999889e+02 2.582699890000000096e+02
2.585230099999999993e+02 2.687929990000000089e+02
2.729540099999999825e+02 2.217400049999999965e+02
2.709500120000000152e+02 2.532689970000000130e+02
2.719870000000000232e+02 2.436609950000000140e+02
2.695050049999999828e+02 2.515449979999999925e+02
3.097099910000000023e+02 2.761029970000000162e+02
3.863909909999999854e+02 2.668779910000000086e+02
3.149360050000000228e+02 3.249150089999999977e+02
2.982929990000000089e+02 2.631770020000000159e+02
3.481040039999999749e+02 2.686929930000000013e+02
3.429939880000000016e+02 3.106700129999999831e+02
3.156650089999999977e+02 3.231919859999999858e+02
2.763280030000000238e+02 2.740100100000000225e+02
3.286820069999999987e+02 2.720799870000000169e+02
3.545799870000000169e+02 2.841260070000000155e+02
3.894660030000000006e+02 2.949400019999999927e+02
3.853640139999999974e+02 2.676589969999999994e+02
3.506950069999999755e+02 2.693859860000000026e+02
3.026709900000000175e+02 3.324150089999999977e+02
3.422609860000000026e+02 3.337489929999999845e+02
2.867909849999999778e+02 2.526170040000000085e+02
2.888070069999999987e+02 2.450809940000000040e+02
