3.910499999999999687e+01 3.812659909999999854e+02
8.683999599999999930e+01 3.078980099999999993e+02
6.361399800000000226e+01 4.068659969999999930e+02
4.727600100000000083e+01 3.380639949999999772e+02
2.112800000000000011e+01 3.115979919999999765e+02
4.344200099999999765e+01 3.457009889999999928e+02
7.561499799999999993e+01 4.615790099999999825e+02
3.591199900000000156e+01 3.703500060000000076e+02
2.985600099999999912e+01 3.501910100000000057e+02
7.931099700000000041e+01 2.848829959999999915e+02
7.490499900000000366e+01 4.102690119999999752e+02
4.058400000000000318e+01 2.454170070000000123e+02
6.805500000000000682e+01 3.937179869999999937e+02
8.838200399999999490e+01 3.913890079999999898e+02
6.746600300000000061e+01 2.768439940000000092e+02
3.015200000000000102e+01 3.022629999999999768e+02
3.611099999999999710e+01 2.993469850000000179e+02
6.595799999999999841e+01 2.866369930000000181e+02
6.383400000000000318e+01 4.073710019999999759e+02
7.798000000000000043e+00 3.353179930000000013e+02
7.063500200000000007e+01 4.093320009999999911e+02
5.262200200000000194e+01 2.890369870000000105e+02
3.379600099999999685e+01 2.547420040000000085e+02
6.935399599999999509e+01 2.760350040000000149e+02
2.745299899999999838e+01 3.031589969999999994e+02
1.622299999999999898e+01 2.519709929999999929e+02
4.093800000000000239e+01 3.935129999999999768e+02
6.305899800000000255e+01 2.889949950000000172e+02
2.980400099999999952e+01 3.071350100000000225e+02
4.413999900000000309e+01 3.807359920000000102e+02
5.157099900000000048e+01 3.869609990000000153e+02
6.974600200000000427e+01 3.027959900000000175e+02
4.681300000000000239e+01 3.523850100000000225e+02
1.510999999999999943e+01 3.644179990000000089e+02
6.102700000000000102e+01 3.221629940000000261e+02
8.790799699999999461e+01 3.819779970000000162e+02
1.895799999999999841e+01 3.714219969999999762e+02
4.858599900000000105e+01 3.040100100000000225e+02
3.797800099999999901e+01 3.773879999999999768e+02
3.221699900000000127e+01 3.837999879999999848e+02
9.466200299999999856e+01 3.937109990000000153e+02
7.183499899999999627e+01 4.684259950000000003e+02
3.221600000000000108e+01 3.036950069999999755e+02
3.512699899999999786e+01 3.200639949999999772e+02
3.241400099999999895e+01 3.713429869999999937e+02
6.159199900000000127e+01 4.023510130000000231e+02
4.688299899999999809e+01 3.679039920000000166e+02
7.586399799999999516e+01 3.701520080000000235e+02
5.837500000000000000e+01 4.019079899999999839e+02
3.233299999999999841e+01 2.747309880000000248e+02
7.302200299999999800e+01 2.645920100000000161e+02
6.676999700000000360e+01 3.662890009999999847e+02
6.455799899999999525e+01 3.771019900000000007e+02
7.042299699999999518e+01 3.758930050000000165e+02
2.308699999999999974e+01 3.317470089999999914e+02
4.385499999999999687e+01 3.021499939999999924e+02
3.110199899999999928e+01 2.536950070000000039e+02
1.930199999999999960e+01 3.369200129999999831e+02
6.383599900000000105e+01 3.958359990000000153e+02
1.714199999999999946e+01 3.704890139999999974e+02
4.549599800000000016e+01 2.501990049999999997e+02
8.933100100000000054e+01 3.867739869999999769e+02
2.421499999999999986e+01 3.696809999999999832e+02
5.455099899999999735e+01 4.019920040000000085e+02
1.964100099999999927e+01 3.342799989999999752e+02
6.490300000000000580e+01 3.055020139999999742e+02
2.986700099999999836e+01 3.103959960000000251e+02
2.789600000000000080e+01 3.253510130000000231e+02
3.235100200000000115e+01 4.016409909999999854e+02
7.436299900000000207e+01 3.163399959999999851e+02
6.575399799999999573e+01 3.866539920000000166e+02
9.444300099999999532e+01 2.906969910000000255e+02
3.295000100000000032e+01 3.984809880000000248e+02
6.331100099999999742e+01 3.206220089999999914e+02
3.384700000000000131e+01 3.870769960000000083e+02
2.117200100000000162e+01 3.118299870000000169e+02
1.659000000000000030e+00 2.949259950000000003e+02
4.562599900000000019e+01 3.422680050000000165e+02
2.215099899999999877e+01 3.589779970000000162e+02
5.043199899999999758e+01 2.993909909999999854e+02
8.740399899999999889e+01 3.787130129999999895e+02
5.506300000000000239e+01 3.650929869999999937e+02
5.809100000000000108e+01 2.985589899999999943e+02
8.878099799999999675e+01 3.651549989999999752e+02
7.141799899999999468e+01 3.821149899999999775e+02
5.256100099999999742e+01 4.002250060000000076e+02
6.390700100000000106e+01 3.716589969999999994e+02
2.616000000000000014e+01 3.940140079999999898e+02
1.327800000000000047e+01 3.306140139999999974e+02
5.190000200000000063e+01 2.862179869999999937e+02
5.840499899999999656e+01 3.323710019999999759e+02
5.047999999999999687e+01 3.191740110000000072e+02
3.915299999999999869e+01 3.930530089999999745e+02
6.490799699999999461e+01 3.836019900000000007e+02
2.704899999999999949e+01 3.783580019999999990e+02
7.104399899999999946e+01 3.023609920000000102e+02
5.994599900000000048e+01 3.824739989999999921e+02
5.410100200000000115e+01 4.293290099999999825e+02
1.812000099999999847e+01 3.396860050000000228e+02
8.773899799999999516e+01 4.018299870000000169e+02
2.661100000000000065e+01 3.593290099999999825e+02
4.045999900000000338e+01 3.646619870000000105e+02
3.715299999999999869e+01 3.300010070000000155e+02
3.375799899999999809e+01 4.606640009999999847e+02
8.936100000000000421e+01 3.030989989999999921e+02
9.175499700000000303e+01 3.929400019999999927e+02
7.354299899999999468e+01 3.026570130000000063e+02
3.012999900000000153e+01 3.359249879999999848e+02
2.560500000000000043e+01 3.253909909999999854e+02
5.193999900000000025e+01 4.266239929999999845e+02
4.997299999999999898e+01 4.332990110000000072e+02
5.436600099999999713e+01 3.116010130000000231e+02
5.275199899999999786e+01 3.265169980000000010e+02
2.644199899999999914e+01 3.753089899999999943e+02
7.960199699999999723e+01 3.923229979999999841e+02
5.718099999999999739e+01 2.880859990000000153e+02
9.535099800000000414e+01 3.023909909999999854e+02
9.157199900000000525e+01 3.640989989999999921e+02
7.572100100000000111e+01 3.928200069999999755e+02
7.230100299999999436e+01 3.101440119999999752e+02
3.572700100000000134e+01 2.953259889999999928e+02
7.420799999999999841e+01 2.745629880000000185e+02
1.003649979999999999e+02 3.185050049999999828e+02
4.782600000000000051e+01 3.277829899999999839e+02
4.008200099999999821e+01 3.084899899999999775e+02
6.258900100000000322e+01 3.700310059999999908e+02
8.820799999999999841e+01 3.952470089999999914e+02
5.513499800000000306e+01 3.823460079999999834e+02
4.765000200000000063e+01 3.773770139999999742e+02
2.795599899999999849e+01 3.360459900000000175e+02
5.425600099999999770e+01 3.019920040000000085e+02
3.748199799999999726e+01 3.219580080000000066e+02
5.686600099999999713e+01 2.904809880000000248e+02
3.607699999999999818e+01 3.593020020000000159e+02
9.259899900000000628e+01 4.206690060000000244e+02
1.036019969999999972e+02 3.890910030000000006e+02
4.970500200000000035e+01 3.825119930000000181e+02
7.998999799999999993e+01 3.999419859999999858e+02
9.714099899999999366e+01 3.040580140000000142e+02
5.956000099999999975e+01 3.944979860000000258e+02
2.851800000000000068e+01 3.238859860000000026e+02
2.288699899999999943e+01 3.151799930000000245e+02
6.092499899999999968e+01 3.781149899999999775e+02
4.170799999999999841e+01 3.470809939999999756e+02
2.417200100000000162e+01 3.438410030000000006e+02
9.228600299999999379e+01 2.953580019999999990e+02
3.181599999999999895e+01 2.694909969999999930e+02
4.995799999999999841e+01 3.076090090000000146e+02
7.941000400000000070e+01 3.123850100000000225e+02
4.897899999999999920e+01 3.231489869999999769e+02
9.233000199999999325e+01 3.951570130000000063e+02
2.139800100000000072e+01 3.109230039999999917e+02
2.436899899999999874e+01 3.470339969999999994e+02
6.529399899999999946e+01 3.762770080000000235e+02
3.671099900000000105e+01 3.682309880000000248e+02
6.760299700000000200e+01 3.926979979999999841e+02
8.497100100000000111e+01 2.937950129999999831e+02
4.366799900000000179e+01 2.913989869999999769e+02
8.589399699999999882e+01 3.942460019999999759e+02
1.601099999999999923e+01 3.500450129999999831e+02
9.432199900000000525e+01 3.834769900000000007e+02
6.167300000000000182e+01 2.885979919999999765e+02
4.370199999999999818e+01 3.256340030000000070e+02
4.584400200000000325e+01 3.718710019999999759e+02
9.280599999999999739e+01 3.836159969999999930e+02
3.494800200000000245e+01 3.251000060000000076e+02
7.634400200000000325e+01 2.815109860000000026e+02
4.920700099999999821e+01 3.822139890000000264e+02
6.547399900000000628e+01 3.978640139999999974e+02
7.369999699999999621e+01 4.088750000000000000e+02
4.109899899999999917e+01 3.393420100000000161e+02
6.615000000000000213e+00 3.553030089999999745e+02
6.903600299999999379e+01 2.797539980000000241e+02
3.475400199999999984e+01 3.667810059999999908e+02
1.035640029999999996e+02 3.502600100000000225e+02
5.138100099999999770e+01 3.093389890000000264e+02
6.379499799999999965e+01 3.634790039999999749e+02
4.588600199999999774e+01 3.744440000000000168e+02
9.413600200000000484e+01 3.833129880000000185e+02
4.724700200000000194e+01 3.346090090000000146e+02
3.495500200000000035e+01 2.451280059999999992e+02
9.616300200000000586e+01 3.325060119999999984e+02
5.651900100000000293e+01 3.702690119999999752e+02
1.854700100000000162e+01 3.557489929999999845e+02
6.061299900000000207e+01 3.927940060000000244e+02
5.497299999999999898e+01 3.086180110000000241e+02
4.230199799999999755e+01 3.032260130000000231e+02
5.524300000000000210e+01 3.275880129999999895e+02
7.548799900000000207e+01 2.899970089999999914e+02
5.716099899999999678e+01 3.069670100000000161e+02
4.027299899999999866e+01 3.613770139999999742e+02
7.022100100000000111e+01 3.802659909999999854e+02
8.468699599999999350e+01 3.016170040000000085e+02
3.488600199999999774e+01 3.418160100000000057e+02
1.832099900000000048e+01 3.454899899999999775e+02
5.192999999999999972e+01 2.794790039999999749e+02
2.852100000000000080e+01 3.015060119999999984e+02
3.424700200000000194e+01 3.865899959999999851e+02
2.198100099999999912e+01 3.101809999999999832e+02
1.085100000000000087e+01 3.354280089999999745e+02
4.596300099999999844e+01 3.107030030000000238e+02
6.448799900000000207e+01 2.467790070000000071e+02
5.037200200000000194e+01 3.082019960000000083e+02
2.955699900000000113e+01 4.573489989999999921e+02
9.990000000000000213e+00 4.009079899999999839e+02
3.134100000000000108e+01 4.155780030000000238e+02
1.840099899999999877e+01 3.165060119999999984e+02
1.897200000000000131e+01 3.583900150000000053e+02
8.569799799999999834e+01 3.801220089999999914e+02
3.572499799999999937e+01 3.552820130000000063e+02
7.461399799999999516e+01 3.866589969999999994e+02
6.690899699999999939e+01 3.815339969999999994e+02
3.084499900000000139e+01 3.627399899999999775e+02
5.786000099999999691e+01 2.931579899999999839e+02
9.522000000000000242e+00 3.417539980000000241e+02
5.011299900000000207e+01 3.136440119999999752e+02
9.079099999999999682e+01 4.085299989999999752e+02
6.924400300000000641e+01 2.890310059999999908e+02
8.110700199999999427e+01 2.933469850000000179e+02
3.624900099999999981e+01 3.763099980000000073e+02
2.759400000000000119e+01 3.601950069999999755e+02
6.419000200000000689e+01 2.836570130000000063e+02
6.184899899999999917e+01 4.054939880000000016e+02
7.862100200000000427e+01 2.888020020000000159e+02
7.217400399999999649e+01 2.934970089999999914e+02
9.283200100000000532e+01 3.883580019999999990e+02
7.598100300000000118e+01 3.738919980000000010e+02
9.002200299999999800e+01 3.863850100000000225e+02
3.189999999999999858e+01 2.603169859999999858e+02
6.634999799999999937e+01 4.093439940000000092e+02
2.592000000000000171e+01 3.431929930000000013e+02
5.828499999999999659e+01 4.008380129999999895e+02
5.903099799999999675e+01 3.031220089999999914e+02
3.082099900000000048e+01 3.117260130000000231e+02
7.078099799999999675e+01 4.020039980000000241e+02
1.315600000000000058e+01 3.440620119999999815e+02
5.515299999999999869e+01 3.815929869999999937e+02
4.933100100000000054e+01 3.605350040000000149e+02
6.615200000000000102e+01 2.668049930000000245e+02
7.014099899999999366e+01 3.124440000000000168e+02
2.183499899999999982e+01 3.964700010000000248e+02
6.311600099999999713e+01 3.698370059999999739e+02
3.280099899999999735e+01 4.052560119999999984e+02
8.761199999999999477e+01 4.059670100000000161e+02
8.022799700000000200e+01 4.153269960000000083e+02
8.727200299999999800e+01 3.844070130000000063e+02
8.203700299999999856e+01 3.815759889999999928e+02
8.495799999999999841e+01 3.929930110000000241e+02
1.058300000000000018e+01 3.456000060000000076e+02
1.711599899999999863e+01 3.637189940000000092e+02
2.567900099999999952e+01 3.340069889999999759e+02
5.866299800000000175e+01 4.231650089999999977e+02
4.093099999999999739e+01 3.542619930000000181e+02
3.547100100000000111e+01 3.113659969999999930e+02
7.189700299999999800e+01 3.841419980000000010e+02
7.963200399999999490e+01 3.944089969999999994e+02
4.020199999999999818e+01 3.240150150000000053e+02
7.354299899999999468e+01 2.920559999999999832e+02
6.480200200000000166e+01 3.119440000000000168e+02
5.404000099999999662e+01 3.098190000000000168e+02
2.561000100000000046e+01 3.195780030000000238e+02
6.208299999999999841e+01 3.198320009999999911e+02
9.403199800000000153e+01 3.936350100000000225e+02
3.374000199999999694e+01 3.218959960000000251e+02
8.175299800000000516e+01 3.005989989999999921e+02
6.312099800000000016e+01 3.047179869999999937e+02
6.758899700000000621e+01 3.695469969999999762e+02
3.035899900000000073e+01 3.812139890000000264e+02
7.682900200000000268e+01 3.944089969999999994e+02
4.099599800000000016e+01 3.933110050000000228e+02
5.388299899999999809e+01 3.642739869999999769e+02
1.917900099999999952e+01 3.477000120000000152e+02
5.373400099999999924e+01 3.715450129999999831e+02
4.881399900000000258e+01 3.949970089999999914e+02
6.630599999999999739e+01 3.007999879999999848e+02
6.247399899999999917e+01 2.819729919999999765e+02
7.767099799999999732e+01 3.872619930000000181e+02
3.800299799999999806e+01 3.169530030000000238e+02
6.233499900000000338e+01 3.088190000000000168e+02
6.986900300000000641e+01 2.866749879999999848e+02
6.770200300000000482e+01 3.154200129999999831e+02
8.209600100000000111e+01 4.151329959999999915e+02
7.077100400000000491e+01 3.051589969999999994e+02
5.881100099999999742e+01 3.911749879999999848e+02
9.016700000000000159e+01 4.102059939999999756e+02
6.083599900000000105e+01 3.887860109999999736e+02
4.734799999999999898e+01 3.222399899999999775e+02
3.544699899999999815e+01 3.308120119999999815e+02
6.354600099999999685e+01 3.045520020000000159e+02
9.477600099999999372e+01 4.034309999999999832e+02
1.935000000000000142e+01 3.354679869999999937e+02
7.437899799999999573e+01 4.035499879999999848e+02
5.371699900000000127e+01 2.908919980000000010e+02
3.601599900000000076e+01 3.570150150000000053e+02
7.572899599999999509e+01 3.700339969999999994e+02
6.436799600000000510e+01 4.009320069999999987e+02
7.894799799999999834e+01 2.824010010000000079e+02
2.600900100000000137e+01 3.104660030000000006e+02
9.058999999999999275e+00 3.499890139999999974e+02
2.646999900000000139e+01 3.537560119999999984e+02
4.999700200000000194e+01 3.236390079999999898e+02
6.061000099999999691e+01 3.999620059999999739e+02
1.789499999999999957e+01 3.247550049999999828e+02
5.406800100000000242e+01 3.218080140000000142e+02
3.824700200000000194e+01 3.593729860000000258e+02
6.234700000000000131e+01 3.870979919999999765e+02
3.732000000000000028e+01 3.524689940000000092e+02
9.631800099999999532e+01 3.224270020000000159e+02
7.854000100000000373e+01 4.057250060000000076e+02
7.138500200000000007e+01 3.886579899999999839e+02
9.285600300000000118e+01 4.156000060000000076e+02
4.134400200000000325e+01 3.057090150000000222e+02
2.283799899999999994e+01 3.665129999999999768e+02
5.688900000000000290e+01 3.829419859999999858e+02
3.146900000000000119e+01 3.948229979999999841e+02
9.890599799999999675e+01 3.832959900000000175e+02
4.692200100000000162e+01 3.982430110000000241e+02
1.604999899999999968e+01 3.401870119999999815e+02
4.549399900000000230e+01 3.039830019999999990e+02
2.827799999999999869e+01 3.699309999999999832e+02
8.150000000000000000e+01 2.845889890000000264e+02
5.791599999999999682e+01 3.228620000000000232e+02
4.922100100000000111e+01 3.766440119999999752e+02
7.793499799999999311e+01 2.971830140000000142e+02
8.691500100000000373e+01 3.959750060000000076e+02
6.571499599999999930e+01 2.933219910000000255e+02
7.318900299999999959e+01 2.830249939999999924e+02
8.254900399999999649e+01 3.964649959999999851e+02
7.869100199999999745e+01 3.823469850000000179e+02
9.633100100000000054e+01 3.384219969999999762e+02
8.210399599999999509e+01 4.088949890000000096e+02
4.835399999999999920e+01 3.832030030000000238e+02
5.804899999999999949e+01 2.830249939999999924e+02
2.961199999999999832e+01 4.446789860000000090e+02
9.219200100000000475e+01 4.142770080000000235e+02
8.043199900000000468e+01 4.152890009999999847e+02
3.950699999999999790e+01 3.933779910000000086e+02
3.597100100000000111e+01 4.100480039999999917e+02
5.241500099999999662e+01 3.224289860000000090e+02
5.162200200000000194e+01 3.062629999999999768e+02
6.101699800000000096e+01 2.797330019999999990e+02
4.707300200000000245e+01 3.042170100000000161e+02
7.001000000000000334e+00 3.406650089999999977e+02
3.748400099999999924e+01 3.664570009999999911e+02
3.121499999999999986e+01 4.118970029999999838e+02
6.778600299999999379e+01 2.972539980000000241e+02
2.799500099999999847e+01 3.773120119999999815e+02
9.978199800000000153e+01 3.953630069999999819e+02
4.742900099999999952e+01 3.185929869999999937e+02
3.945600100000000054e+01 3.792399899999999775e+02
2.918400000000000105e+01 3.653940119999999752e+02
9.128199800000000153e+01 3.810580140000000142e+02
3.147699899999999928e+01 4.393359990000000153e+02
3.753599899999999678e+01 3.329150089999999977e+02
6.811000099999999691e+01 3.774719850000000179e+02
2.403000099999999861e+01 3.804979860000000258e+02
3.999700200000000194e+01 3.463450010000000248e+02
6.763099699999999359e+01 2.819649959999999851e+02
2.125000000000000000e+01 3.951319889999999759e+02
3.246900200000000325e+01 3.508179930000000013e+02
9.768199900000000468e+01 3.748970029999999838e+02
1.372799999999999976e+01 3.519240110000000072e+02
4.804399899999999946e+01 4.001040039999999749e+02
1.966700000000000159e+01 3.755100100000000225e+02
4.302199900000000099e+01 3.381000060000000076e+02
6.414099899999999366e+01 3.092179869999999937e+02
2.190200000000000102e+01 3.282770080000000235e+02
5.231600199999999745e+01 3.981409909999999854e+02
1.232200009999999963e+02 3.387940060000000244e+02
3.176899900000000088e+01 4.538250120000000152e+02
5.289300200000000274e+01 3.162420040000000085e+02
1.043730010000000021e+02 3.883129880000000185e+02
4.798799900000000207e+01 3.248659969999999930e+02
5.500600099999999770e+01 3.140880129999999895e+02
9.136599699999999302e+01 3.813869930000000181e+02
3.413100099999999770e+01 3.387000120000000152e+02
5.105699899999999758e+01 4.247600100000000225e+02
3.738000100000000003e+01 2.951860050000000228e+02
5.235900099999999924e+01 3.323349910000000023e+02
1.634600100000000111e+01 3.446900019999999927e+02
1.195599999999999952e+01 3.641159969999999930e+02
7.836599699999999302e+01 3.781180110000000241e+02
9.573400100000000634e+01 4.115920100000000161e+02
3.517100099999999685e+01 3.844920040000000085e+02
6.145999900000000338e+01 3.206040039999999749e+02
5.613900000000000290e+01 3.157260130000000231e+02
3.240299999999999869e+01 3.049689940000000092e+02
3.582400100000000265e+01 3.108729860000000258e+02
8.319899700000000564e+01 3.981719969999999762e+02
5.594699899999999815e+01 3.534360050000000228e+02
4.971799899999999894e+01 3.452730099999999993e+02
2.905800100000000086e+01 3.800880129999999895e+02
2.882799899999999838e+01 3.720320130000000063e+02
5.318699999999999761e+01 4.333089899999999943e+02
2.139399900000000088e+01 3.266080019999999990e+02
3.971500000000000341e+01 3.689509889999999928e+02
6.492500300000000379e+01 3.963429869999999937e+02
2.893100000000000094e+01 3.161459960000000251e+02
6.045399900000000315e+01 3.894100040000000149e+02
2.484499900000000139e+01 3.141029970000000162e+02
7.196800199999999847e+01 3.127449950000000172e+02
6.088000100000000003e+01 2.933689880000000016e+02
1.015579989999999952e+02 3.885360109999999736e+02
8.325199899999999786e+01 3.797139890000000264e+02
7.764499700000000360e+01 3.812080080000000066e+02
8.893499799999999311e+01 3.415350040000000149e+02
4.310499999999999687e+01 3.538800049999999828e+02
9.830200200000000166e+01 3.832500000000000000e+02
6.238199999999999790e+01 2.915539860000000090e+02
2.833499899999999982e+01 3.249419859999999858e+02
9.219699900000000525e+01 2.988269960000000083e+02
7.433000199999999325e+01 3.865759889999999928e+02
8.298999999999999488e+00 3.538259889999999928e+02
6.019800200000000245e+01 3.090459900000000175e+02
5.342599899999999735e+01 3.909230039999999917e+02
9.651699800000000096e+01 3.645270080000000235e+02
5.768600099999999742e+01 3.195090030000000070e+02
3.273199799999999726e+01 3.928359990000000153e+02
6.574500299999999697e+01 3.650209960000000251e+02
3.284700000000000131e+01 2.972500000000000000e+02
3.546699900000000127e+01 3.678169859999999858e+02
4.823599999999999710e+01 3.470350040000000149e+02
9.490499900000000366e+01 2.933580019999999990e+02
4.380499999999999972e+01 3.927030030000000238e+02
1.038960040000000049e+02 3.871749879999999848e+02
4.620799999999999841e+01 3.296229860000000258e+02
7.596700300000000539e+01 2.641979979999999841e+02
1.605499999999999972e+01 3.641379999999999768e+02
6.298500099999999691e+01 2.893710019999999759e+02
5.306300000000000239e+01 3.265140079999999898e+02
5.242300000000000182e+01 3.741530149999999821e+02
8.490899699999999939e+01 3.050759889999999928e+02
4.342999999999999972e+01 3.230369870000000105e+02
1.236200000000000010e+01 3.363829959999999915e+02
4.592100099999999685e+01 3.787049870000000169e+02
3.220600100000000054e+01 4.123389890000000264e+02
6.408000199999999325e+01 4.000929869999999937e+02
3.116300000000000026e+01 3.588789980000000241e+02
3.269100199999999745e+01 3.908129880000000185e+02
9.679900399999999649e+01 3.716340030000000070e+02
5.446900200000000325e+01 3.213460079999999834e+02
1.275699999999999967e+01 3.446809999999999832e+02
9.577200299999999800e+01 4.019500120000000152e+02
6.620900000000000318e+01 2.848210139999999910e+02
1.987099999999999866e+01 3.127439880000000016e+02
9.666799899999999468e+01 3.260759889999999928e+02
2.978800000000000026e+01 3.561919859999999858e+02
6.273799900000000207e+01 3.611329959999999915e+02
1.837500000000000000e+01 3.146530149999999821e+02
5.338299899999999809e+01 4.013959960000000251e+02
5.844100199999999745e+01 3.897370000000000232e+02
9.779299899999999468e+01 3.964169919999999934e+02
2.236899899999999874e+01 3.553009950000000003e+02
3.615399899999999889e+01 3.160950010000000248e+02
3.635200100000000134e+01 3.776459960000000251e+02
9.071199799999999414e+01 3.403850100000000225e+02
8.997899599999999509e+01 4.000589899999999943e+02
5.839099900000000076e+01 3.144389949999999772e+02
6.177899899999999889e+01 4.633070069999999987e+02
3.929700100000000162e+01 3.174209900000000175e+02
2.936300100000000057e+01 3.869970089999999914e+02
8.923999799999999993e+01 4.071489869999999769e+02
7.256600199999999745e+01 3.122460019999999759e+02
5.464099900000000076e+01 3.328110050000000228e+02
2.149599999999999866e+01 3.386019900000000007e+02
7.419599900000000048e+01 2.995159909999999854e+02
5.311299900000000207e+01 3.736300049999999828e+02
1.677499999999999858e+01 3.727399899999999775e+02
7.859200300000000539e+01 2.838340150000000222e+02
2.410000000000000142e+00 3.775740049999999997e+02
6.979200000000000159e+01 3.373089899999999943e+02
1.738200000000000145e+01 3.531910100000000057e+02
8.882499699999999621e+01 3.940180050000000165e+02
7.841200299999999856e+01 4.024649959999999851e+02
9.978500400000000070e+01 3.899719850000000179e+02
7.255200200000000166e+01 3.770979919999999765e+02
9.128299699999999461e+01 2.957890009999999847e+02
4.846799899999999894e+01 3.509070130000000063e+02
3.261399800000000226e+01 4.510230099999999993e+02
7.893000000000000682e+01 2.787390139999999974e+02
1.212899999999999956e+01 3.333299870000000169e+02
6.320999999999999730e+00 3.858850100000000225e+02
3.125499900000000153e+01 3.352680050000000165e+02
7.888700099999999793e+01 2.648879999999999768e+02
7.576799800000000573e+01 3.866659849999999778e+02
6.934400200000000325e+01 4.038340150000000222e+02
9.787599899999999309e+01 3.484429930000000013e+02
6.237699899999999786e+01 4.013729860000000258e+02
7.201499900000000309e+01 3.842730099999999993e+02
5.940999999999999659e+01 2.809060059999999908e+02
9.297599800000000414e+01 4.052239989999999921e+02
4.320399900000000315e+01 3.558949890000000096e+02
4.163299899999999809e+01 3.004729919999999765e+02
4.367300000000000182e+01 3.225820009999999911e+02
3.513199999999999790e+01 3.106510010000000079e+02
2.036799999999999855e+01 3.515759889999999928e+02
1.222000000000000064e+01 3.600939940000000092e+02
4.520799999999999841e+01 3.124379880000000185e+02
5.650899900000000287e+01 2.998380129999999895e+02
7.970000000000000417e-01 2.900090030000000070e+02
2.264800100000000072e+01 3.018450010000000248e+02
5.869300100000000242e+01 3.077980039999999917e+02
8.636100000000000421e+01 2.808280030000000238e+02
6.775599699999999359e+01 3.909249879999999848e+02
3.249399900000000230e+01 4.281510010000000079e+02
8.576599899999999366e+01 2.979200129999999831e+02
4.790599799999999675e+01 3.836679990000000089e+02
3.372800099999999901e+01 3.685440060000000244e+02
9.295300299999999538e+01 4.109320069999999987e+02
6.691500100000000373e+01 3.856520080000000235e+02
8.662200199999999484e+01 2.917990110000000072e+02
6.652300300000000277e+01 2.837990110000000072e+02
2.572200000000000131e+01 3.159030149999999821e+02
4.797899999999999920e+01 3.780660100000000057e+02
6.460199699999999723e+01 2.809599910000000023e+02
2.550700000000000145e+01 3.178840030000000070e+02
7.036399799999999516e+01 2.870960079999999834e+02
2.053000099999999861e+01 3.670069889999999759e+02
8.247399900000000628e+01 3.568689880000000016e+02
4.195600100000000054e+01 3.370280149999999821e+02
8.717199700000000462e+01 2.841340030000000070e+02
1.616799899999999823e+01 3.269729919999999765e+02
8.028299699999999461e+01 3.988989869999999769e+02
9.637200199999999484e+01 3.178139949999999772e+02
5.659299899999999894e+01 2.596539920000000166e+02
8.334799999999999898e+01 4.050790099999999825e+02
5.156900000000000261e+01 3.210820009999999911e+02
7.322499799999999937e+01 4.673909909999999854e+02
5.281900000000000261e+01 4.036879880000000185e+02
7.227500200000000063e+01 2.896289980000000241e+02
3.848300199999999904e+01 3.090530089999999745e+02
4.339500000000000313e+01 3.001359860000000026e+02
4.492599899999999735e+01 3.053900150000000053e+02
7.685700199999999427e+01 4.206459960000000251e+02
3.170999899999999982e+01 4.527820130000000063e+02
8.314900199999999586e+01 4.133250120000000152e+02
5.333200099999999821e+01 3.317149959999999851e+02
5.992300000000000182e+01 3.570079959999999915e+02
1.264000000000000057e+01 3.404240110000000072e+02
3.320500200000000035e+01 3.251499939999999924e+02
9.339199800000000096e+01 2.893640139999999974e+02
1.124399999999999977e+01 3.647629999999999768e+02
3.698799900000000207e+01 3.888590090000000146e+02
1.823399900000000073e+01 3.864259950000000003e+02
7.597199999999999420e+01 3.728349910000000023e+02
6.942199700000000462e+01 3.112789920000000166e+02
3.243899900000000258e+01 2.830109860000000026e+02
5.133499900000000338e+01 3.668479919999999765e+02
8.084300199999999847e+01 3.769570009999999911e+02
8.950199899999999786e+01 3.025060119999999984e+02
3.162299900000000008e+01 3.263460079999999834e+02
1.452399999999999913e+01 3.536029970000000162e+02
3.125600100000000126e+01 2.832560119999999984e+02
6.644100199999999745e+01 4.634710079999999834e+02
2.388800000000000168e+01 3.522510070000000155e+02
8.743000000000000327e+00 3.389750060000000076e+02
2.662999900000000153e+01 3.380159909999999854e+02
7.636599699999999302e+01 2.964169919999999934e+02
8.375000000000000000e+00 3.441640009999999847e+02
1.181799999999999962e+01 4.297059939999999756e+02
8.126599899999999366e+01 3.815549930000000245e+02
5.201599900000000076e+01 3.086470029999999838e+02
2.481100100000000097e+01 3.558219910000000255e+02
5.042200100000000162e+01 3.150159909999999854e+02
7.715200000000000102e+01 3.106400150000000053e+02
3.468699999999999761e+01 2.986449890000000096e+02
8.128399699999999939e+01 3.830159909999999854e+02
6.520099600000000351e+01 4.004150089999999977e+02
5.335699799999999726e+01 3.851510010000000079e+02
8.495300299999999538e+01 3.915400089999999977e+02
3.578599899999999678e+01 3.504719850000000179e+02
8.497499799999999937e+01 2.999949950000000172e+02
5.286899900000000230e+01 3.894670100000000161e+02
5.576800200000000274e+01 4.242789920000000166e+02
3.636800000000000210e+01 3.033229979999999841e+02
