2.289700009999999963e+02 2.819920040000000085e+02
1.892140049999999860e+02 3.227300109999999904e+02
1.160989990000000063e+02 2.963829959999999915e+02
1.371119999999999948e+02 2.896889949999999772e+02
1.885079959999999915e+02 2.820939940000000092e+02
1.645859989999999868e+02 2.868229979999999841e+02
1.576269990000000121e+02 2.055480039999999917e+02
1.700980069999999955e+02 2.786319889999999759e+02
1.656770019999999874e+02 2.583680110000000241e+02
1.480700070000000039e+02 2.646449890000000096e+02
2.167310029999999870e+02 2.844030149999999821e+02
1.356999969999999962e+02 2.722950129999999831e+02
1.609709929999999929e+02 3.354710079999999834e+02
1.361649930000000097e+02 2.349089969999999994e+02
1.057350009999999969e+02 2.663229979999999841e+02
2.421649930000000097e+02 2.743439940000000092e+02
1.856679990000000089e+02 3.356040039999999749e+02
1.256210020000000043e+02 3.236640009999999847e+02
2.107530059999999992e+02 2.537859950000000140e+02
1.638630070000000103e+02 2.726879880000000185e+02
1.689739989999999921e+02 2.513950040000000001e+02
1.267630000000000052e+02 2.727370000000000232e+02
1.850679930000000013e+02 2.709679869999999937e+02
2.354660030000000006e+02 2.543899989999999889e+02
1.371369929999999897e+02 2.818479919999999765e+02
2.388240049999999997e+02 2.173659969999999930e+02
1.173639979999999952e+02 2.614689940000000092e+02
1.468269960000000083e+02 2.520200040000000001e+02
1.536360019999999906e+02 3.098670040000000085e+02
1.000690000000000026e+02 2.807950129999999831e+02
1.284320069999999987e+02 2.902690119999999752e+02
1.181090010000000063e+02 2.136150049999999965e+02
1.045670010000000048e+02 2.880740049999999997e+02
1.161179960000000051e+02 2.700989989999999921e+02
1.560639950000000056e+02 3.345759889999999928e+02
1.797830050000000028e+02 3.154200129999999831e+02
1.602270049999999912e+02 3.270490110000000072e+02
1.849049990000000037e+02 2.645679930000000013e+02
1.174000020000000006e+02 2.252760010000000079e+02
1.567709959999999967e+02 2.964100040000000149e+02
1.279680019999999985e+02 2.868340150000000222e+02
1.686759950000000003e+02 2.808269960000000083e+02
1.047669980000000010e+02 2.279830019999999990e+02
2.050939940000000092e+02 2.453359989999999868e+02
9.905799899999999525e+01 2.680039980000000241e+02
2.149159999999999968e+02 2.465440059999999960e+02
1.183259960000000035e+02 2.926730039999999917e+02
2.417299959999999999e+02 2.822810059999999908e+02
9.406900000000000261e+01 2.858810119999999984e+02
1.763229980000000126e+02 3.202210079999999834e+02
1.090179980000000057e+02 2.825000000000000000e+02
1.427510069999999871e+02 2.905060119999999984e+02
2.237100069999999903e+02 2.762319949999999835e+02
1.118489990000000063e+02 2.773550109999999904e+02
1.680919949999999972e+02 3.318299870000000169e+02
1.579230039999999917e+02 2.263240049999999997e+02
9.825700399999999490e+01 2.705180050000000165e+02
1.938350069999999903e+02 2.739649959999999851e+02
1.828200070000000039e+02 2.628599849999999947e+02
2.285290070000000071e+02 2.801379999999999768e+02
1.543679960000000051e+02 2.821010130000000231e+02
2.218890079999999898e+02 2.494839939999999956e+02
1.948040009999999995e+02 3.251300049999999828e+02
1.638350069999999903e+02 3.197529910000000086e+02
1.882389980000000094e+02 2.581470029999999838e+02
2.440059970000000078e+02 2.664030149999999821e+02
1.110650020000000069e+02 2.839249879999999848e+02
2.457530059999999992e+02 2.696619870000000105e+02
2.071759950000000003e+02 2.106950070000000039e+02
1.605480039999999917e+02 2.554159999999999968e+02
1.320619959999999935e+02 3.388320009999999911e+02
1.142020030000000048e+02 2.276390079999999898e+02
2.204159999999999968e+02 2.563510130000000231e+02
1.115910030000000006e+02 2.700119930000000181e+02
2.213569950000000119e+02 2.573129880000000185e+02
9.755799899999999525e+01 2.595079959999999915e+02
1.603359989999999868e+02 2.752170100000000161e+02
1.374730069999999955e+02 2.701440119999999752e+02
1.092529980000000052e+02 2.695679930000000013e+02
2.175970000000000084e+02 3.067619930000000181e+02
1.550610049999999944e+02 3.192179869999999937e+02
1.583269960000000083e+02 3.251419980000000010e+02
1.862359920000000102e+02 2.485540009999999995e+02
1.875930020000000127e+02 3.329750060000000076e+02
1.798370060000000024e+02 2.840520020000000159e+02
1.432689970000000130e+02 2.604190060000000244e+02
1.960220030000000122e+02 2.505240019999999959e+02
1.790820009999999911e+02 2.573850100000000225e+02
9.742199700000000462e+01 2.240529940000000124e+02
8.700800300000000220e+01 2.703439940000000092e+02
1.911029969999999878e+02 2.816350100000000225e+02
1.941540070000000071e+02 2.837460019999999759e+02
1.060589980000000025e+02 2.891239929999999845e+02
1.987079929999999877e+02 2.808760070000000155e+02
1.482480009999999879e+02 2.904859920000000102e+02
1.335659939999999892e+02 3.241919859999999858e+02
1.054369959999999935e+02 2.943810119999999984e+02
2.315269930000000045e+02 2.499839939999999956e+02
1.972290040000000033e+02 2.440200040000000001e+02
1.883260040000000117e+02 2.660299989999999752e+02
1.573150019999999927e+02 2.427539979999999957e+02
1.866629939999999976e+02 2.803989869999999769e+02
1.915200040000000001e+02 3.349769900000000007e+02
1.804880070000000103e+02 3.286180110000000241e+02
1.487640079999999898e+02 3.339960019999999759e+02
1.310440059999999960e+02 2.583670040000000085e+02
1.333370060000000024e+02 2.860180050000000165e+02
1.062460020000000043e+02 2.983729860000000258e+02
2.052090000000000032e+02 2.831210019999999759e+02
2.462109989999999868e+02 2.570039980000000241e+02
2.418309940000000040e+02 2.578299870000000169e+02
2.228159939999999892e+02 2.742149959999999851e+02
1.285579989999999952e+02 2.878059999999999832e+02
1.904310000000000116e+02 2.779890139999999974e+02
1.167300029999999964e+02 2.668609920000000102e+02
1.504490049999999997e+02 3.228900150000000053e+02
1.596950070000000039e+02 2.767059939999999756e+02
1.608569950000000119e+02 3.218779910000000086e+02
1.186200029999999970e+02 2.641780089999999745e+02
1.876470030000000122e+02 2.830669859999999858e+02
1.101439969999999988e+02 2.640899959999999851e+02
1.807449949999999887e+02 3.026069949999999835e+02
1.475059970000000078e+02 2.608989869999999769e+02
1.592899930000000097e+02 3.252810059999999908e+02
1.326560059999999908e+02 3.311849980000000073e+02
1.860840000000000032e+02 3.208529970000000162e+02
2.108070069999999987e+02 2.587529910000000086e+02
2.161069950000000119e+02 2.147480009999999879e+02
1.515339969999999994e+02 3.152139890000000264e+02
2.113880000000000052e+02 2.671430050000000165e+02
1.571840060000000108e+02 2.110240019999999959e+02
1.358849950000000035e+02 3.226690060000000244e+02
1.470409999999999968e+02 3.182359920000000102e+02
1.838450009999999963e+02 2.540689999999999884e+02
1.193570019999999943e+02 2.711489869999999769e+02
1.584420010000000048e+02 2.569580080000000066e+02
1.914750060000000076e+02 2.489790040000000033e+02
1.080350040000000007e+02 2.645409849999999778e+02
1.034430009999999953e+02 2.751130069999999819e+02
1.621820069999999987e+02 3.345620119999999815e+02
2.311770019999999874e+02 2.746189880000000016e+02
1.261719970000000046e+02 3.294989929999999845e+02
1.486580050000000028e+02 3.108980099999999993e+02
2.385429990000000089e+02 2.791329959999999915e+02
2.299830019999999990e+02 2.707529910000000086e+02
1.338699949999999887e+02 3.350199890000000096e+02
1.645220030000000122e+02 2.806799930000000245e+02
2.332440029999999922e+02 2.670039980000000241e+02
2.343809970000000078e+02 2.617890009999999847e+02
2.383880000000000052e+02 2.581669919999999934e+02
1.371040040000000033e+02 2.716969910000000255e+02
1.511289979999999957e+02 3.295129999999999768e+02
2.407660060000000044e+02 2.588259889999999928e+02
1.352420040000000085e+02 2.645379940000000261e+02
1.811080019999999990e+02 2.662370000000000232e+02
1.334530029999999954e+02 2.890199890000000096e+02
1.990590060000000108e+02 2.567739869999999769e+02
2.213289949999999919e+02 2.755580140000000142e+02
2.384799959999999999e+02 2.606709900000000175e+02
1.588730009999999879e+02 3.046659849999999778e+02
1.340189970000000130e+02 2.829179990000000089e+02
2.392550050000000113e+02 2.281320039999999949e+02
1.299360049999999944e+02 2.906870119999999815e+02
1.931479950000000088e+02 2.465700070000000039e+02
1.786739959999999883e+02 2.841000060000000076e+02
1.573829959999999915e+02 2.053569950000000119e+02
2.411170040000000085e+02 2.650100100000000225e+02
1.764609989999999868e+02 2.562999879999999848e+02
1.120380020000000059e+02 2.664809880000000248e+02
1.465379939999999976e+02 2.734150089999999977e+02
2.168829959999999915e+02 3.179299930000000245e+02
1.844559940000000040e+02 2.636340030000000070e+02
2.320579989999999952e+02 2.521990049999999997e+02
1.687839969999999994e+02 2.500970000000000084e+02
2.289900049999999965e+02 2.736379999999999768e+02
2.341239930000000129e+02 2.692999879999999848e+02
1.727619929999999897e+02 3.245759889999999928e+02
1.761479950000000088e+02 2.448679960000000051e+02
9.770799999999999841e+01 2.244360049999999944e+02
9.275800300000000220e+01 2.793569949999999835e+02
1.542079929999999877e+02 2.292769930000000045e+02
1.719859920000000102e+02 2.502359920000000102e+02
1.298979950000000088e+02 3.261069949999999835e+02
1.958410030000000006e+02 2.590899959999999851e+02
1.198150020000000069e+02 2.965450129999999831e+02
2.471139980000000094e+02 3.300400089999999977e+02
1.421459959999999967e+02 3.322090150000000222e+02
2.027339939999999956e+02 2.486519930000000045e+02
2.234029999999999916e+02 2.814119870000000105e+02
1.465980069999999955e+02 2.573590090000000146e+02
1.685350039999999865e+02 2.514550020000000075e+02
2.166470030000000122e+02 2.393959959999999967e+02
1.446109920000000102e+02 2.758529970000000162e+02
1.162890009999999990e+02 2.987760010000000079e+02
1.967299959999999999e+02 2.634479979999999841e+02
1.543459929999999929e+02 2.964790039999999749e+02
1.567879939999999976e+02 2.495290070000000071e+02
1.445229950000000088e+02 2.760570069999999987e+02
1.011019969999999972e+02 2.929060059999999908e+02
1.856600039999999865e+02 2.774249879999999848e+02
1.166259989999999931e+02 2.985580140000000142e+02
1.842230069999999955e+02 2.688699950000000172e+02
1.201819990000000047e+02 2.592359920000000102e+02
1.528860019999999906e+02 2.936900019999999927e+02
1.602279969999999878e+02 2.842489929999999845e+02
1.404219970000000046e+02 2.694360050000000228e+02
1.120250020000000006e+02 2.719419859999999858e+02
1.794380040000000065e+02 2.615339969999999994e+02
1.977070009999999911e+02 2.695559999999999832e+02
1.506040040000000033e+02 2.629360050000000228e+02
1.672720030000000122e+02 2.523470000000000084e+02
1.408549959999999999e+02 3.275830080000000066e+02
2.428480069999999955e+02 2.461869959999999935e+02
1.533780059999999992e+02 2.514019930000000045e+02
2.082769930000000045e+02 2.725669859999999858e+02
2.281560059999999908e+02 2.797489929999999845e+02
1.671990049999999997e+02 2.551199949999999887e+02
1.296000060000000076e+02 3.336099849999999947e+02
1.848029940000000124e+02 2.751419980000000010e+02
1.534100039999999865e+02 3.091220089999999914e+02
2.233829959999999915e+02 2.333379970000000014e+02
2.007160030000000006e+02 2.132109989999999868e+02
1.115829999999999984e+02 2.896040039999999749e+02
1.715610049999999944e+02 2.800299989999999752e+02
1.640859989999999868e+02 3.122109990000000153e+02
9.483000199999999325e+01 2.861669919999999934e+02
1.668379970000000014e+02 3.084849849999999947e+02
2.222160030000000006e+02 2.627739869999999769e+02
2.034439999999999884e+02 2.442230069999999955e+02
1.954459990000000005e+02 2.592749939999999924e+02
1.996459959999999967e+02 2.210119929999999897e+02
1.094209979999999973e+02 2.606749879999999848e+02
1.554420010000000048e+02 3.215440060000000244e+02
2.111679990000000089e+02 2.791570130000000063e+02
1.675180049999999881e+02 2.783710019999999759e+02
2.057270049999999912e+02 2.715499879999999848e+02
1.552059940000000040e+02 2.528229980000000126e+02
1.886190029999999922e+02 2.753649899999999775e+02
1.248750000000000000e+02 3.331520080000000235e+02
1.284839939999999956e+02 3.304679869999999937e+02
2.237949979999999925e+02 2.597799989999999752e+02
1.081699980000000068e+02 2.712080080000000066e+02
1.514149930000000097e+02 2.548110049999999944e+02
1.992330019999999990e+02 2.598940119999999752e+02
1.752870029999999986e+02 2.498899989999999889e+02
1.359550020000000075e+02 2.352420040000000085e+02
1.098679960000000051e+02 2.928620000000000232e+02
1.248199999999999932e+02 2.618640139999999974e+02
1.589600069999999903e+02 2.847569889999999759e+02
1.973769990000000121e+02 2.559429930000000013e+02
1.999029999999999916e+02 2.828389890000000264e+02
1.768269960000000083e+02 2.715729979999999841e+02
1.572890010000000132e+02 3.343609920000000102e+02
1.933309940000000040e+02 2.837380069999999819e+02
1.115770030000000048e+02 2.398209990000000005e+02
2.206450040000000001e+02 2.629719850000000179e+02
1.332850039999999865e+02 2.589729919999999765e+02
1.199039989999999989e+02 2.859370119999999815e+02
1.258229979999999983e+02 3.286839899999999943e+02
1.632019960000000083e+02 2.615790099999999825e+02
1.554310000000000116e+02 3.374419859999999858e+02
1.345359950000000140e+02 2.861400150000000053e+02
1.579450070000000039e+02 3.134790039999999749e+02
2.048029940000000124e+02 3.011960139999999910e+02
1.668540040000000033e+02 2.582160030000000006e+02
1.710989989999999921e+02 2.738729860000000258e+02
1.842429960000000051e+02 2.692749939999999924e+02
1.706320039999999949e+02 3.141820069999999987e+02
1.065199970000000036e+02 2.663229979999999841e+02
1.309470059999999876e+02 2.677200010000000248e+02
2.251089939999999956e+02 2.176540070000000071e+02
1.764369959999999935e+02 2.511130070000000103e+02
1.114700009999999963e+02 2.421860049999999944e+02
1.180429989999999947e+02 2.687629999999999768e+02
1.020350040000000007e+02 2.643540039999999749e+02
2.360570069999999987e+02 2.655459900000000175e+02
1.228560030000000012e+02 2.898439940000000092e+02
9.585099800000000414e+01 2.857149959999999851e+02
1.383959959999999967e+02 2.711390079999999898e+02
1.554320069999999987e+02 2.657789920000000166e+02
1.497350010000000111e+02 3.349819949999999835e+02
1.560299990000000037e+02 3.306950069999999755e+02
2.309969940000000008e+02 2.751400150000000053e+02
1.495310059999999908e+02 2.697399899999999775e+02
1.249960020000000043e+02 2.648469850000000179e+02
1.423060000000000116e+02 3.232669980000000010e+02
1.422059940000000040e+02 2.543670040000000085e+02
1.642630000000000052e+02 3.183779910000000086e+02
1.474920040000000085e+02 2.772680050000000165e+02
1.454649960000000135e+02 2.790849910000000023e+02
2.397669980000000010e+02 2.813129880000000185e+02
2.235409999999999968e+02 2.580169980000000010e+02
1.349299929999999961e+02 2.727650150000000053e+02
9.402899899999999889e+01 2.669729919999999765e+02
2.004680020000000127e+02 3.356440119999999752e+02
1.885079959999999915e+02 3.299679869999999937e+02
1.978509980000000041e+02 3.295880129999999895e+02
9.790799699999999461e+01 2.338090060000000108e+02
2.261210020000000043e+02 2.598810119999999984e+02
2.311609950000000140e+02 2.551439970000000130e+02
1.876519930000000045e+02 2.479230039999999917e+02
1.641430049999999881e+02 2.533480069999999955e+02
1.059909969999999930e+02 2.865230099999999993e+02
1.708300020000000075e+02 3.117770080000000235e+02
1.845249939999999924e+02 2.652629999999999768e+02
1.809920040000000085e+02 2.630549930000000245e+02
1.533099980000000073e+02 2.626279910000000086e+02
1.456950070000000039e+02 2.522220000000000084e+02
1.602610019999999906e+02 2.244159999999999968e+02
1.854019930000000045e+02 2.785350040000000149e+02
1.440859989999999868e+02 2.088110049999999944e+02
1.831130070000000103e+02 3.291229860000000258e+02
2.374010010000000079e+02 2.761459960000000251e+02
9.795400200000000268e+01 2.215959929999999929e+02
1.665630040000000065e+02 2.581059880000000248e+02
1.195210040000000049e+02 2.643420100000000161e+02
1.537559970000000078e+02 2.665910030000000006e+02
1.571519930000000045e+02 2.214170070000000123e+02
1.697120060000000024e+02 2.655329899999999839e+02
2.151260069999999871e+02 2.301150049999999965e+02
1.842899930000000097e+02 3.336560059999999908e+02
2.075090030000000070e+02 2.781279910000000086e+02
1.954839939999999956e+02 2.687380069999999819e+02
2.267010040000000117e+02 2.430689999999999884e+02
1.077129970000000014e+02 2.794500120000000152e+02
1.021770020000000017e+02 2.920400089999999977e+02
1.733580019999999990e+02 2.812359920000000102e+02
1.643170010000000048e+02 3.359700010000000248e+02
1.538789979999999957e+02 3.080639949999999772e+02
2.102400049999999965e+02 2.518679960000000051e+02
2.229369959999999935e+02 2.558480069999999955e+02
1.425030059999999992e+02 2.866239929999999845e+02
9.573400100000000634e+01 2.845320130000000063e+02
1.842010040000000117e+02 2.719840090000000146e+02
1.586159969999999930e+02 2.178959959999999967e+02
1.320350039999999865e+02 3.173710019999999759e+02
1.790440059999999960e+02 2.634450069999999755e+02
2.281719970000000046e+02 2.594970089999999914e+02
2.300829929999999877e+02 2.570780030000000238e+02
1.798090060000000108e+02 2.529900049999999965e+02
1.336009980000000041e+02 2.912909849999999778e+02
1.169170000000000016e+02 2.702929990000000089e+02
1.439170070000000123e+02 2.815650019999999927e+02
1.768589939999999956e+02 3.168229979999999841e+02
1.251520000000000010e+02 2.885880129999999895e+02
1.738809970000000078e+02 3.113649899999999775e+02
1.305339969999999994e+02 2.889509889999999928e+02
1.574270019999999874e+02 2.689570009999999911e+02
2.392510069999999871e+02 2.776419980000000010e+02
1.679920040000000085e+02 2.693909909999999854e+02
2.047109989999999868e+02 3.002370000000000232e+02
2.178099980000000073e+02 2.716229860000000258e+02
1.508820039999999949e+02 3.167239989999999921e+02
1.692380070000000103e+02 2.533699949999999887e+02
1.957510069999999871e+02 2.583640139999999974e+02
1.142310030000000012e+02 2.675920100000000161e+02
2.386560059999999908e+02 2.753429869999999937e+02
2.171130070000000103e+02 2.469940029999999922e+02
1.388540040000000033e+02 2.633120119999999815e+02
1.194030000000000058e+02 2.878750000000000000e+02
1.561219940000000008e+02 2.907439880000000016e+02
1.696210020000000043e+02 3.111919859999999858e+02
1.766380000000000052e+02 2.642760010000000079e+02
1.639210050000000081e+02 3.283399959999999851e+02
2.360749969999999962e+02 2.675679930000000013e+02
2.459329989999999952e+02 2.476939999999999884e+02
1.138410030000000006e+02 2.678720089999999914e+02
2.117180020000000127e+02 2.464909969999999930e+02
1.302610019999999906e+02 3.362739869999999769e+02
1.428580019999999990e+02 2.590369870000000105e+02
1.206839980000000025e+02 2.648429869999999937e+02
1.085230030000000028e+02 2.828699950000000172e+02
1.932389980000000094e+02 2.769289860000000090e+02
1.850509950000000003e+02 2.716860050000000228e+02
1.720409999999999968e+02 2.861239929999999845e+02
2.399920040000000085e+02 2.775759889999999928e+02
1.004329989999999952e+02 2.933330080000000066e+02
1.882839969999999994e+02 3.228760070000000155e+02
2.257680049999999881e+02 2.795249939999999924e+02
1.838959959999999967e+02 2.749620059999999739e+02
1.076389999999999958e+02 2.878959960000000251e+02
1.791799929999999961e+02 2.796180110000000241e+02
1.482899930000000097e+02 3.159240110000000072e+02
1.072079999999999984e+02 2.727409969999999930e+02
2.432310029999999870e+02 2.775899959999999851e+02
1.477830050000000028e+02 3.223380129999999895e+02
1.536080019999999990e+02 3.123489989999999921e+02
1.195530009999999947e+02 2.848649899999999775e+02
1.342720030000000122e+02 2.914339899999999943e+02
1.786199949999999887e+02 2.112790070000000071e+02
1.427100069999999903e+02 3.251940000000000168e+02
1.950140079999999898e+02 2.607659909999999854e+02
1.336560059999999908e+02 2.850260010000000079e+02
1.613739930000000129e+02 3.069559939999999756e+02
2.238549959999999999e+02 2.820119930000000181e+02
1.324010010000000079e+02 3.227349849999999947e+02
1.409040070000000071e+02 2.773219910000000255e+02
2.378890079999999898e+02 2.514720000000000084e+02
1.883849950000000035e+02 3.212309880000000248e+02
1.631609950000000140e+02 3.245809939999999756e+02
8.581099700000000041e+01 2.737909849999999778e+02
2.064250030000000038e+02 2.534900049999999965e+02
1.719600069999999903e+02 3.146499939999999924e+02
1.315050050000000113e+02 3.189930110000000241e+02
1.597640079999999898e+02 2.880520020000000159e+02
1.387350010000000111e+02 2.558580019999999990e+02
1.628370060000000024e+02 2.697969969999999762e+02
1.297070009999999911e+02 2.894590150000000222e+02
1.326119999999999948e+02 2.589519960000000083e+02
1.179970019999999948e+02 2.863110050000000228e+02
2.438699949999999887e+02 2.710199890000000096e+02
1.298860019999999906e+02 3.215690000000000168e+02
1.478309940000000040e+02 2.850220029999999838e+02
1.092860029999999938e+02 2.782290039999999749e+02
1.836510010000000079e+02 2.805599980000000073e+02
1.517019960000000083e+02 2.868280030000000238e+02
1.946060029999999870e+02 2.605169980000000010e+02
2.121000060000000076e+02 2.586849980000000073e+02
1.322720030000000122e+02 3.176600040000000149e+02
2.348639980000000094e+02 2.445919949999999972e+02
1.524510040000000117e+02 2.676130069999999819e+02
1.381410060000000044e+02 2.800409849999999778e+02
2.293750000000000000e+02 2.632940060000000244e+02
9.777400199999999586e+01 2.637720029999999838e+02
2.316130070000000103e+02 2.738089899999999943e+02
2.134940029999999922e+02 2.753850100000000225e+02
1.236449970000000036e+02 2.648349910000000023e+02
1.950079959999999915e+02 3.223370059999999739e+02
1.484669949999999972e+02 2.519499969999999962e+02
8.737999700000000303e+01 2.311959990000000005e+02
1.423560029999999870e+02 2.847810059999999908e+02
1.742050020000000075e+02 2.561589969999999994e+02
2.155299990000000037e+02 2.509019930000000045e+02
1.528919980000000010e+02 2.719479979999999841e+02
2.084779969999999878e+02 2.803659969999999930e+02
1.724530029999999954e+02 3.089360050000000228e+02
2.173359989999999868e+02 3.153320009999999911e+02
1.028069990000000047e+02 2.753999939999999924e+02
1.557270049999999912e+02 2.620010070000000155e+02
1.896799929999999961e+02 2.469129939999999976e+02
1.574389950000000056e+02 3.024790039999999749e+02
2.061309970000000078e+02 2.647489929999999845e+02
2.014889980000000094e+02 2.761809999999999832e+02
1.842350010000000111e+02 2.793750000000000000e+02
1.806490019999999959e+02 2.345959929999999929e+02
1.476029969999999878e+02 2.801919859999999858e+02
1.549450070000000039e+02 3.294159849999999778e+02
2.211130070000000103e+02 2.727200010000000248e+02
1.957239989999999921e+02 2.830310059999999908e+02
2.348450009999999963e+02 2.836900019999999927e+02
1.119199980000000068e+02 2.730589899999999943e+02
9.538200399999999490e+01 2.830429990000000089e+02
1.832100069999999903e+02 3.301990049999999997e+02
2.174819950000000119e+02 2.463609920000000102e+02
2.316399989999999889e+02 2.729500120000000152e+02
1.518880000000000052e+02 2.626440119999999752e+02
1.398170010000000048e+02 3.380429990000000089e+02
9.778600299999999379e+01 2.862739869999999769e+02
1.814129939999999976e+02 3.198179930000000013e+02
2.130390010000000132e+02 2.631229860000000258e+02
1.099700009999999963e+02 2.488910060000000044e+02
2.282220000000000084e+02 2.738699950000000172e+02
1.525050050000000113e+02 3.360329899999999839e+02
2.060359950000000140e+02 2.757370000000000232e+02
2.385670010000000048e+02 2.707659909999999854e+02
1.078529970000000020e+02 2.770260010000000079e+02
1.175810010000000005e+02 2.995629880000000185e+02
1.648999939999999924e+02 2.550390010000000132e+02
1.546580050000000028e+02 2.787780149999999821e+02
1.947180020000000127e+02 2.836820069999999987e+02
9.872499799999999937e+01 2.804440000000000168e+02
2.173379970000000014e+02 2.232359920000000102e+02
1.566929930000000013e+02 3.026210019999999759e+02
1.887709959999999967e+02 2.643999939999999924e+02
1.113229979999999983e+02 2.715549930000000245e+02
1.712810059999999908e+02 3.359979860000000258e+02
1.721670070000000123e+02 3.118739929999999845e+02
1.385579989999999952e+02 2.521990049999999997e+02
1.785619959999999935e+02 3.212850040000000149e+02
1.671739959999999883e+02 3.282629999999999768e+02
1.727420040000000085e+02 3.047560119999999984e+02
1.941320039999999949e+02 2.789830019999999990e+02
1.412030029999999954e+02 2.658219910000000255e+02
1.898119959999999935e+02 2.551280059999999992e+02
1.427810059999999908e+02 3.163620000000000232e+02
2.153860019999999906e+02 2.588190000000000168e+02
1.628549959999999999e+02 3.189920040000000085e+02
2.176020049999999912e+02 3.365209960000000251e+02
9.250399799999999573e+01 2.662959900000000175e+02
1.045770030000000048e+02 2.678280030000000238e+02
2.002189940000000092e+02 2.807000120000000152e+02
1.137500000000000000e+02 2.771919859999999858e+02
1.587010040000000117e+02 3.089289860000000090e+02
2.107039949999999919e+02 2.495749969999999962e+02
2.001970059999999876e+02 3.363959960000000251e+02
2.378549959999999999e+02 2.455050050000000113e+02
1.569029999999999916e+02 3.187739869999999769e+02
1.446139980000000094e+02 3.209490049999999997e+02
1.871750030000000038e+02 3.156019900000000007e+02
1.691040040000000033e+02 2.746629940000000261e+02
2.462749939999999924e+02 3.299070130000000063e+02
1.881119999999999948e+02 2.643200069999999755e+02
2.297129970000000014e+02 2.705549930000000245e+02
2.298159939999999892e+02 2.616470029999999838e+02
1.762480009999999879e+02 2.568559880000000248e+02
1.383560029999999870e+02 3.229280089999999745e+02
1.910460050000000081e+02 2.766619870000000105e+02
1.948320009999999911e+02 2.467319950000000119e+02
2.014859920000000102e+02 2.640849910000000023e+02
2.271670070000000123e+02 2.773049930000000245e+02
2.008979950000000088e+02 2.803529970000000162e+02
2.044960020000000043e+02 3.248729860000000258e+02
2.191490019999999959e+02 2.462019960000000083e+02
1.674259950000000003e+02 2.805249939999999924e+02
2.209609989999999868e+02 2.698389890000000264e+02
1.998269960000000083e+02 2.620190119999999752e+02
9.948500099999999691e+01 2.693340150000000222e+02
2.336750030000000038e+02 2.747279970000000162e+02
2.266970059999999876e+02 2.634830019999999990e+02
1.257580030000000022e+02 2.899509889999999928e+02
1.367299959999999999e+02 2.786889949999999772e+02
1.819969940000000008e+02 3.122810059999999908e+02
1.592850039999999865e+02 2.830480039999999917e+02
9.568299899999999525e+01 2.680169980000000010e+02
2.035840000000000032e+02 2.491929930000000013e+02
9.634699999999999420e+01 2.898949890000000096e+02
1.130770030000000048e+02 2.625950010000000248e+02
1.526939999999999884e+02 2.625299989999999752e+02
9.495900000000000318e+01 2.835849910000000023e+02
1.469609989999999868e+02 2.933940119999999752e+02
2.335359950000000140e+02 2.485299990000000037e+02
1.016920010000000048e+02 2.800969850000000179e+02
1.341770019999999874e+02 3.321059880000000248e+02
1.449539949999999919e+02 3.121459960000000251e+02
1.440939940000000092e+02 2.651589969999999994e+02
2.055729980000000126e+02 2.821579899999999839e+02
1.061760029999999944e+02 2.924559939999999756e+02
1.052099989999999963e+02 2.863439940000000092e+02
1.717640079999999898e+02 2.747839969999999994e+02
2.274179990000000089e+02 2.723659969999999930e+02
1.504590000000000032e+02 2.375659939999999892e+02
1.652449949999999887e+02 2.701430050000000165e+02
9.617500300000000379e+01 2.668909909999999854e+02
1.935059970000000078e+02 2.593070069999999987e+02
9.960500299999999640e+01 2.887829899999999839e+02
1.892230069999999955e+02 2.543699949999999887e+02
2.168630070000000103e+02 3.269079899999999839e+02
1.522070009999999911e+02 2.518800050000000113e+02
1.291069950000000119e+02 3.320220029999999838e+02
1.410840000000000032e+02 2.708330080000000066e+02
2.029920040000000085e+02 2.633970029999999838e+02
1.295039979999999957e+02 3.105809939999999756e+02
2.137649989999999889e+02 2.594159849999999778e+02
1.750939940000000092e+02 3.219020080000000235e+02
1.571089939999999956e+02 2.806889949999999772e+02
1.965939940000000092e+02 2.623609920000000102e+02
1.718289949999999919e+02 3.199590150000000222e+02
1.567689970000000130e+02 2.917090150000000222e+02
2.128739930000000129e+02 2.601749879999999848e+02
1.624389950000000056e+02 3.304020080000000235e+02
9.808000199999999325e+01 2.842470089999999914e+02
1.378060000000000116e+02 2.403529969999999878e+02
1.788600010000000111e+02 3.246839899999999943e+02
1.880570069999999987e+02 3.238250120000000152e+02
1.306820069999999987e+02 2.812349849999999947e+02
2.173760069999999871e+02 2.136450040000000001e+02
1.353639980000000094e+02 2.674809880000000248e+02
2.178619999999999948e+02 2.980060119999999984e+02
9.318800400000000650e+01 2.279219970000000046e+02
1.883930049999999881e+02 2.468060000000000116e+02
1.609380040000000065e+02 2.593030089999999745e+02
1.259680019999999985e+02 3.180299989999999752e+02
1.884629970000000014e+02 2.492449949999999887e+02
1.952230069999999955e+02 2.593030089999999745e+02
9.763200399999999490e+01 2.460500030000000038e+02
1.493320009999999911e+02 3.220960079999999834e+02
1.772920070000000123e+02 2.780629880000000185e+02
1.060100020000000001e+02 2.631300049999999828e+02
1.579519960000000083e+02 2.920150150000000053e+02
1.892140049999999860e+02 2.655549930000000245e+02
9.899800100000000214e+01 2.752149959999999851e+02
1.977200009999999963e+02 2.599169919999999934e+02
2.331730039999999917e+02 2.564870000000000232e+02
1.534210050000000081e+02 2.711019900000000007e+02
1.054089969999999994e+02 2.698959960000000251e+02
1.654470059999999876e+02 2.657730099999999993e+02
1.313090060000000108e+02 2.643879999999999768e+02
2.423589939999999956e+02 2.705450129999999831e+02
1.998650049999999965e+02 2.501719970000000046e+02
1.952400049999999965e+02 2.814179990000000089e+02
1.805359950000000140e+02 2.836279910000000086e+02
1.936410060000000044e+02 3.262219850000000179e+02
1.987239989999999921e+02 2.606549989999999752e+02
1.720220030000000122e+02 2.557440029999999922e+02
1.285579989999999952e+02 2.367449949999999887e+02
1.700070039999999949e+02 2.654460139999999910e+02
1.424940029999999922e+02 3.366499939999999924e+02
1.234899979999999999e+02 2.860329899999999839e+02
1.022870029999999986e+02 2.726969910000000255e+02
1.090139999999999958e+02 2.975360109999999736e+02
2.354779969999999878e+02 2.529830019999999990e+02
1.739989930000000129e+02 3.111409909999999854e+02
2.089360049999999944e+02 2.637749939999999924e+02
1.443240049999999997e+02 2.742619930000000181e+02
1.461860049999999944e+02 2.690239869999999769e+02
2.170989989999999921e+02 2.659939880000000016e+02
1.963919980000000010e+02 2.780100100000000225e+02
1.819850010000000111e+02 2.601579899999999839e+02
2.072489930000000129e+02 2.824089969999999994e+02
1.576490019999999959e+02 3.254010010000000079e+02
1.594609989999999868e+02 2.728710019999999759e+02
1.612100069999999903e+02 2.682390139999999974e+02
1.397940059999999960e+02 2.317259980000000041e+02
9.106400299999999959e+01 2.660220029999999838e+02
1.715110019999999906e+02 2.819930110000000241e+02
2.308750000000000000e+02 2.470449979999999925e+02
1.746820069999999987e+02 3.303179930000000013e+02
2.399770049999999912e+02 2.740360109999999736e+02
2.413860019999999906e+02 2.579549870000000169e+02
1.458970030000000122e+02 3.285580140000000142e+02
2.127079929999999877e+02 2.662330019999999990e+02
1.647799990000000037e+02 2.726340030000000070e+02
1.885449979999999925e+02 2.580679930000000013e+02
1.254609990000000010e+02 3.315719910000000255e+02
1.254869999999999948e+02 2.592460019999999759e+02
1.290440059999999960e+02 2.236679990000000089e+02
1.866060029999999870e+02 2.688059999999999832e+02
1.582339939999999956e+02 3.169419859999999858e+02
1.751470030000000122e+02 2.670350040000000149e+02
1.697740019999999959e+02 3.346619870000000105e+02
1.321549990000000037e+02 2.886809999999999832e+02
1.317929990000000089e+02 2.866960139999999910e+02
1.518970030000000122e+02 3.245719910000000255e+02
1.035559999999999974e+02 2.815790099999999825e+02
2.163189999999999884e+02 2.891379999999999768e+02
1.782899930000000097e+02 3.081990049999999997e+02
1.682830050000000028e+02 2.579500120000000152e+02
1.661369929999999897e+02 3.242520139999999742e+02
1.261969990000000053e+02 2.907999879999999848e+02
1.751649930000000097e+02 2.729630129999999895e+02
1.880310059999999908e+02 3.300140079999999898e+02
1.412030029999999954e+02 2.869989929999999845e+02
2.415720059999999876e+02 2.525079959999999915e+02
1.587129970000000014e+02 3.343410030000000006e+02
2.164969940000000008e+02 2.447969970000000046e+02
1.010869979999999941e+02 2.869899899999999775e+02
1.871519930000000045e+02 3.312290039999999749e+02
1.147720029999999980e+02 2.910509950000000003e+02
2.215149989999999889e+02 2.499129939999999976e+02
2.356029969999999878e+02 2.774809880000000248e+02
2.167819979999999873e+02 2.563930050000000165e+02
1.855749969999999962e+02 2.740450129999999831e+02
2.356759950000000003e+02 2.626099849999999947e+02
1.351970059999999876e+02 2.547469940000000008e+02
1.830970000000000084e+02 3.215169980000000010e+02
1.892630000000000052e+02 2.723649899999999775e+02
