9.030699900000000468e+01 7.348600000000000421e+01
8.478600299999999379e+01 1.587920070000000123e+02
9.080799899999999525e+01 1.515709990000000005e+02
9.983999599999999930e+01 1.138580019999999990e+02
4.734799999999999898e+01 1.730269930000000045e+02
4.234999799999999937e+01 1.546360019999999906e+02
1.102730030000000028e+02 1.489510040000000117e+02
7.524199699999999780e+01 1.828110049999999944e+02
2.965399899999999889e+01 9.483299999999999841e+01
5.914500000000000313e+01 1.346649930000000097e+02
5.075899900000000287e+01 8.245200300000000482e+01
1.024550019999999932e+02 1.629980009999999879e+02
3.099200099999999836e+01 1.715209959999999967e+02
5.285200100000000134e+01 5.133299999999999841e+01
6.831600199999999745e+01 1.524040070000000071e+02
8.997899599999999509e+01 9.988999900000000309e+01
4.038100099999999770e+01 1.480679930000000013e+02
1.199889979999999952e+02 9.121700300000000539e+01
6.655599999999999739e+01 1.737189940000000092e+02
1.089830019999999990e+02 8.151000200000000007e+01
6.790699800000000153e+01 9.061100000000000421e+01
4.011200000000000188e+01 1.480110019999999906e+02
2.400900100000000137e+01 1.077669980000000010e+02
6.899800100000000214e+01 4.410599899999999707e+01
5.722399899999999917e+01 7.779900399999999649e+01
6.565000200000000063e+01 1.052920000000000016e+02
7.862200199999999484e+01 9.277700000000000102e+01
8.495600100000000054e+01 1.635970000000000084e+02
5.703099799999999675e+01 1.707270049999999912e+02
3.281000099999999975e+01 1.701119999999999948e+02
3.523599999999999710e+01 1.763639980000000094e+02
5.844500000000000028e+01 1.466399989999999889e+02
3.991199900000000156e+01 1.505130000000000052e+02
2.146199999999999974e+01 7.729399899999999946e+01
9.796800199999999847e+01 2.937000099999999847e+01
4.145900000000000318e+01 7.405899800000000255e+01
2.816300000000000026e+01 1.043779980000000052e+02
5.369599900000000048e+01 1.403329929999999877e+02
5.621600000000000108e+01 1.399179990000000089e+02
5.850099900000000019e+01 1.525899960000000135e+02
1.154860000000000042e+02 1.770850069999999903e+02
3.054999899999999968e+01 2.009380040000000065e+02
7.026000200000000007e+01 9.016799899999999468e+01
9.341999800000000675e+01 1.530679930000000013e+02
9.722899599999999509e+01 1.670760040000000117e+02
9.203500400000000070e+01 1.060780029999999954e+02
7.007199900000000525e+01 2.195590060000000108e+02
2.891099900000000034e+01 9.931500200000000689e+01
7.260299700000000200e+01 4.936399800000000226e+01
4.447700100000000134e+01 1.021269989999999979e+02
1.054530029999999954e+02 1.494279940000000124e+02
1.051579969999999946e+02 1.814400019999999927e+02
6.171400100000000322e+01 6.972699699999999723e+01
6.555000300000000379e+01 8.011399799999999516e+01
3.211700100000000191e+01 1.092170030000000054e+02
9.034300199999999847e+01 7.032499699999999621e+01
9.623699999999999477e+01 1.860290070000000071e+02
3.841199900000000156e+01 1.028860020000000048e+02
3.745799999999999841e+01 1.400529940000000124e+02
1.079940030000000064e+02 7.505799899999999525e+01
4.477399799999999885e+01 1.605130000000000052e+02
6.562799800000000516e+01 7.613099699999999359e+01
4.756399900000000258e+01 8.739199800000000096e+01
1.230009989999999931e+02 1.929420010000000048e+02
2.986300100000000057e+01 1.582810059999999908e+02
1.141659999999999968e+02 6.858699799999999414e+01
3.342800100000000185e+01 1.380689999999999884e+02
1.142030029999999954e+02 1.739019930000000045e+02
1.132460020000000043e+02 6.909200300000000539e+01
7.704499800000000675e+01 1.649149930000000097e+02
7.789600400000000491e+01 1.663560029999999870e+02
2.480999900000000125e+01 1.614230039999999917e+02
1.135339969999999994e+02 1.121460040000000049e+02
1.032129970000000014e+02 1.770540009999999995e+02
7.159799999999999898e+01 1.024150010000000037e+02
2.687299900000000008e+01 1.703549959999999999e+02
8.722199999999999420e+01 1.573350069999999903e+02
7.682800299999999538e+01 1.532100069999999903e+02
4.176699800000000096e+01 1.794080050000000028e+02
1.058720019999999948e+02 7.686499799999999993e+01
8.408599900000000105e+01 1.767859950000000140e+02
6.508999599999999930e+01 1.679479980000000126e+02
5.747600200000000115e+01 1.757230069999999955e+02
3.272299999999999898e+01 8.638899999999999579e+01
4.441400099999999895e+01 1.813930049999999881e+02
5.467300000000000182e+01 7.675299800000000516e+01
7.716700000000000159e+01 1.695449979999999925e+02
1.113089980000000025e+02 1.628090060000000108e+02
2.293700000000000117e+01 1.564230039999999917e+02
4.675799899999999809e+01 1.631640010000000132e+02
6.477800000000000580e+01 8.407399700000000564e+01
6.784999799999999937e+01 7.364399699999999882e+01
1.027580030000000022e+02 1.614159999999999968e+02
9.688099699999999359e+01 7.736399799999999516e+01
3.002499999999999858e+01 9.705899800000000255e+01
7.599299600000000510e+01 1.444850010000000111e+02
1.004100040000000007e+02 9.790499900000000366e+01
1.794800000000000040e+01 1.715079959999999915e+02
2.140899999999999892e+01 1.813890079999999898e+02
8.327500200000000063e+01 9.781300400000000650e+01
5.978099799999999675e+01 7.636699699999999780e+01
2.319700100000000020e+01 1.603739930000000129e+02
1.101989970000000056e+02 1.817510069999999871e+02
7.832199900000000525e+01 1.473659969999999930e+02
3.554700100000000162e+01 7.158899700000000621e+01
1.043469999999999942e+02 1.756109920000000102e+02
1.703200000000000003e+01 7.365899699999999939e+01
1.202409969999999930e+02 1.556519930000000045e+02
7.079900399999999649e+01 2.328459929999999929e+02
8.569699900000000525e+01 1.709340060000000108e+02
4.161999899999999997e+01 1.654170070000000123e+02
2.776399999999999935e+01 1.812200009999999963e+02
5.898500099999999691e+01 7.288800000000000523e+01
4.966899899999999946e+01 8.705599999999999739e+01
4.921500000000000341e+01 1.074919969999999978e+02
1.026080019999999990e+02 1.664389950000000056e+02
8.537200199999999484e+01 1.677909999999999968e+02
3.220700099999999821e+01 1.383209990000000005e+02
1.075289989999999989e+02 1.132559969999999936e+02
3.317999999999999972e+01 1.747550050000000113e+02
6.876699800000000096e+01 2.125800020000000075e+02
3.727500200000000063e+01 1.115230030000000028e+02
1.089879990000000021e+02 1.676999969999999962e+02
9.150399799999999573e+01 1.705209959999999967e+02
1.129280009999999947e+02 1.717799990000000037e+02
8.379499800000000675e+01 1.630249939999999924e+02
3.692300000000000182e+01 8.075800300000000220e+01
2.710399999999999920e+01 1.791990049999999997e+02
7.975000000000000000e+01 1.567319950000000119e+02
9.818399800000000255e+01 9.722499799999999937e+01
7.691999800000000675e+01 1.669019930000000045e+02
9.932900200000000268e+01 7.456600199999999745e+01
1.157949980000000068e+02 1.458639980000000094e+02
1.115380020000000059e+02 1.092170030000000054e+02
1.002320019999999943e+02 1.635279999999999916e+02
7.649800100000000214e+01 1.630299990000000037e+02
3.113800000000000168e+01 1.936459959999999967e+02
7.148999799999999993e+01 1.090960010000000011e+02
1.129280009999999947e+02 1.707790070000000071e+02
1.102379990000000021e+02 1.633000030000000038e+02
4.082600000000000051e+01 1.597969970000000046e+02
1.417900000000000027e+01 1.306589969999999994e+02
3.855499999999999972e+01 1.123720019999999948e+02
8.515100099999999372e+01 1.421790009999999995e+02
2.842900099999999952e+01 1.627740019999999959e+02
7.959200300000000539e+01 7.639700299999999800e+01
4.748599999999999710e+01 2.107420040000000085e+02
5.123500099999999691e+01 1.666970059999999876e+02
3.736399800000000226e+01 8.542500300000000379e+01
6.957900200000000268e+01 9.958999599999999930e+01
1.173340000000000032e+02 8.500299800000000516e+01
9.908299999999999841e+01 9.562300100000000214e+01
5.468199899999999758e+01 1.803580019999999990e+02
1.083840030000000070e+02 8.564900199999999586e+01
1.059940030000000064e+02 8.168900299999999959e+01
1.024150010000000037e+02 8.726799800000000573e+01
1.002990039999999965e+02 5.507199899999999815e+01
8.021199799999999414e+01 1.739040070000000071e+02
8.814900199999999586e+01 1.617010040000000117e+02
4.690999999999999659e+01 9.300800300000000220e+01
3.253799800000000175e+01 2.987400099999999981e+01
2.041099900000000034e+01 1.635429990000000089e+02
5.884100000000000108e+01 1.072440030000000064e+02
3.966199900000000156e+01 1.643139950000000056e+02
7.030799899999999525e+01 1.441329959999999915e+02
8.683499899999999627e+01 1.610379939999999976e+02
9.686799600000000510e+01 8.846399700000000621e+01
1.167030029999999954e+02 1.543159939999999892e+02
7.055400099999999952e+01 1.383309940000000040e+02
5.411099999999999710e+01 1.091250000000000000e+02
7.153800200000000586e+01 8.582199900000000525e+01
4.010699799999999726e+01 1.088209990000000005e+02
3.390399899999999889e+01 7.558400000000000318e+01
9.629599799999999732e+01 4.041799900000000179e+01
8.887999700000000303e+01 1.468200070000000039e+02
6.790599799999999675e+01 9.448799900000000207e+01
8.870600100000000054e+01 1.766849980000000073e+02
6.474400300000000641e+01 1.583309940000000040e+02
8.465000200000000063e+01 9.160600300000000118e+01
3.612699899999999786e+01 1.945130000000000052e+02
6.891500100000000373e+01 8.727700000000000102e+01
1.494299999999999962e+01 1.099860000000000042e+02
8.333299999999999841e+01 1.517500000000000000e+02
6.784200300000000539e+01 3.291899899999999946e+01
3.678900099999999895e+01 9.744899700000000564e+01
2.653200000000000003e+01 1.696710050000000081e+02
3.666599999999999682e+01 1.653979950000000088e+02
1.026460040000000049e+02 1.601329959999999915e+02
4.786299900000000207e+01 1.487369999999999948e+02
6.693000000000000682e+01 1.614629970000000014e+02
1.067129970000000014e+02 1.585679930000000013e+02
2.154000100000000018e+01 9.642500300000000379e+01
3.212400099999999981e+01 1.698350069999999903e+02
6.797599800000000414e+01 1.575700070000000039e+02
2.035500000000000043e+01 7.544699900000000525e+01
7.397799700000000200e+01 1.007939989999999995e+02
4.401900100000000293e+01 1.832539979999999957e+02
9.681199599999999350e+01 1.397250060000000076e+02
9.579000100000000373e+01 1.736799929999999961e+02
1.093679960000000051e+02 1.745090030000000070e+02
5.811600099999999713e+01 2.386799929999999961e+02
2.925000000000000000e+01 1.109940030000000064e+02
1.126399990000000031e+02 1.747949979999999925e+02
6.671199799999999414e+01 1.531699979999999925e+02
3.900099900000000019e+01 7.847299999999999898e+01
2.050799900000000164e+01 1.043300019999999932e+02
3.666199900000000156e+01 1.043690030000000064e+02
9.484200300000000539e+01 1.352039949999999919e+02
8.896600300000000061e+01 1.768000030000000038e+02
1.043899990000000031e+02 1.394869999999999948e+02
2.912099999999999866e+01 1.467220000000000084e+02
3.485900099999999924e+01 1.029329989999999952e+02
1.006169969999999978e+02 1.591439970000000130e+02
3.126199899999999943e+01 2.271150049999999965e+02
1.063190000000000026e+02 7.672399900000000628e+01
3.278300099999999873e+01 6.960900100000000634e+01
4.409199900000000127e+01 1.432310029999999870e+02
3.594500000000000028e+01 1.775619959999999935e+02
7.644499999999999318e+01 7.688899999999999579e+01
9.003299699999999461e+01 1.599810029999999870e+02
1.072259980000000041e+02 1.111750030000000038e+02
2.783599999999999852e+01 1.446219940000000008e+02
5.079600099999999685e+01 1.673430020000000127e+02
1.110380020000000059e+02 1.934799959999999999e+02
3.209899899999999917e+01 1.430350039999999865e+02
1.007219999999999942e+02 9.327400199999999586e+01
6.469000200000000689e+01 7.636799600000000510e+01
8.331999999999999318e+01 8.942400399999999649e+01
5.990000200000000063e+01 1.505399930000000097e+02
7.652800000000000580e+01 1.643580019999999990e+02
2.703300099999999873e+01 1.648200070000000039e+02
4.583200099999999821e+01 8.448999799999999993e+01
7.746600300000000061e+01 1.079329989999999952e+02
9.920300299999999538e+01 9.612100200000000427e+01
1.180599979999999931e+02 1.692790070000000071e+02
2.012199999999999989e+01 1.123349989999999963e+02
3.933200099999999821e+01 1.660409999999999968e+02
4.559400200000000325e+01 1.730749969999999962e+02
1.149280009999999947e+02 1.716889950000000056e+02
1.057119979999999941e+02 1.645749969999999962e+02
6.684699999999999420e+01 1.510709990000000005e+02
4.745399900000000315e+01 1.404029999999999916e+02
9.193499799999999311e+01 1.119619979999999941e+02
1.139729999999999990e+02 7.892800099999999475e+01
7.504200000000000159e+01 7.791799899999999468e+01
7.991300200000000586e+01 1.587109989999999868e+02
8.047000099999999634e+01 9.903700299999999856e+01
1.096279980000000052e+02 1.692760010000000079e+02
4.087599900000000019e+01 1.393329929999999877e+02
2.536700099999999836e+01 1.631950070000000039e+02
7.168699599999999350e+01 1.293459929999999929e+02
1.005660019999999975e+02 8.718399800000000255e+01
1.075940020000000032e+02 1.092289959999999951e+02
1.179629970000000014e+02 8.638700099999999793e+01
7.330000300000000379e+01 1.509790040000000033e+02
9.631800099999999532e+01 6.827800000000000580e+01
4.511399800000000226e+01 1.069499969999999962e+02
4.322299999999999898e+01 2.257929990000000089e+02
8.745799999999999841e+01 1.620440059999999960e+02
3.281199999999999761e+01 9.827400199999999586e+01
1.105599979999999931e+02 1.118539959999999951e+02
1.125280000000000058e+02 1.433000030000000038e+02
1.164459990000000005e+02 8.809899900000000628e+01
1.084940030000000064e+02 1.417389980000000094e+02
5.735100200000000115e+01 1.449579929999999877e+02
3.515499899999999656e+01 7.701200099999999793e+01
7.037899799999999573e+01 1.040739970000000056e+02
9.412000000000000810e+00 1.816150049999999965e+02
9.539700299999999800e+01 8.982800299999999538e+01
8.744499999999999318e+01 6.878299699999999461e+01
7.289499700000000360e+01 1.739069979999999873e+02
1.962000099999999847e+01 1.029290009999999995e+02
9.828299699999999461e+01 1.027890009999999990e+02
7.211399799999999516e+01 1.790249939999999924e+02
8.116799899999999468e+01 7.087799800000000516e+01
6.610900100000000634e+01 1.575980069999999955e+02
5.495500200000000035e+01 1.014459990000000005e+02
7.999199699999999780e+01 1.059329989999999952e+02
1.008030009999999947e+02 1.701580050000000028e+02
1.195599979999999931e+02 1.382120060000000024e+02
5.319599900000000048e+01 8.379399899999999946e+01
8.441000000000000725e+00 1.005289989999999989e+02
1.140810010000000005e+02 1.765579989999999952e+02
6.735399599999999509e+01 1.013119959999999935e+02
2.835500000000000043e+01 1.772120060000000024e+02
1.099380040000000065e+02 1.468789979999999957e+02
6.376599900000000076e+01 1.402850039999999865e+02
6.858899700000000621e+01 7.246900200000000325e+01
7.947399900000000628e+01 1.764029999999999916e+02
1.180589980000000025e+02 1.003280029999999954e+02
6.385300099999999901e+01 9.395500199999999325e+01
9.545600100000000054e+01 1.495560000000000116e+02
3.962300100000000214e+01 1.023499979999999994e+02
2.487999900000000153e+01 1.788090060000000108e+02
6.515200000000000102e+01 8.744499999999999318e+01
6.755300099999999475e+01 1.757250060000000076e+02
1.174290009999999995e+02 1.120380020000000059e+02
1.057949980000000068e+02 1.811620029999999986e+02
7.718399800000000255e+01 1.543860019999999906e+02
1.043010029999999944e+02 7.323300199999999904e+01
1.104970019999999948e+02 1.644299929999999961e+02
2.293899899999999903e+01 8.875599699999999359e+01
6.948500099999999691e+01 1.105849989999999963e+02
8.322699699999999723e+01 1.556230009999999879e+02
7.001000000000000334e+00 1.340850069999999903e+02
3.151199899999999943e+01 1.302610019999999906e+02
2.432300000000000040e+01 7.266899899999999946e+01
4.036299900000000207e+01 1.722929990000000089e+02
3.027700000000000102e+01 7.437200199999999484e+01
6.001200099999999793e+01 1.413229980000000126e+02
1.073980030000000028e+02 9.272100100000000111e+01
5.849399900000000230e+01 1.560769960000000083e+02
2.179899999999999949e+01 2.262799990000000037e+02
2.794700100000000020e+01 1.737449949999999887e+02
1.139229969999999952e+02 1.520890049999999860e+02
7.406700100000000475e+01 1.444329989999999952e+02
8.542400399999999649e+01 1.392140049999999860e+02
1.255930019999999985e+02 1.795240019999999959e+02
2.086700099999999836e+01 1.674550020000000075e+02
5.655099899999999735e+01 1.488079989999999952e+02
4.614799899999999866e+01 9.608899700000000621e+01
1.804299899999999823e+01 9.725399799999999573e+01
1.238550029999999964e+02 1.674629970000000014e+02
1.016679989999999947e+02 1.689049990000000037e+02
3.039199999999999946e+01 1.803529969999999878e+02
1.168209990000000005e+02 6.928299699999999461e+01
2.172699899999999928e+01 7.101300000000000523e+01
9.791200299999999856e+01 1.557500000000000000e+02
9.550399799999999573e+01 1.575549929999999961e+02
8.370600100000000054e+01 7.295799999999999841e+01
9.315399899999999889e+01 1.835440059999999960e+02
6.270100000000000051e+01 1.026409989999999937e+02
6.113299899999999809e+01 1.018509980000000041e+02
6.588600200000000484e+01 1.773189999999999884e+02
9.960900100000000634e+01 1.518939970000000130e+02
8.114299800000000573e+01 9.221800199999999847e+01
7.644100199999999745e+01 8.260099800000000414e+01
2.835199899999999928e+01 2.110279999999999916e+02
3.285800199999999904e+01 2.835000000000000142e+01
9.458999599999999930e+01 1.750449979999999925e+02
3.678499999999999659e+01 1.800359950000000140e+02
4.870299899999999838e+01 8.108999599999999930e+01
3.388299899999999809e+01 1.767989959999999883e+02
4.550500100000000003e+01 1.701130070000000103e+02
8.304000100000000373e+01 1.593009950000000003e+02
1.032009960000000035e+02 1.747630000000000052e+02
1.024950029999999970e+02 7.678199800000000153e+01
9.430300099999999475e+01 1.827980039999999917e+02
1.761799999999999855e+01 7.670700100000000532e+01
9.608400000000000318e+01 1.869420010000000048e+02
6.715599799999999675e+01 9.801100200000000484e+01
8.996800199999999847e+01 7.922100100000000111e+01
6.811100000000000421e+01 8.508400000000000318e+01
8.173600000000000421e+01 9.184699999999999420e+01
1.065059969999999936e+02 1.699989930000000129e+02
1.089199980000000068e+02 7.547100100000000111e+01
9.780599999999999739e+01 5.353599899999999678e+01
3.307400100000000265e+01 9.642299699999999518e+01
9.627600099999999372e+01 1.818589939999999956e+02
5.944400000000000261e+01 9.322599800000000414e+01
3.768899900000000258e+01 1.473690029999999922e+02
2.881899999999999906e+01 8.114299800000000573e+01
1.074889979999999952e+02 8.346099900000000105e+01
1.150589980000000025e+02 7.058799700000000144e+01
5.991899899999999946e+01 1.687279969999999878e+02
6.899600200000000427e+01 1.533170010000000048e+02
7.244799799999999834e+01 1.531009980000000041e+02
7.473000299999999640e+01 1.058529970000000020e+02
3.233200099999999821e+01 9.607599600000000351e+01
3.867599899999999735e+01 1.732819979999999873e+02
2.435099999999999909e+01 1.521569979999999873e+02
4.380599999999999739e+01 1.397480009999999879e+02
2.804999899999999968e+01 8.091500100000000373e+01
1.167979969999999952e+02 6.287400099999999981e+01
1.123020020000000017e+02 1.025179980000000057e+02
5.882300200000000245e+01 1.734439999999999884e+02
6.789199800000000096e+01 1.382369999999999948e+02
1.861899899999999874e+01 9.661499799999999993e+01
3.770900000000000318e+01 1.104449999999999932e+02
7.442099799999999732e+01 1.655489959999999883e+02
7.299099699999999302e+01 1.437380070000000103e+02
8.533699799999999414e+01 1.094869999999999948e+02
5.086099999999999710e+01 1.388930049999999881e+02
3.754600099999999685e+01 1.559179990000000089e+02
4.444599900000000048e+01 1.428820039999999949e+02
6.472699699999999723e+01 7.309100300000000061e+01
1.173010029999999944e+02 1.122720029999999980e+02
5.664099900000000076e+01 9.817299699999999518e+01
3.981199999999999761e+01 1.429429930000000013e+02
4.965299999999999869e+01 1.477649989999999889e+02
8.688400300000000698e+01 1.792729950000000088e+02
9.722799700000000200e+01 3.979800000000000182e+01
1.032929989999999947e+02 1.645209959999999967e+02
6.415000200000000063e+01 1.389159999999999968e+02
9.156600199999999745e+01 7.221199799999999414e+01
6.590899699999999939e+01 1.042689969999999988e+02
2.119099999999999895e+01 9.017500300000000379e+01
2.750600100000000126e+01 8.850399799999999573e+01
5.409400200000000325e+01 6.893000000000000682e+01
6.989399699999999882e+01 1.828970030000000122e+02
2.735000000000000142e+01 9.852700000000000102e+01
1.202009960000000035e+02 1.816399989999999889e+02
3.325500100000000003e+01 2.245079959999999915e+02
1.086969990000000053e+02 9.229499800000000675e+01
9.788600200000000484e+01 1.558090060000000108e+02
5.736600099999999713e+01 1.108799970000000030e+02
7.358599900000000105e+01 7.290599799999999675e+01
9.044499999999999318e+01 1.441529999999999916e+02
4.266199900000000156e+01 1.769089969999999994e+02
1.196999969999999962e+02 1.678480069999999955e+02
5.446300099999999844e+01 7.022399900000000628e+01
6.791899899999999946e+01 1.830319979999999873e+02
2.989300000000000068e+01 9.271299700000000144e+01
3.156500099999999875e+01 1.784880070000000103e+02
1.128960040000000049e+02 1.549980009999999879e+02
3.286200000000000188e+01 2.295229950000000088e+02
3.124200099999999836e+01 8.526899699999999882e+01
8.938500200000000007e+01 7.970200300000000482e+01
4.504399899999999946e+01 9.623699999999999477e+01
7.108100100000000054e+01 8.390100099999999372e+01
3.186499999999999844e+01 1.019049990000000037e+02
9.393399800000000255e+01 1.037600020000000001e+02
1.177580030000000022e+02 1.524839939999999956e+02
6.661900300000000641e+01 1.675919949999999972e+02
8.278199800000000153e+01 1.609940029999999922e+02
1.078280029999999954e+02 1.837640079999999898e+02
2.784100000000000108e+01 1.928130040000000065e+02
2.005199999999999960e+01 1.484600069999999903e+02
9.393900299999999959e+01 1.013020020000000017e+02
3.143700000000000117e+01 2.093619999999999948e+02
1.037330019999999990e+02 1.479940029999999922e+02
3.272899999999999920e+01 9.102200299999999800e+01
3.650899900000000287e+01 1.389770049999999912e+02
9.347499799999999937e+01 7.690000200000000063e+01
7.211699699999999780e+01 1.458520049999999912e+02
2.818700000000000117e+01 1.134079969999999946e+02
3.587900199999999984e+01 1.740299990000000037e+02
4.277199900000000099e+01 1.107679980000000057e+02
1.073990019999999959e+02 8.351699800000000096e+01
3.246900200000000325e+01 5.455499999999999972e+01
1.140889970000000062e+02 8.727200299999999800e+01
1.003960040000000049e+02 1.660440059999999960e+02
6.561699699999999780e+01 1.552799990000000037e+02
2.592299999999999827e+01 7.078800200000000586e+01
3.286700100000000191e+01 1.794179990000000089e+02
1.002289959999999951e+02 1.719210050000000081e+02
3.286000099999999691e+01 2.279190059999999960e+02
3.500699999999999790e+01 9.012100200000000427e+01
1.071859970000000004e+02 1.096620029999999986e+02
1.093209990000000005e+02 1.380939940000000092e+02
6.890200000000000102e+01 1.394559940000000040e+02
3.017600099999999941e+01 1.636560059999999908e+02
1.023600009999999969e+02 1.710729980000000126e+02
6.350000000000000000e+01 8.941100299999999379e+01
6.798100300000000118e+01 9.965799699999999461e+01
3.823199799999999726e+01 8.927500200000000063e+01
1.061299999999999955e+01 2.200700070000000039e+02
8.012000299999999697e+01 4.859799999999999898e+01
7.341400099999999895e+01 8.717900099999999952e+01
3.813499800000000306e+01 8.159200300000000539e+01
7.024700199999999484e+01 1.071989970000000056e+02
1.121800000000000068e+02 1.120979999999999990e+02
6.551000200000000007e+01 6.893599700000000041e+01
8.860199699999999723e+01 1.015409999999999968e+02
5.256600199999999745e+01 1.011009980000000041e+02
3.304499799999999965e+01 1.829920040000000085e+02
1.120159989999999937e+02 8.465499900000000366e+01
8.752200299999999800e+01 1.833919980000000010e+02
9.259300199999999847e+01 9.100900300000000698e+01
2.957099900000000048e+01 1.390599980000000073e+02
3.077300100000000072e+01 1.820509950000000003e+02
4.424900099999999981e+01 1.515820009999999911e+02
9.167299699999999518e+01 1.107819980000000015e+02
2.049200099999999836e+01 1.178479999999999990e+02
5.762099800000000016e+01 2.041139980000000094e+02
9.081700100000000475e+01 7.477999900000000366e+01
1.198109970000000004e+02 1.632090000000000032e+02
7.768099999999999739e+01 1.626759950000000003e+02
1.225920030000000054e+02 1.818639980000000094e+02
2.137700099999999992e+01 1.686430049999999881e+02
1.081380000000000052e+02 1.717090000000000032e+02
2.924200099999999836e+01 1.829310000000000116e+02
1.246400000000000041e+01 1.307010040000000117e+02
5.915000200000000063e+01 1.137360000000000042e+02
1.083160019999999975e+02 1.495650019999999927e+02
1.007079999999999984e+02 7.199199699999999780e+01
9.444000000000000838e+00 3.606199999999999761e+01
6.862000299999999697e+01 3.587799799999999806e+01
6.299900099999999981e+01 1.418750000000000000e+02
5.081000099999999975e+01 1.130599979999999931e+02
1.059820019999999943e+02 1.821869959999999935e+02
6.552700000000000102e+01 1.617310029999999870e+02
3.800600099999999770e+01 1.736699979999999925e+02
1.037450029999999970e+02 9.949700199999999484e+01
1.071809999999999974e+02 1.647239989999999921e+02
6.752999900000000366e+01 1.673079989999999952e+02
7.325099899999999309e+01 1.591100010000000111e+02
1.980299899999999980e+01 1.484779969999999878e+02
3.216899899999999946e+01 9.205699900000000468e+01
1.189929960000000051e+02 9.476399999999999579e+01
1.070210040000000049e+02 1.442559970000000078e+02
9.561299900000000207e+01 1.595299990000000037e+02
6.147100100000000111e+01 1.807010040000000117e+02
3.295799999999999841e+01 1.478880000000000052e+02
2.195100000000000051e+01 1.799980009999999879e+02
6.087699899999999786e+01 7.774800100000000214e+01
5.954299900000000179e+01 8.946499599999999930e+01
2.585500000000000043e+01 9.825099899999999309e+01
1.246900020000000069e+02 1.711549990000000037e+02
1.241770020000000017e+02 1.563999939999999924e+02
9.281800099999999532e+01 9.548799900000000207e+01
1.903399999999999892e+01 1.547319950000000119e+02
4.707699999999999818e+01 2.391790009999999995e+02
8.669699900000000525e+01 3.188899999999999935e+01
6.868000000000000682e+01 1.692359920000000102e+02
3.265599799999999675e+01 1.272360000000000042e+02
8.819200100000000475e+01 1.030019989999999979e+02
9.370900000000000318e+01 1.465220030000000122e+02
7.217700200000000166e+01 1.681519930000000045e+02
7.450299800000000516e+01 7.840699800000000153e+01
8.062799800000000516e+01 1.794660030000000006e+02
1.170940020000000032e+02 1.543359989999999868e+02
5.571200199999999825e+01 1.471109920000000102e+02
3.432699999999999818e+01 1.419179990000000089e+02
5.695000100000000032e+01 7.973000299999999640e+01
1.186340030000000070e+02 1.793880000000000052e+02
1.187360000000000042e+02 1.768040009999999995e+02
4.988999900000000309e+01 1.393509980000000041e+02
5.953200100000000106e+01 1.463890079999999898e+02
5.560599899999999707e+01 8.844499999999999318e+01
7.226999700000000360e+01 9.541899899999999946e+01
9.161299900000000207e+01 8.786900300000000641e+01
1.991500100000000018e+01 1.631840060000000108e+02
7.944699900000000525e+01 8.177999900000000366e+01
1.191740039999999965e+02 1.543739930000000129e+02
6.490499900000000366e+01 1.579239959999999883e+02
5.518899900000000258e+01 1.759819950000000119e+02
6.762500000000000000e+01 8.657099900000000048e+01
9.838099699999999359e+01 1.022969970000000046e+02
2.349500099999999847e+01 1.724320069999999987e+02
9.764700299999999800e+01 1.447200009999999963e+02
3.629999899999999968e+01 1.395709990000000005e+02
1.138150020000000069e+02 1.674799959999999999e+02
1.868300100000000086e+01 1.073840030000000070e+02
6.354899999999999949e+01 1.770899960000000135e+02
9.488099699999999359e+01 1.798880000000000052e+02
2.895599899999999849e+01 2.252669980000000010e+02
9.418299899999999525e+01 7.674800100000000214e+01
5.757300200000000245e+01 1.460059970000000078e+02
5.295500200000000035e+01 1.814290009999999995e+02
1.178750000000000000e+02 1.121910019999999975e+02
5.418199899999999758e+01 1.384199979999999925e+02
1.064889979999999952e+02 1.090520020000000017e+02
9.001599899999999366e+01 8.107199900000000525e+01
1.207239990000000063e+02 1.017839969999999994e+02
7.183799700000000144e+01 1.524590000000000032e+02
4.324599800000000016e+01 1.669609989999999868e+02
2.177899899999999889e+01 6.849500299999999697e+01
3.136300100000000057e+01 1.622839969999999994e+02
6.142699799999999755e+01 1.384570009999999911e+02
4.703499999999999659e+01 6.853800200000000586e+01
4.003300099999999873e+01 7.432499699999999621e+01
6.047399899999999917e+01 7.676100200000000484e+01
9.654599799999999732e+01 2.068079989999999952e+02
8.895999899999999627e+01 6.801200099999999793e+01
2.704500000000000171e+01 2.179360049999999944e+02
1.211579969999999946e+02 1.113190000000000026e+02
1.011370009999999979e+02 1.463280029999999954e+02
8.929699700000000462e+01 1.554909969999999930e+02
3.913299899999999809e+01 1.044980010000000021e+02
9.537999700000000303e+01 1.055199970000000036e+02
3.916599999999999682e+01 1.405549929999999961e+02
7.401000200000000007e+01 7.367099799999999732e+01
2.447100100000000111e+01 1.753780059999999992e+02
3.155999900000000125e+01 1.621719970000000046e+02
7.545799999999999841e+01 8.459600100000000111e+01
3.211299900000000207e+01 4.009100000000000108e+01
1.045749969999999962e+02 1.636499939999999924e+02
5.307400100000000265e+01 1.729380040000000065e+02
3.904999899999999968e+01 1.467230069999999955e+02
2.221600000000000108e+01 1.083489990000000063e+02
5.685800199999999904e+01 1.132070010000000053e+02
1.014329989999999952e+02 1.680420070000000123e+02
5.514300200000000274e+01 1.504259950000000003e+02
8.136599699999999302e+01 1.010029980000000052e+02
6.139500000000000313e+01 7.772499799999999937e+01
7.340799699999999461e+01 7.587599899999999309e+01
7.406600199999999745e+01 1.834250030000000038e+02
2.350400000000000134e+01 8.829099999999999682e+01
3.152100000000000080e+01 2.006179960000000051e+02
1.157870029999999986e+02 1.458370060000000024e+02
5.724700200000000194e+01 1.522830050000000028e+02
1.021510009999999937e+02 8.223300199999999904e+01
6.112699899999999786e+01 9.923000299999999640e+01
1.914199999999999946e+01 1.558090060000000108e+02
1.086019969999999972e+02 1.780910030000000006e+02
6.081900000000000261e+01 1.759320069999999987e+02
9.234699999999999420e+01 7.825000000000000000e+01
4.481100099999999742e+01 1.000059969999999936e+02
1.017109990000000010e+02 9.787899799999999573e+01
3.379700100000000162e+01 8.243699599999999350e+01
2.217200100000000162e+01 1.500489959999999883e+02
8.941500100000000373e+01 1.722160030000000006e+02
6.594499999999999318e+01 1.474929960000000051e+02
3.625699999999999790e+01 1.836979980000000126e+02
1.139110029999999938e+02 1.111829989999999952e+02
3.869599900000000048e+01 1.752239989999999921e+02
1.040110020000000048e+02 1.635359950000000140e+02
5.552899899999999889e+01 1.647760010000000079e+02
1.787099999999999866e+01 1.456100010000000111e+02
1.095729979999999983e+02 8.004099999999999682e+01
1.796199999999999974e+01 1.008050000000000068e+02
3.327600100000000083e+01 1.122259980000000041e+02
2.602899899999999889e+01 8.920300299999999538e+01
2.204599999999999937e+01 1.808260040000000117e+02
1.008590010000000063e+02 8.194799799999999834e+01
2.826300000000000168e+01 1.407680049999999881e+02
4.627199900000000099e+01 1.725610049999999944e+02
6.795999899999999627e+01 1.413350069999999903e+02
7.379200000000000159e+01 1.759839939999999956e+02
6.821399700000000621e+01 1.292279969999999878e+02
9.650399799999999573e+01 5.586800000000000210e+01
3.225299799999999806e+01 3.702600100000000083e+01
3.992100099999999685e+01 9.883000199999999325e+01
7.737000299999999697e+01 8.132599600000000351e+01
6.738500200000000007e+01 1.059260029999999944e+02
2.212400099999999981e+01 1.195500030000000038e+02
5.524499899999999997e+01 7.792500300000000379e+01
7.750000000000000000e+01 1.300330050000000028e+02
3.358499900000000338e+01 1.833730009999999879e+02
7.535600300000000118e+01 1.048300019999999932e+02
3.720199999999999818e+01 1.425050050000000113e+02
3.031699899999999914e+01 1.489900049999999965e+02
3.844800200000000245e+01 1.701829989999999952e+02
1.806699899999999914e+01 1.730549929999999961e+02
5.484899899999999917e+01 6.808100100000000054e+01
9.600900300000000698e+01 2.064519960000000083e+02
9.871600300000000061e+01 1.018329999999999984e+02
9.079699700000000462e+01 1.706069950000000119e+02
5.098700000000000188e+01 9.280799899999999525e+01
4.531700099999999765e+01 1.810560000000000116e+02
6.152399799999999885e+01 1.800630040000000065e+02
6.947499799999999937e+01 1.722299959999999999e+02
6.477899899999999889e+01 1.803569950000000119e+02
7.138300300000000220e+01 8.896099900000000105e+01
2.494300099999999887e+01 1.750899960000000135e+02
8.112899799999999573e+01 1.767909999999999968e+02
1.451299999999999990e+01 2.052140049999999860e+02
1.080599979999999931e+02 5.249499899999999997e+01
9.449900100000000691e+01 1.383410030000000006e+02
4.999200100000000191e+01 1.517810059999999908e+02
4.895299899999999838e+01 7.191000400000000070e+01
5.061299900000000207e+01 7.577200299999999800e+01
6.700700399999999490e+01 1.468130040000000065e+02
1.062330019999999990e+02 1.715800020000000075e+02
3.101300000000000168e+01 4.191500099999999662e+01
9.692099799999999732e+01 1.186039959999999951e+02
4.440800099999999873e+01 1.124950029999999970e+02
1.158119959999999935e+02 1.449530029999999954e+02
3.643299900000000235e+01 1.050869979999999941e+02
1.235660019999999975e+02 1.772239989999999921e+02
6.397299999999999898e+01 1.473930049999999881e+02
2.266900100000000151e+01 1.777330019999999990e+02
1.162180019999999985e+02 1.003840030000000070e+02
9.035299700000000200e+01 6.980500000000000682e+01
1.091449970000000036e+02 7.959200300000000539e+01
2.392699999999999960e+01 8.050399799999999573e+01
4.134799999999999898e+01 8.467400399999999649e+01
8.264199800000000096e+01 1.712200009999999963e+02
1.027279970000000020e+02 1.023509980000000041e+02
4.066599999999999682e+01 8.299600200000000427e+01
8.263200399999999490e+01 9.099299600000000510e+01
9.280400099999999952e+01 8.960900100000000634e+01
5.618899900000000258e+01 2.374109950000000140e+02
8.979900399999999649e+01 9.826000200000000007e+01
3.124099899999999863e+01 1.341889950000000056e+02
2.243799999999999883e+01 7.794599900000000048e+01
5.262200200000000194e+01 1.819159999999999968e+02
9.428199800000000153e+01 1.414600069999999903e+02
7.065000200000000063e+01 1.617380070000000103e+02
1.104309999999999974e+02 1.036269989999999979e+02
2.363999999999999879e+00 1.204759980000000041e+02
3.125499900000000153e+01 1.918350069999999903e+02
7.423600000000000421e+01 1.617359920000000102e+02
1.211979979999999983e+02 1.664949949999999887e+02
8.143000000000000682e+01 1.035660019999999975e+02
1.172229999999999990e+02 1.490930020000000127e+02
7.334300199999999847e+01 1.816979980000000126e+02
1.898300000000000054e+01 1.612740019999999959e+02
3.482799899999999838e+01 9.423899799999999516e+01
8.328500400000000070e+01 1.512579959999999915e+02
1.852899899999999889e+01 1.599640049999999860e+02
1.021790009999999995e+02 7.581900000000000261e+01
1.031159969999999930e+02 6.457599600000000351e+01
1.702599899999999877e+01 2.269559940000000040e+02
9.006600199999999745e+01 1.398800050000000113e+02
8.057800299999999538e+01 7.945500199999999325e+01
8.412799800000000516e+01 1.433670040000000085e+02
5.502700000000000102e+01 1.774060059999999908e+02
6.576599899999999366e+01 1.821820069999999987e+02
1.897100100000000111e+01 2.185149989999999889e+02
4.515200000000000102e+01 9.641500100000000373e+01
8.011100000000000421e+01 1.566439970000000130e+02
5.986800000000000210e+01 7.251100200000000484e+01
2.066099900000000034e+01 2.340570069999999987e+02
6.690899699999999939e+01 1.689479980000000126e+02
5.215000200000000063e+01 1.538899989999999889e+02
2.614399900000000088e+01 1.572890010000000132e+02
1.213109970000000004e+02 1.811309970000000078e+02
6.098300199999999904e+01 1.586380000000000052e+02
8.270500199999999325e+01 8.931900000000000261e+01
7.023500099999999691e+01 1.618060000000000116e+02
2.788699899999999943e+01 1.469409939999999892e+02
1.216579969999999946e+02 1.489669949999999972e+02
2.474500099999999847e+01 1.685480039999999917e+02
8.800599699999999359e+01 9.071499599999999930e+01
1.182500000000000000e+02 1.562630000000000052e+02
4.163399900000000287e+01 8.615799699999999461e+01
9.021099900000000105e+01 7.907099900000000048e+01
7.181300400000000650e+01 1.382059940000000040e+02
6.653900099999999895e+01 1.709100039999999865e+02
3.111700099999999836e+01 1.892339939999999956e+02
1.032649990000000031e+02 9.426799800000000573e+01
9.579499800000000675e+01 1.411519930000000045e+02
1.087450029999999970e+02 1.459929960000000051e+02
2.001600099999999927e+01 1.546439970000000130e+02
2.363500000000000156e+01 1.436219940000000008e+02
1.138130040000000065e+02 1.449920040000000085e+02
2.938200000000000145e+01 7.601200099999999793e+01
1.010820010000000053e+02 1.598029940000000124e+02
4.427700000000000102e+01 8.734999799999999937e+01
3.165899999999999892e+01 1.766250000000000000e+02
8.806999999999999318e+01 1.135339969999999994e+02
4.359500100000000344e+01 7.454200000000000159e+01
2.471900000000000119e+01 7.615799699999999461e+01
1.127969970000000046e+02 1.761170040000000085e+02
1.032229999999999990e+02 1.726810000000000116e+02
1.048720019999999948e+02 1.690650019999999927e+02
7.288400300000000698e+01 8.884999799999999937e+01
9.663400300000000698e+01 1.705209959999999967e+02
1.032269969999999972e+02 4.312200200000000194e+01
1.123690030000000064e+02 1.641920010000000048e+02
3.835699799999999726e+01 6.988200399999999490e+01
5.086800000000000210e+01 7.893900299999999959e+01
1.002590030000000070e+02 7.535299700000000200e+01
8.805200200000000166e+01 1.076090010000000063e+02
1.118440020000000032e+02 8.023400100000000634e+01
5.094300100000000242e+01 7.257299799999999834e+01
8.909899900000000628e+01 8.228099799999999675e+01
6.035100200000000115e+01 1.481810000000000116e+02
2.427100000000000080e+01 1.521929930000000013e+02
6.858699799999999414e+01 7.917199700000000462e+01
1.647200000000000131e+01 3.929299900000000179e+01
5.114899799999999885e+01 8.500499700000000303e+01
7.200599699999999359e+01 1.585560000000000116e+02
1.742699999999999960e+01 1.020329969999999946e+02
5.806100099999999742e+01 1.118980030000000028e+02
9.794000000000000483e+00 1.234719999999999942e+02
