1.850679930000000013e+02 2.709679869999999937e+02
7.798000000000000043e+00 3.353179930000000013e+02
1.692769930000000045e+02 4.715509950000000003e+02
3.233299999999999841e+01 2.747309880000000248e+02
2.867449950000000172e+02 4.737030030000000238e+02
2.374409939999999892e+02 4.031409909999999854e+02
2.737569889999999759e+02 2.709030149999999821e+02
2.201730039999999917e+02 4.657820130000000063e+02
3.375799899999999809e+01 4.606640009999999847e+02
3.471050109999999904e+02 3.637609860000000026e+02
1.247929989999999947e+02 3.487950129999999831e+02
3.477669980000000010e+02 4.042969969999999762e+02
3.473779910000000086e+02 2.726719969999999762e+02
6.615000000000000213e+00 3.553030089999999745e+02
3.481229860000000258e+02 4.306120000000000232e+02
3.412460019999999759e+02 4.720419919999999934e+02
2.005180049999999881e+02 4.035299989999999752e+02
3.452909849999999778e+02 3.762659909999999854e+02
3.456359860000000026e+02 2.717829899999999839e+02
2.348450009999999963e+02 2.836900019999999927e+02
1.797270049999999912e+02 3.783640139999999974e+02
2.722749939999999924e+02 4.457579959999999915e+02
7.970000000000000417e-01 2.900090030000000070e+02
2.264800100000000072e+01 3.018450010000000248e+02
1.534210050000000081e+02 2.711019900000000007e+02
1.022870029999999986e+02 2.726969910000000255e+02
1.181799999999999962e+01 4.297059939999999756e+02
1.182070010000000053e+02 4.699259950000000003e+02
6.935399599999999509e+01 2.760350040000000149e+02
2.614270020000000159e+02 4.670220029999999838e+02
7.183499899999999627e+01 4.684259950000000003e+02
1.824799959999999999e+02 4.708609920000000102e+02
1.938350069999999903e+02 2.739649959999999851e+02
1.659000000000000030e+00 2.949259950000000003e+02
2.909259950000000003e+02 4.020090030000000070e+02
3.213850100000000225e+02 4.514389949999999772e+02
3.341740110000000072e+02 3.803439940000000092e+02
7.420799999999999841e+01 2.745629880000000185e+02
1.769620060000000024e+02 4.006029970000000162e+02
1.786739959999999883e+02 2.841000060000000076e+02
3.037699890000000096e+02 3.233789980000000241e+02
1.162890009999999990e+02 2.987760010000000079e+02
5.192999999999999972e+01 2.794790039999999749e+02
2.955699900000000113e+01 4.573489989999999921e+02
9.990000000000000213e+00 4.009079899999999839e+02
1.177630000000000052e+02 4.324609990000000153e+02
1.933309940000000040e+02 2.837380069999999819e+02
1.133489990000000063e+02 3.757760010000000079e+02
2.554799959999999999e+02 2.860440060000000244e+02
1.383959959999999967e+02 2.711390079999999898e+02
3.473770139999999742e+02 4.218909909999999854e+02
2.096730039999999917e+02 4.419880069999999819e+02
7.001000000000000334e+00 3.406650089999999977e+02
1.728509980000000041e+02 4.389379880000000185e+02
1.959779969999999878e+02 4.037189940000000092e+02
1.774499969999999962e+02 4.399609990000000153e+02
1.232200009999999963e+02 3.387940060000000244e+02
1.173870009999999979e+02 3.890020139999999742e+02
3.482080080000000066e+02 2.812810059999999908e+02
1.950079959999999915e+02 3.223370059999999739e+02
3.469150089999999977e+02 2.725710139999999910e+02
1.175810010000000005e+02 2.995629880000000185e+02
3.476170040000000085e+02 3.703649899999999775e+02
3.478439940000000092e+02 3.106149899999999775e+02
3.449330140000000142e+02 4.313009950000000003e+02
2.410000000000000142e+00 3.775740049999999997e+02
6.320999999999999730e+00 3.858850100000000225e+02
2.870280149999999821e+02 4.642500000000000000e+02
2.356739959999999883e+02 4.043080140000000142e+02
2.162810059999999908e+02 4.037380069999999819e+02
7.685700199999999427e+01 4.206459960000000251e+02
3.333989869999999769e+02 4.567059939999999756e+02
1.124399999999999977e+01 3.647629999999999768e+02
3.125600100000000126e+01 2.832560119999999984e+02
2.281860049999999944e+02 4.042659909999999854e+02
2.167310029999999870e+02 2.844030149999999821e+02
1.256210020000000043e+02 3.236640009999999847e+02
1.280359950000000140e+02 3.609519960000000083e+02
6.746600300000000061e+01 2.768439940000000092e+02
3.214739989999999921e+02 3.831210019999999759e+02
3.019209900000000175e+02 2.710809939999999756e+02
2.430729980000000126e+02 4.541449890000000096e+02
2.748110050000000228e+02 2.708510130000000231e+02
1.948040009999999995e+02 3.251300049999999828e+02
1.798370060000000024e+02 2.840520020000000159e+02
7.436299900000000207e+01 3.163399959999999851e+02
3.481140139999999974e+02 2.753529970000000162e+02
1.941540070000000071e+02 2.837460019999999759e+02
5.840499899999999656e+01 3.323710019999999759e+02
2.000899960000000135e+02 4.425459900000000175e+02
3.455870059999999739e+02 4.060050049999999828e+02
1.371040040000000033e+02 2.716969910000000255e+02
9.714099899999999366e+01 3.040580140000000142e+02
3.163059999999999832e+02 4.497200010000000248e+02
1.653189999999999884e+02 4.670029910000000086e+02
3.357420040000000085e+02 4.516549989999999752e+02
1.710930020000000127e+02 4.386489869999999769e+02
1.166259989999999931e+02 2.985580140000000142e+02
1.385130000000000052e+02 3.742420040000000085e+02
3.430880129999999895e+02 4.319620059999999739e+02
9.529099999999999682e+01 4.248550109999999904e+02
1.081699980000000068e+02 2.712080080000000066e+02
1.794219970000000046e+02 3.769809880000000248e+02
1.768269960000000083e+02 2.715729979999999841e+02
1.258229979999999983e+02 3.286839899999999943e+02
8.022799700000000200e+01 4.153269960000000083e+02
1.526710050000000081e+02 4.457130129999999895e+02
3.466700129999999831e+02 4.134960019999999759e+02
3.042160030000000006e+02 4.396860050000000228e+02
2.298439940000000092e+02 4.041539920000000166e+02
1.579310000000000116e+02 4.381069949999999835e+02
3.054440000000000168e+02 3.246350100000000225e+02
1.730209959999999967e+02 4.005299989999999752e+02
3.192000120000000152e+02 3.993450010000000248e+02
2.337619929999999897e+02 4.434880069999999819e+02
1.850509950000000003e+02 2.716860050000000228e+02
1.720409999999999968e+02 2.861239929999999845e+02
2.965669859999999858e+02 4.026210019999999759e+02
1.342720030000000122e+02 2.914339899999999943e+02
1.252060010000000005e+02 3.469620059999999739e+02
8.581099700000000041e+01 2.737909849999999778e+02
2.983609920000000102e+02 4.031400150000000053e+02
2.985360109999999736e+02 4.407909849999999778e+02
3.176899900000000088e+01 4.538250120000000152e+02
2.110079959999999915e+02 4.062009889999999928e+02
2.316399989999999889e+02 2.729500120000000152e+02
8.298999999999999488e+00 3.538259889999999928e+02
2.828219910000000255e+02 4.418959960000000251e+02
1.113229979999999983e+02 2.715549930000000245e+02
2.837070009999999911e+02 3.973150019999999927e+02
1.727420040000000085e+02 3.047560119999999984e+02
1.871750030000000038e+02 3.156019900000000007e+02
2.341139980000000094e+02 4.501719969999999762e+02
1.943910060000000044e+02 3.633349910000000023e+02
3.454760130000000231e+02 3.261520080000000235e+02
1.837500000000000000e+01 3.146530149999999821e+02
3.087950129999999831e+02 3.795960079999999834e+02
5.940999999999999659e+01 2.809060059999999908e+02
1.259680019999999985e+02 3.180299989999999752e+02
1.366649930000000097e+02 3.721960139999999910e+02
3.482120059999999739e+02 2.809450069999999755e+02
5.281900000000000261e+01 4.036879880000000185e+02
3.458160100000000057e+02 3.700280149999999821e+02
3.243899900000000258e+01 2.830109860000000026e+02
8.743000000000000327e+00 3.389750060000000076e+02
1.782899930000000097e+02 3.081990049999999997e+02
3.286820069999999987e+02 2.720799870000000169e+02
1.645130000000000052e+02 4.376910100000000057e+02
1.473659969999999930e+02 3.791140139999999974e+02
1.892630000000000052e+02 2.723649899999999775e+02
3.452260130000000231e+02 3.063919980000000010e+02
2.038869929999999897e+02 4.406870119999999815e+02
3.365440060000000244e+02 3.787340090000000146e+02
3.463099980000000073e+02 3.450150150000000053e+02
1.638630070000000103e+02 2.726879880000000185e+02
3.282940060000000244e+02 3.996000060000000076e+02
1.944519960000000083e+02 3.631229860000000258e+02
1.707400049999999965e+02 4.665360109999999736e+02
1.184779970000000020e+02 3.898559880000000248e+02
1.263079989999999952e+02 4.307600100000000225e+02
2.633529970000000162e+02 4.047260130000000231e+02
2.974769900000000007e+02 4.396000060000000076e+02
1.327800000000000047e+01 3.306140139999999974e+02
3.456329959999999915e+02 4.089970089999999914e+02
1.876470030000000122e+02 2.830669859999999858e+02
3.090539860000000090e+02 2.715960079999999834e+02
2.684150089999999977e+02 4.402969969999999762e+02
1.944499969999999962e+02 3.794450069999999755e+02
9.535099800000000414e+01 3.023909909999999854e+02
3.572700100000000134e+01 2.953259889999999928e+02
1.822859950000000140e+02 4.029540099999999825e+02
2.960710139999999910e+02 2.717319949999999835e+02
9.259899900000000628e+01 4.206690060000000244e+02
2.174380040000000065e+02 4.418729860000000258e+02
7.941000400000000070e+01 3.123850100000000225e+02
3.137349849999999947e+02 4.382160030000000006e+02
3.458120119999999815e+02 2.726419980000000010e+02
3.452629999999999768e+02 3.424530030000000238e+02
1.727279969999999878e+02 4.017430110000000241e+02
1.120250020000000006e+02 2.719419859999999858e+02
3.451359860000000026e+02 3.610230099999999993e+02
1.029909969999999930e+02 4.235939940000000092e+02
3.456740110000000072e+02 3.403089899999999943e+02
3.112590030000000070e+02 3.735549930000000245e+02
1.141230010000000021e+02 4.277720029999999838e+02
1.243430019999999985e+02 3.900390009999999847e+02
2.057270049999999912e+02 2.715499879999999848e+02
1.248750000000000000e+02 3.331520080000000235e+02
3.451929930000000013e+02 3.269570009999999911e+02
2.183499899999999982e+01 3.964700010000000248e+02
1.343860019999999906e+02 4.318739929999999845e+02
2.397669980000000010e+02 2.813129880000000185e+02
1.349299929999999961e+02 2.727650150000000053e+02
1.978509980000000041e+02 3.295880129999999895e+02
1.320350039999999865e+02 3.173710019999999759e+02
1.336009980000000041e+02 2.912909849999999778e+02
1.877519990000000121e+02 4.537640079999999898e+02
1.248069990000000047e+02 4.418240049999999997e+02
5.804899999999999949e+01 2.830249939999999924e+02
2.656530149999999821e+02 3.972420040000000085e+02
8.043199900000000468e+01 4.152890009999999847e+02
6.101699800000000096e+01 2.797330019999999990e+02
3.372239989999999921e+02 4.341359860000000026e+02
3.108280030000000238e+02 4.044140009999999847e+02
2.125000000000000000e+01 3.951319889999999759e+02
1.131610029999999938e+02 4.649190060000000244e+02
1.966700000000000159e+01 3.755100100000000225e+02
3.738000100000000003e+01 2.951860050000000228e+02
2.716350100000000225e+02 3.975079959999999915e+02
1.195599999999999952e+01 3.641159969999999930e+02
1.921869959999999935e+02 4.391279910000000086e+02
2.428150019999999927e+02 4.431040039999999749e+02
1.528919980000000010e+02 2.719479979999999841e+02
9.651699800000000096e+01 3.645270080000000235e+02
3.445629880000000185e+02 3.967829899999999839e+02
3.477330019999999990e+02 2.821629940000000261e+02
2.989739989999999921e+02 3.512959900000000175e+02
1.804889980000000094e+02 3.760369870000000105e+02
1.677499999999999858e+01 3.727399899999999775e+02
1.965229950000000088e+02 4.580530089999999745e+02
1.445859989999999868e+02 4.304909969999999930e+02
1.386820069999999987e+02 3.736229860000000258e+02
9.795200300000000482e+01 4.253469850000000179e+02
3.225629880000000185e+02 4.391010130000000231e+02
1.132289959999999951e+02 3.885459900000000175e+02
9.899800100000000214e+01 2.752149959999999851e+02
1.805359950000000140e+02 2.836279910000000086e+02
3.102829899999999839e+02 2.859389949999999772e+02
7.322499799999999937e+01 4.673909909999999854e+02
3.170999899999999982e+01 4.527820130000000063e+02
5.992300000000000182e+01 3.570079959999999915e+02
1.653750000000000000e+02 4.000690000000000168e+02
1.254609990000000010e+02 3.315719910000000255e+02
2.512469940000000008e+02 2.730799870000000169e+02
6.644100199999999745e+01 4.634710079999999834e+02
1.504170070000000123e+02 4.345079959999999915e+02
1.343860019999999906e+02 3.669779970000000162e+02
2.112800000000000011e+01 3.115979919999999765e+02
1.356999969999999962e+02 2.722950129999999831e+02
3.456610109999999736e+02 3.331210019999999759e+02
3.416960139999999910e+02 3.753229979999999841e+02
1.267630000000000052e+02 2.727370000000000232e+02
6.383400000000000318e+01 4.073710019999999759e+02
2.745299899999999838e+01 3.031589969999999994e+02
2.887900089999999977e+02 4.389280089999999745e+02
2.953989869999999769e+02 2.817399899999999775e+02
3.265639949999999772e+02 3.812720029999999838e+02
2.417299959999999999e+02 2.822810059999999908e+02
6.102700000000000102e+01 3.221629940000000261e+02
1.576320039999999949e+02 3.848229979999999841e+02
7.586399799999999516e+01 3.701520080000000235e+02
3.017909849999999778e+02 3.453869930000000181e+02
1.046829989999999952e+02 4.520329899999999839e+02
3.454230039999999917e+02 3.396830140000000142e+02
1.439179990000000089e+02 3.764100040000000149e+02
3.191690060000000244e+02 3.781239929999999845e+02
3.385820009999999911e+02 3.970270080000000235e+02
2.912019960000000083e+02 4.045650019999999927e+02
8.878099799999999675e+01 3.651549989999999752e+02
2.052090000000000032e+02 2.831210019999999759e+02
3.235140079999999898e+02 4.427680050000000165e+02
5.410100200000000115e+01 4.293290099999999825e+02
1.563410030000000006e+02 4.581449890000000096e+02
1.193570019999999943e+02 2.711489869999999769e+02
3.451969910000000255e+02 3.510299989999999752e+02
3.172560119999999984e+02 3.094649959999999851e+02
1.486580050000000028e+02 3.108980099999999993e+02
9.157199900000000525e+01 3.640989989999999921e+02
3.001189880000000016e+02 3.451109920000000102e+02
1.137350009999999969e+02 4.515100100000000225e+02
2.139800100000000072e+01 3.109230039999999917e+02
1.198150020000000069e+02 2.965450129999999831e+02
1.832440029999999922e+02 4.375230099999999993e+02
3.097319949999999835e+02 3.934790039999999749e+02
6.903600299999999379e+01 2.797539980000000241e+02
6.379499799999999965e+01 3.634790039999999749e+02
1.573730009999999879e+02 4.515899959999999851e+02
1.323619999999999948e+02 3.645599980000000073e+02
3.260589899999999943e+02 3.812390139999999974e+02
3.246740110000000072e+02 4.000440060000000244e+02
2.852100000000000080e+01 3.015060119999999984e+02
2.198100099999999912e+01 3.101809999999999832e+02
3.022019960000000083e+02 2.991419980000000010e+02
1.840099899999999877e+01 3.165060119999999984e+02
3.460369870000000105e+02 3.666520080000000235e+02
1.137920000000000016e+02 3.893059999999999832e+02
3.409410100000000057e+02 4.289159849999999778e+02
6.634999799999999937e+01 4.093439940000000092e+02
1.567590030000000070e+02 4.003340150000000222e+02
3.432090150000000222e+02 4.018750000000000000e+02
3.280099899999999735e+01 4.052560119999999984e+02
1.376269990000000121e+02 3.944870000000000232e+02
2.350059970000000078e+02 4.043309939999999756e+02
8.209600100000000111e+01 4.151329959999999915e+02
7.572899599999999509e+01 3.700339969999999994e+02
2.178099980000000073e+02 2.716229860000000258e+02
2.215560000000000116e+02 4.056659849999999778e+02
3.228150019999999927e+02 4.379989929999999845e+02
3.436940000000000168e+02 2.731610109999999736e+02
1.621219940000000008e+02 3.827980039999999917e+02
3.121499999999999986e+01 4.118970029999999838e+02
3.054960019999999759e+02 3.258169859999999858e+02
2.238549959999999999e+02 2.820119930000000181e+02
1.883849950000000035e+02 3.212309880000000248e+02
2.633179930000000013e+02 2.726830140000000142e+02
1.322720030000000122e+02 3.176600040000000149e+02
1.724530029999999954e+02 3.089360050000000228e+02
3.016499939999999924e+02 3.655769960000000083e+02
1.119199980000000068e+02 2.730589899999999943e+02
1.917870029999999986e+02 4.040769960000000083e+02
1.273270030000000048e+02 3.509079899999999839e+02
3.412850040000000149e+02 3.959309999999999832e+02
1.947180020000000127e+02 2.836820069999999987e+02
6.574500299999999697e+01 3.650209960000000251e+02
3.284700000000000131e+01 2.972500000000000000e+02
3.160899959999999851e+02 2.722950129999999831e+02
1.186449970000000036e+02 4.249259950000000003e+02
9.679900399999999649e+01 3.716340030000000070e+02
1.566280059999999992e+02 3.832200010000000248e+02
3.044729919999999765e+02 3.650079959999999915e+02
3.235920100000000161e+02 2.717760010000000079e+02
1.987099999999999866e+01 3.127439880000000016e+02
6.273799900000000207e+01 3.611329959999999915e+02
2.044960020000000043e+02 3.248729860000000258e+02
5.338299899999999809e+01 4.013959960000000251e+02
1.819969940000000008e+02 3.122810059999999908e+02
3.040100100000000225e+02 3.275020139999999742e+02
6.177899899999999889e+01 4.633070069999999987e+02
5.464099900000000076e+01 3.328110050000000228e+02
2.274179990000000089e+02 2.723659969999999930e+02
2.168630070000000103e+02 3.269079899999999839e+02
6.979200000000000159e+01 3.373089899999999943e+02
3.016889949999999772e+02 3.697359920000000102e+02
3.261399800000000226e+01 4.510230099999999993e+02
7.893000000000000682e+01 2.787390139999999974e+02
1.212899999999999956e+01 3.333299870000000169e+02
3.017539980000000241e+02 3.505450129999999831e+02
1.282380070000000103e+02 4.290409849999999778e+02
2.178619999999999948e+02 2.980060119999999984e+02
2.061219940000000008e+02 4.067680050000000165e+02
9.655699900000000468e+01 4.217109990000000153e+02
3.003030089999999745e+02 4.048219910000000255e+02
2.718269960000000083e+02 2.925150150000000053e+02
1.594609989999999868e+02 2.728710019999999759e+02
8.375000000000000000e+00 3.441640009999999847e+02
2.163189999999999884e+02 2.891379999999999768e+02
1.710299990000000037e+02 4.032420040000000085e+02
1.751649930000000097e+02 2.729630129999999895e+02
2.289700009999999963e+02 2.819920040000000085e+02
8.683999599999999930e+01 3.078980099999999993e+02
6.361399800000000226e+01 4.068659969999999930e+02
2.171000060000000076e+02 3.532449950000000172e+02
7.490499900000000366e+01 4.102690119999999752e+02
1.780160060000000044e+02 4.029020080000000235e+02
3.442650150000000053e+02 4.138179930000000013e+02
3.025520020000000159e+02 2.838630069999999819e+02
3.046120000000000232e+02 3.575270080000000235e+02
3.378299870000000169e+02 4.323320009999999911e+02
2.355059970000000078e+02 4.055150150000000053e+02
3.279339899999999943e+02 4.356749879999999848e+02
2.704200129999999831e+02 3.256799930000000245e+02
3.091189880000000016e+02 3.219859920000000102e+02
2.765459900000000175e+02 4.030140079999999898e+02
1.190309979999999968e+02 3.913380129999999895e+02
1.062460020000000043e+02 2.983729860000000258e+02
5.256100099999999742e+01 4.002250060000000076e+02
2.616000000000000014e+01 3.940140079999999898e+02
5.190000200000000063e+01 2.862179869999999937e+02
1.942539979999999957e+02 3.549819949999999835e+02
3.247070009999999911e+02 4.011969910000000255e+02
3.333340150000000222e+02 3.995989989999999921e+02
1.807449949999999887e+02 3.026069949999999835e+02
1.207750020000000006e+02 3.901849980000000073e+02
5.193999900000000025e+01 4.266239929999999845e+02
3.219419859999999858e+02 2.722359920000000102e+02
3.038370059999999739e+02 4.354790039999999749e+02
2.384510040000000117e+02 4.069079899999999839e+02
3.433290099999999825e+02 3.699939880000000016e+02
4.366799900000000179e+01 2.913989869999999769e+02
3.423250120000000152e+02 4.031270139999999742e+02
2.719119870000000105e+02 3.213309939999999756e+02
5.524300000000000210e+01 3.275880129999999895e+02
3.134100000000000108e+01 4.155780030000000238e+02
9.522000000000000242e+00 3.417539980000000241e+02
3.080960079999999834e+02 3.663689880000000016e+02
3.365129999999999768e+02 4.340910030000000006e+02
7.598100300000000118e+01 3.738919980000000010e+02
2.572319949999999835e+02 4.432839969999999994e+02
1.999029999999999916e+02 2.828389890000000264e+02
1.719730069999999955e+02 3.793120119999999815e+02
3.217170100000000161e+02 4.361910100000000057e+02
1.058300000000000018e+01 3.456000060000000076e+02
2.710650019999999927e+02 2.871220089999999914e+02
3.038810119999999984e+02 2.847470089999999914e+02
1.920800020000000075e+02 4.372130129999999895e+02
2.131609950000000140e+02 4.074110109999999736e+02
3.147550049999999828e+02 3.748110050000000228e+02
9.058999999999999275e+00 3.499890139999999974e+02
3.194400019999999927e+02 2.879859920000000102e+02
3.458059999999999832e+02 2.836099849999999947e+02
9.890599799999999675e+01 3.832959900000000175e+02
2.955570069999999987e+02 4.122130129999999895e+02
9.706500200000000689e+01 4.422300109999999904e+02
5.791599999999999682e+01 3.228620000000000232e+02
1.569369959999999935e+02 3.972869870000000105e+02
1.501770019999999874e+02 3.962040099999999825e+02
1.072079999999999984e+02 2.727409969999999930e+02
1.315050050000000113e+02 3.189930110000000241e+02
9.768199900000000468e+01 3.748970029999999838e+02
4.804399899999999946e+01 4.001040039999999749e+02
2.710759889999999928e+02 2.865979919999999765e+02
2.438699949999999887e+02 2.710199890000000096e+02
2.547539979999999957e+02 2.826759950000000003e+02
2.647500000000000000e+02 4.382560119999999984e+02
1.318930049999999881e+02 3.956010130000000231e+02
2.173359989999999868e+02 3.153320009999999911e+02
1.028069990000000047e+02 2.753999939999999924e+02
1.206520000000000010e+02 3.935610050000000228e+02
3.227600100000000225e+02 3.070440060000000244e+02
9.872499799999999937e+01 2.804440000000000168e+02
3.138599849999999947e+02 3.747690119999999752e+02
1.908390049999999860e+02 3.700350040000000149e+02
3.220600100000000054e+01 4.123389890000000264e+02
3.459870000000000232e+02 2.855920100000000161e+02
9.940599799999999675e+01 4.222879940000000261e+02
9.495900000000000318e+01 2.835849910000000023e+02
1.469609989999999868e+02 2.933940119999999752e+02
1.449539949999999919e+02 3.121459960000000251e+02
1.673170010000000048e+02 3.810610050000000228e+02
2.161499939999999924e+02 4.068739929999999845e+02
2.777999879999999848e+02 4.406210019999999759e+02
1.815220030000000122e+02 4.035950010000000248e+02
1.222000000000000064e+01 3.600939940000000092e+02
3.439349980000000073e+02 4.051109920000000102e+02
3.350629880000000185e+02 3.825329899999999839e+02
2.971719969999999762e+02 3.348070069999999987e+02
1.865140079999999898e+02 3.529200129999999831e+02
1.930549929999999961e+02 4.369530030000000238e+02
2.842239989999999921e+02 2.709700010000000248e+02
2.088840030000000070e+02 4.077139890000000264e+02
2.197969970000000046e+02 4.409660030000000006e+02
2.950950010000000248e+02 3.423190000000000168e+02
1.823399900000000073e+01 3.864259950000000003e+02
7.597199999999999420e+01 3.728349910000000023e+02
1.647799990000000037e+02 2.726340030000000070e+02
3.468699999999999761e+01 2.986449890000000096e+02
1.831679990000000089e+02 3.722229919999999765e+02
2.587919919999999934e+02 4.092709960000000251e+02
1.160989990000000063e+02 2.963829959999999915e+02
3.105870059999999739e+02 4.341390079999999898e+02
7.561499799999999993e+01 4.615790099999999825e+02
3.015200000000000102e+01 3.022629999999999768e+02
3.611099999999999710e+01 2.993469850000000179e+02
2.394470059999999876e+02 4.079089969999999994e+02
5.262200200000000194e+01 2.890369870000000105e+02
1.427510069999999871e+02 2.905060119999999984e+02
3.430069889999999759e+02 3.462929990000000089e+02
2.285290070000000071e+02 2.801379999999999768e+02
1.313309940000000040e+02 3.620409849999999778e+02
1.714199999999999946e+01 3.704890139999999974e+02
5.455099899999999735e+01 4.019920040000000085e+02
3.458510130000000231e+02 2.883909909999999854e+02
2.086580050000000028e+02 4.066910100000000057e+02
6.331100099999999742e+01 3.206220089999999914e+02
2.117200100000000162e+01 3.118299870000000169e+02
8.740399899999999889e+01 3.787130129999999895e+02
1.860840000000000032e+02 3.208529970000000162e+02
2.328060000000000116e+02 4.395889890000000264e+02
1.911810000000000116e+02 3.499590150000000222e+02
1.261719970000000046e+02 3.294989929999999845e+02
9.754699700000000462e+01 4.392669980000000010e+02
1.299360049999999944e+02 2.906870119999999815e+02
3.377560119999999984e+02 4.322720029999999838e+02
1.465379939999999976e+02 2.734150089999999977e+02
2.289900049999999965e+02 2.736379999999999768e+02
1.710870060000000024e+02 3.811480099999999993e+02
1.162600020000000001e+02 4.231189880000000016e+02
2.969689940000000092e+02 4.059389949999999772e+02
2.082769930000000045e+02 2.725669859999999858e+02
1.085100000000000087e+01 3.354280089999999745e+02
1.282749939999999924e+02 4.284880069999999819e+02
6.184899899999999917e+01 4.054939880000000016e+02
1.813659969999999930e+02 3.738540039999999749e+02
1.886190029999999922e+02 2.753649899999999775e+02
1.530019990000000121e+02 3.802600100000000225e+02
7.014099899999999366e+01 3.124440000000000168e+02
2.720639949999999772e+02 3.218699950000000172e+02
2.048029940000000124e+02 3.011960139999999910e+02
1.703950040000000001e+02 4.271400150000000053e+02
1.710989989999999921e+02 2.738729860000000258e+02
5.866299800000000175e+01 4.231650089999999977e+02
1.275080030000000022e+02 3.504649959999999851e+02
3.436090090000000146e+02 3.354230039999999917e+02
3.479920040000000085e+02 2.904309999999999832e+02
1.538789979999999957e+02 3.080639949999999772e+02
1.425030059999999992e+02 2.866239929999999845e+02
1.842010040000000117e+02 2.719840090000000146e+02
9.631800099999999532e+01 3.224270020000000159e+02
2.047109989999999868e+02 3.002370000000000232e+02
1.664579929999999877e+02 3.806090090000000146e+02
1.509680020000000127e+02 4.333510130000000231e+02
2.961199999999999832e+01 4.446789860000000090e+02
3.597100100000000111e+01 4.100480039999999917e+02
2.632449950000000172e+02 4.373309939999999756e+02
3.097149959999999851e+02 3.694289860000000090e+02
1.613739930000000129e+02 3.069559939999999756e+02
9.128199800000000153e+01 3.810580140000000142e+02
1.298860019999999906e+02 3.215690000000000168e+02
2.775129999999999768e+02 4.405840150000000222e+02
1.836510010000000079e+02 2.805599980000000073e+02
5.105699899999999758e+01 4.247600100000000225e+02
2.316130070000000103e+02 2.738089899999999943e+02
2.134940029999999922e+02 2.753850100000000225e+02
5.594699899999999815e+01 3.534360050000000228e+02
2.135110019999999906e+02 4.370190119999999752e+02
5.318699999999999761e+01 4.333089899999999943e+02
2.211130070000000103e+02 2.727200010000000248e+02
1.957239989999999921e+02 2.830310059999999908e+02
9.538200399999999490e+01 2.830429990000000089e+02
9.830200200000000166e+01 3.832500000000000000e+02
1.517640079999999898e+02 3.467009889999999928e+02
2.519369959999999935e+02 4.420549930000000245e+02
1.038960040000000049e+02 3.871749879999999848e+02
5.306300000000000239e+01 3.265140079999999898e+02
2.218500060000000076e+02 4.408640139999999974e+02
2.592699890000000096e+02 2.733999939999999924e+02
1.106559979999999968e+02 3.992390139999999974e+02
1.691040040000000033e+02 2.746629940000000261e+02
2.462749939999999924e+02 3.299070130000000063e+02
1.571499939999999924e+02 4.008039860000000090e+02
2.915239869999999769e+02 4.061019900000000007e+02
2.946379999999999768e+02 2.786849980000000073e+02
1.883609920000000102e+02 4.361040039999999749e+02
1.367299959999999999e+02 2.786889949999999772e+02
7.256600199999999745e+01 3.122460019999999759e+02
2.678869930000000181e+02 4.037940060000000244e+02
2.712579959999999915e+02 4.394370119999999815e+02
2.014089969999999994e+02 3.768190000000000168e+02
3.210159909999999854e+02 2.735360109999999736e+02
1.306820069999999987e+02 2.812349849999999947e+02
2.490689999999999884e+02 3.901260070000000155e+02
3.409519960000000083e+02 2.734259950000000003e+02
2.587359920000000102e+02 4.393330080000000066e+02
1.496320039999999949e+02 4.331069949999999835e+02
1.936410060000000044e+02 3.262219850000000179e+02
3.163020020000000159e+02 4.051780089999999745e+02
1.544190059999999960e+02 4.340450129999999831e+02
8.247399900000000628e+01 3.568689880000000016e+02
1.385709990000000005e+02 3.714070130000000063e+02
1.763179930000000013e+02 4.371310119999999984e+02
1.739989930000000129e+02 3.111409909999999854e+02
3.449840090000000146e+02 2.750840150000000222e+02
2.843280030000000238e+02 2.908689880000000016e+02
3.271870119999999815e+02 3.050989989999999921e+02
2.072489930000000129e+02 2.824089969999999994e+02
3.450119930000000181e+02 3.388879999999999768e+02
2.399770049999999912e+02 2.740360109999999736e+02
1.956799929999999961e+02 4.071090090000000146e+02
8.084300199999999847e+01 3.769570009999999911e+02
1.290260010000000079e+02 3.536650089999999977e+02
3.107430110000000241e+02 4.063989869999999769e+02
7.715200000000000102e+01 3.106400150000000053e+02
1.261969990000000053e+02 2.907999879999999848e+02
3.429939880000000016e+02 3.106700129999999831e+02
1.412030029999999954e+02 2.869989929999999845e+02
1.855749969999999962e+02 2.740450129999999831e+02
5.576800200000000274e+01 4.242789920000000166e+02
1.371119999999999948e+02 2.896889949999999772e+02
1.645859989999999868e+02 2.868229979999999841e+02
3.209280089999999745e+02 4.248269960000000083e+02
2.421649930000000097e+02 2.743439940000000092e+02
1.915079959999999915e+02 4.237969969999999762e+02
3.162980039999999917e+02 4.343919980000000010e+02
3.158529970000000162e+02 2.726470029999999838e+02
2.746499939999999924e+02 3.051950069999999755e+02
1.381909939999999892e+02 3.695280149999999821e+02
7.063500200000000007e+01 4.093320009999999911e+02
1.510999999999999943e+01 3.644179990000000089e+02
3.317380069999999819e+02 2.726279910000000086e+02
1.895799999999999841e+01 3.714219969999999762e+02
9.406900000000000261e+01 2.858810119999999984e+02
3.183800049999999828e+02 3.163900150000000053e+02
1.629100039999999865e+02 3.805669859999999858e+02
3.063479919999999765e+02 3.284880069999999819e+02
1.680919949999999972e+02 3.318299870000000169e+02
3.139299930000000245e+02 2.830780030000000238e+02
2.936780089999999745e+02 2.732850040000000149e+02
6.676999700000000360e+01 3.662890009999999847e+02
2.162920070000000123e+02 4.373919980000000010e+02
2.385260010000000079e+02 4.415929869999999937e+02
3.235100200000000115e+01 4.016409909999999854e+02
1.579170070000000123e+02 3.876600040000000149e+02
9.444300099999999532e+01 2.906969910000000255e+02
5.043199899999999758e+01 2.993909909999999854e+02
1.054369959999999935e+02 2.943810119999999984e+02
3.223900150000000053e+02 4.351329959999999915e+02
2.527239989999999921e+02 4.096950069999999755e+02
1.120299990000000037e+02 4.041270139999999742e+02
3.037680050000000165e+02 3.374599910000000023e+02
2.228159939999999892e+02 2.742149959999999851e+02
2.719349980000000073e+02 2.993080140000000142e+02
1.487460020000000043e+02 3.785409849999999778e+02
1.416679990000000089e+02 3.577319949999999835e+02
8.936100000000000421e+01 3.030989989999999921e+02
1.195380020000000059e+02 3.923670040000000085e+02
1.034430009999999953e+02 2.751130069999999819e+02
5.718099999999999739e+01 2.880859990000000153e+02
2.766520080000000235e+02 4.052290039999999749e+02
2.385429990000000089e+02 2.791329959999999915e+02
7.230100299999999436e+01 3.101440119999999752e+02
1.906540070000000071e+02 4.078659969999999930e+02
1.003649979999999999e+02 3.185050049999999828e+02
1.316470030000000122e+02 4.280199890000000096e+02
1.334530029999999954e+02 2.890199890000000096e+02
3.145090030000000070e+02 4.057739869999999769e+02
2.168829959999999915e+02 3.179299930000000245e+02
2.413029940000000124e+02 4.101379999999999768e+02
3.139769900000000007e+02 2.728139949999999772e+02
9.275800300000000220e+01 2.793569949999999835e+02
2.471139980000000094e+02 3.300400089999999977e+02
2.234029999999999916e+02 2.814119870000000105e+02
2.712780149999999821e+02 3.321199950000000172e+02
3.087290039999999749e+02 3.638049930000000245e+02
2.779429930000000013e+02 3.067380069999999819e+02
3.458900150000000053e+02 2.815899959999999851e+02
1.971929930000000013e+02 3.496390079999999898e+02
1.117129970000000014e+02 4.001719969999999762e+02
2.281560059999999908e+02 2.797489929999999845e+02
8.569799799999999834e+01 3.801220089999999914e+02
1.668379970000000014e+02 3.084849849999999947e+02
2.557250060000000076e+02 4.088680110000000241e+02
1.284839939999999956e+02 3.304679869999999937e+02
2.077640079999999898e+02 4.085469969999999762e+02
3.218059999999999832e+02 3.116730039999999917e+02
6.208299999999999841e+01 3.198320009999999911e+02
1.090149990000000031e+02 3.976749879999999848e+02
6.247399899999999917e+01 2.819729919999999765e+02
1.811430049999999881e+02 4.363800049999999828e+02
1.864920040000000085e+02 3.661359860000000026e+02
3.442810059999999908e+02 3.593919980000000010e+02
7.894799799999999834e+01 2.824010010000000079e+02
3.060400089999999977e+02 3.442500000000000000e+02
1.818760069999999871e+02 3.710000000000000000e+02
1.789499999999999957e+01 3.247550049999999828e+02
3.428059999999999832e+02 4.119259950000000003e+02
3.416889949999999772e+02 3.051919859999999858e+02
1.003160019999999975e+02 4.583580019999999990e+02
1.738809970000000078e+02 3.113649899999999775e+02
2.386560059999999908e+02 2.753429869999999937e+02
2.160079959999999915e+02 3.896059880000000248e+02
3.078410030000000006e+02 2.734259950000000003e+02
3.091000060000000076e+02 4.204429930000000013e+02
2.749930110000000241e+02 4.382170100000000161e+02
2.257680049999999881e+02 2.795249939999999924e+02
1.086149979999999999e+02 3.892330019999999990e+02
1.482899930000000097e+02 3.159240110000000072e+02
2.432310029999999870e+02 2.775899959999999851e+02
3.314880069999999819e+02 3.781600040000000149e+02
3.422569889999999759e+02 3.050889890000000264e+02
1.008119959999999935e+02 4.459049989999999752e+02
3.147699899999999928e+01 4.393359990000000153e+02
2.403000099999999861e+01 3.804979860000000258e+02
1.326329959999999915e+02 3.975079959999999915e+02
2.280149989999999889e+02 4.386650089999999977e+02
1.043730010000000021e+02 3.883129880000000185e+02
1.570209959999999967e+02 4.018529970000000162e+02
3.047879940000000261e+02 3.432170100000000161e+02
9.136599699999999302e+01 3.813869930000000181e+02
6.145999900000000338e+01 3.206040039999999749e+02
4.971799899999999894e+01 3.452730099999999993e+02
1.383130040000000065e+02 3.971530149999999821e+02
2.014889980000000094e+02 2.761809999999999832e+02
1.994490049999999997e+02 3.470929869999999937e+02
7.196800199999999847e+01 3.127449950000000172e+02
3.170280149999999821e+02 4.202279970000000162e+02
2.282220000000000084e+02 2.738699950000000172e+02
2.060359950000000140e+02 2.757370000000000232e+02
2.831849980000000073e+02 4.390660100000000057e+02
1.493820039999999949e+02 3.980159909999999854e+02
1.705260010000000079e+02 4.378500060000000076e+02
2.176020049999999912e+02 3.365209960000000251e+02
1.085070039999999949e+02 3.932609860000000026e+02
2.932330019999999990e+02 2.735589899999999943e+02
1.435160060000000044e+02 4.277359920000000102e+02
1.857350010000000111e+02 3.670880129999999895e+02
1.840549929999999961e+02 4.354960019999999759e+02
3.047680050000000165e+02 3.502650150000000053e+02
2.935660100000000057e+02 4.367229919999999765e+02
1.344429930000000013e+02 3.619549870000000169e+02
1.904369959999999935e+02 4.197690119999999752e+02
2.818389890000000264e+02 2.807810059999999908e+02
9.784200300000000539e+01 4.181570130000000063e+02
2.393320009999999911e+02 3.668389890000000264e+02
1.404900049999999965e+02 3.566069949999999835e+02
3.063649899999999775e+02 3.546759950000000003e+02
3.097009889999999928e+02 4.328489989999999921e+02
3.386239929999999845e+02 3.061059880000000248e+02
6.460199699999999723e+01 2.809599910000000023e+02
1.234899979999999999e+02 2.860329899999999839e+02
9.637200199999999484e+01 3.178139949999999772e+02
1.612030029999999954e+02 4.151080019999999990e+02
8.314900199999999586e+01 4.133250120000000152e+02
5.333200099999999821e+01 3.317149959999999851e+02
2.009470059999999876e+02 3.398399959999999851e+02
9.548799900000000207e+01 4.488200069999999755e+02
1.290850069999999903e+02 4.261640009999999847e+02
3.026709900000000175e+02 3.324150089999999977e+02
3.422609860000000026e+02 3.337489929999999845e+02
1.892140049999999860e+02 3.227300109999999904e+02
1.885079959999999915e+02 2.820939940000000092e+02
2.430630040000000065e+02 4.416159969999999930e+02
7.931099700000000041e+01 2.848829959999999915e+02
2.715570069999999987e+02 3.919849849999999947e+02
2.684020080000000235e+02 3.268840030000000070e+02
1.738119959999999935e+02 4.355350040000000149e+02
1.376810000000000116e+02 4.276069949999999835e+02
2.704719850000000179e+02 4.381740110000000072e+02
1.024599989999999963e+02 4.194020080000000235e+02
1.088519969999999972e+02 3.904890139999999974e+02
1.184940030000000064e+02 4.043179930000000013e+02
1.114879990000000021e+02 3.939949950000000172e+02
4.688299899999999809e+01 3.679039920000000166e+02
3.155599980000000073e+02 3.133550109999999904e+02
3.242300109999999904e+02 3.789540099999999825e+02
4.385499999999999687e+01 3.021499939999999924e+02
1.603359989999999868e+02 2.752170100000000161e+02
3.131379999999999768e+02 3.040090030000000070e+02
1.799949949999999887e+02 4.293869930000000181e+02
3.423169859999999858e+02 3.197290039999999749e+02
3.295000100000000032e+01 3.984809880000000248e+02
1.060589980000000025e+02 2.891239929999999845e+02
1.603589939999999956e+02 4.347359920000000102e+02
2.174259950000000003e+02 3.873179930000000013e+02
1.565200040000000001e+02 3.799320069999999987e+02
3.117919919999999934e+02 4.252959900000000175e+02
2.296100010000000111e+02 3.803280030000000238e+02
1.206650010000000037e+02 4.251059880000000248e+02
2.925129999999999768e+02 2.763859860000000026e+02
2.311770019999999874e+02 2.746189880000000016e+02
2.146450040000000001e+02 4.371250000000000000e+02
3.362099910000000023e+02 3.998810119999999984e+02
5.425600099999999770e+01 3.019920040000000085e+02
1.333260040000000117e+02 3.612709960000000251e+02
2.999519960000000083e+02 2.730150150000000053e+02
1.340189970000000130e+02 2.829179990000000089e+02
1.776289979999999957e+02 3.754079899999999839e+02
1.469629970000000014e+02 3.438120119999999815e+02
7.634400200000000325e+01 2.815109860000000026e+02
7.369999699999999621e+01 4.088750000000000000e+02
1.446109920000000102e+02 2.758529970000000162e+02
1.848029940000000124e+02 2.751419980000000010e+02
1.534100039999999865e+02 3.091220089999999914e+02
2.091049959999999999e+02 4.333959960000000251e+02
3.080989989999999921e+02 2.821659849999999778e+02
3.355329899999999839e+02 3.998370059999999739e+02
2.622189940000000092e+02 4.322290039999999749e+02
2.060449979999999925e+02 4.360230099999999993e+02
2.503840030000000070e+02 4.412130129999999895e+02
3.033169859999999858e+02 4.059819949999999835e+02
1.346730039999999917e+02 3.872500000000000000e+02
6.770200300000000482e+01 3.154200129999999831e+02
3.259689940000000092e+02 4.256589969999999994e+02
1.379159999999999968e+02 3.991669919999999934e+02
2.875260010000000079e+02 2.716799930000000245e+02
6.061000099999999691e+01 3.999620059999999739e+02
1.021770020000000017e+02 2.920400089999999977e+02
3.256409909999999854e+02 4.364689940000000092e+02
9.573400100000000634e+01 2.845320130000000063e+02
1.193550029999999964e+02 4.030159909999999854e+02
3.429670100000000161e+02 3.147690119999999752e+02
1.586219940000000008e+02 4.349909969999999930e+02
3.263739929999999845e+02 2.763450010000000248e+02
4.692200100000000162e+01 3.982430110000000241e+02
1.553699949999999887e+02 4.131099849999999947e+02
2.901709900000000175e+02 4.375989989999999921e+02
1.812429960000000051e+02 3.389710079999999834e+02
1.932389980000000094e+02 2.769289860000000090e+02
1.365050050000000113e+02 3.588800049999999828e+02
1.882839969999999994e+02 3.228760070000000155e+02
1.838959959999999967e+02 2.749620059999999739e+02
1.076389999999999958e+02 2.878959960000000251e+02
1.836170040000000085e+02 3.525790099999999825e+02
1.195530009999999947e+02 2.848649899999999775e+02
2.220500030000000038e+02 4.228559880000000248e+02
3.225209960000000251e+02 3.001080019999999990e+02
3.422070009999999911e+02 4.038850100000000225e+02
1.324010010000000079e+02 3.227349849999999947e+02
1.748079989999999952e+02 3.760950010000000248e+02
1.939060059999999908e+02 4.074320069999999987e+02
1.886109920000000102e+02 3.589930110000000241e+02
2.212209929999999929e+02 3.440220029999999838e+02
2.881090090000000146e+02 3.341329959999999915e+02
2.236979980000000126e+02 3.445780030000000238e+02
2.217579959999999915e+02 4.239549870000000169e+02
1.519439999999999884e+02 4.028980099999999993e+02
3.421300049999999828e+02 3.071690060000000244e+02
5.768600099999999742e+01 3.195090030000000070e+02
3.273199799999999726e+01 3.928359990000000153e+02
4.823599999999999710e+01 3.470350040000000149e+02
4.380499999999999972e+01 3.927030030000000238e+02
4.620799999999999841e+01 3.296229860000000258e+02
1.605499999999999972e+01 3.641379999999999768e+02
2.188159939999999892e+02 4.207850040000000149e+02
1.757230069999999955e+02 4.048569949999999835e+02
8.490899699999999939e+01 3.050759889999999928e+02
1.236200000000000010e+01 3.363829959999999915e+02
2.174049990000000037e+02 3.570060119999999984e+02
1.137500000000000000e+02 2.771919859999999858e+02
1.780370029999999986e+02 3.436719969999999762e+02
1.938379970000000014e+02 3.413439940000000092e+02
3.133500060000000076e+02 3.183269960000000083e+02
3.059989929999999845e+02 4.052510070000000155e+02
2.633940119999999752e+02 4.361140139999999974e+02
1.974290009999999995e+02 4.324739989999999921e+02
3.000809939999999756e+02 2.793120119999999815e+02
1.719190059999999960e+02 4.367189940000000092e+02
1.966239930000000129e+02 4.119509889999999928e+02
2.055729980000000126e+02 2.821579899999999839e+02
2.936300100000000057e+01 3.869970089999999914e+02
1.295039979999999957e+02 3.105809939999999756e+02
1.567689970000000130e+02 2.917090150000000222e+02
1.520390010000000132e+02 3.478840030000000070e+02
3.292980039999999917e+02 3.070329899999999839e+02
1.880570069999999987e+02 3.238250120000000152e+02
1.617090000000000032e+02 4.354750060000000076e+02
1.363329929999999877e+02 3.403280030000000238e+02
1.561060029999999870e+02 4.342869870000000105e+02
4.163299899999999809e+01 3.004729919999999765e+02
3.160209960000000251e+02 3.548299870000000169e+02
1.852530059999999992e+02 3.657330019999999990e+02
3.422999879999999848e+02 3.682900089999999977e+02
8.636100000000000421e+01 2.808280030000000238e+02
3.249399900000000230e+01 4.281510010000000079e+02
2.218690029999999922e+02 4.372500000000000000e+02
2.058840030000000070e+02 4.091940000000000168e+02
1.798379970000000014e+02 4.295450129999999831e+02
1.090139999999999958e+02 2.975360109999999736e+02
1.443240049999999997e+02 2.742619930000000181e+02
1.798880000000000052e+02 4.284219969999999762e+02
4.339500000000000313e+01 3.001359860000000026e+02
1.715110019999999906e+02 2.819930110000000241e+02
6.942199700000000462e+01 3.112789920000000166e+02
8.950199899999999786e+01 3.025060119999999984e+02
3.314289860000000090e+02 2.877780149999999821e+02
3.077980039999999917e+02 3.392999879999999848e+02
2.517160030000000006e+02 2.740129999999999768e+02
3.377179869999999937e+02 3.056919859999999858e+02
1.345279999999999916e+02 3.637909849999999778e+02
2.645020139999999742e+02 4.379909969999999930e+02
2.439620060000000024e+02 4.408139949999999772e+02
1.477319950000000119e+02 3.391560059999999908e+02
2.389439999999999884e+02 3.365700069999999755e+02
3.349930110000000241e+02 3.395660100000000057e+02
1.135250020000000006e+02 3.992349849999999947e+02
2.571600040000000149e+02 2.810570069999999987e+02
1.522920070000000123e+02 3.476489869999999769e+02
1.536360019999999906e+02 3.098670040000000085e+02
1.000690000000000026e+02 2.807950129999999831e+02
1.284320069999999987e+02 2.902690119999999752e+02
3.124240110000000072e+02 4.301809999999999832e+02
1.938750000000000000e+02 3.423819889999999759e+02
4.093800000000000239e+01 3.935129999999999768e+02
1.888359989999999868e+02 4.171029970000000162e+02
1.679420010000000048e+02 4.092189940000000092e+02
1.508189999999999884e+02 4.301990049999999997e+02
2.741759950000000003e+02 4.048200069999999755e+02
3.430339969999999994e+02 3.536080019999999990e+02
3.089599910000000023e+02 4.177420040000000085e+02
2.237100069999999903e+02 2.762319949999999835e+02
1.565229950000000088e+02 3.554809880000000248e+02
2.090189970000000130e+02 3.440239869999999769e+02
1.160230030000000028e+02 4.010870059999999739e+02
3.020419919999999934e+02 2.743510130000000231e+02
2.175970000000000084e+02 3.067619930000000181e+02
1.974340060000000108e+02 4.152019960000000083e+02
1.835529940000000124e+02 3.405790099999999825e+02
2.334250030000000038e+02 3.428469850000000179e+02
2.302830050000000028e+02 3.442470089999999914e+02
1.412810059999999908e+02 3.712380069999999819e+02
1.678630070000000103e+02 4.061650089999999977e+02
2.704899999999999949e+01 3.783580019999999990e+02
3.231669919999999934e+02 3.285440060000000244e+02
1.497740019999999959e+02 4.104349980000000073e+02
1.470409999999999968e+02 3.182359920000000102e+02
3.451220089999999914e+02 2.819280089999999745e+02
4.997299999999999898e+01 4.332990110000000072e+02
5.275199899999999786e+01 3.265169980000000010e+02
1.260820010000000053e+02 3.941579899999999839e+02
2.710199890000000096e+02 4.339400019999999927e+02
3.426229860000000258e+02 3.257990110000000072e+02
2.213289949999999919e+02 2.755580140000000142e+02
1.588730009999999879e+02 3.046659849999999778e+02
7.998999799999999993e+01 3.999419859999999858e+02
1.886340030000000070e+02 4.114549870000000169e+02
4.897899999999999920e+01 3.231489869999999769e+02
3.093710019999999759e+02 3.487780149999999821e+02
1.556549990000000037e+02 3.789089969999999994e+02
2.607780149999999821e+02 4.120669859999999858e+02
1.696979980000000126e+02 4.118559880000000248e+02
9.432199900000000525e+01 3.834769900000000007e+02
1.025019989999999979e+02 4.123789980000000241e+02
1.545659939999999892e+02 3.577260130000000231e+02
3.375230099999999993e+02 3.450899959999999851e+02
1.537389980000000094e+02 4.044110109999999736e+02
9.413600200000000484e+01 3.833129880000000185e+02
4.724700200000000194e+01 3.346090090000000146e+02
1.445229950000000088e+02 2.760570069999999987e+02
1.211139979999999952e+02 3.968760070000000155e+02
1.060889970000000062e+02 4.056270139999999742e+02
1.283300020000000075e+02 4.258810119999999984e+02
3.086770020000000159e+02 3.646059880000000248e+02
3.211679990000000089e+02 2.861459960000000251e+02
8.468699599999999350e+01 3.016170040000000085e+02
1.656199949999999887e+02 3.406589969999999994e+02
1.464120029999999986e+02 3.465280149999999821e+02
3.408750000000000000e+02 4.261260070000000155e+02
3.395960079999999834e+02 3.720750120000000152e+02
9.483000199999999325e+01 2.861669919999999934e+02
5.011299900000000207e+01 3.136440119999999752e+02
1.927389980000000094e+02 3.380159909999999854e+02
6.419000200000000689e+01 2.836570130000000063e+02
