5.312189939999999524e+02 4.685249939999999924e+02
6.788699950000000172e+02 4.399849849999999947e+02
4.325920100000000161e+02 2.788959960000000251e+02
6.805739750000000186e+02 3.619530030000000238e+02
6.878599850000000515e+02 4.713659969999999930e+02
3.677720029999999838e+02 4.676770020000000159e+02
6.844699709999999868e+02 3.511950069999999755e+02
3.503219910000000255e+02 2.708399959999999851e+02
6.943120119999999815e+02 3.892149959999999851e+02
6.851430050000000165e+02 2.832059939999999756e+02
4.120129999999999768e+02 2.730390009999999847e+02
6.879219970000000330e+02 3.406610109999999736e+02
6.246279909999999518e+02 2.709599910000000023e+02
6.832150269999999637e+02 3.281679990000000089e+02
5.622459720000000516e+02 4.672720029999999838e+02
4.967789920000000166e+02 4.720809939999999756e+02
6.914630130000000463e+02 4.681759950000000003e+02
4.011239929999999845e+02 4.244100040000000149e+02
3.921099849999999947e+02 2.709729919999999765e+02
3.898640139999999974e+02 4.680069889999999759e+02
5.351799929999999677e+02 2.815140079999999898e+02
4.565929869999999937e+02 3.871860050000000228e+02
4.960169980000000010e+02 4.109960019999999759e+02
6.750219730000000027e+02 4.419039920000000166e+02
5.245070190000000139e+02 4.524890139999999974e+02
5.649849850000000515e+02 4.660100100000000225e+02
6.204730220000000145e+02 3.830620119999999815e+02
5.951699830000000020e+02 2.709880069999999819e+02
5.502210079999999834e+02 2.763099980000000073e+02
4.762829899999999839e+02 3.625729979999999841e+02
6.663610230000000456e+02 2.723900150000000053e+02
6.256939700000000357e+02 4.593779910000000086e+02
5.672609860000000026e+02 3.415390009999999847e+02
5.415319819999999709e+02 4.622820130000000063e+02
4.324970089999999914e+02 2.797929990000000089e+02
3.499519960000000083e+02 3.242629999999999768e+02
6.355209959999999683e+02 3.063320009999999911e+02
6.873449709999999868e+02 4.145440060000000244e+02
6.362130130000000463e+02 3.061740110000000072e+02
6.877869869999999537e+02 3.396940000000000168e+02
5.825430300000000443e+02 3.780209960000000251e+02
4.160559999999999832e+02 2.753380129999999895e+02
3.492739869999999769e+02 3.292760010000000079e+02
6.907570190000000139e+02 3.101109920000000102e+02
6.010969850000000179e+02 3.481279910000000086e+02
4.160759889999999928e+02 3.401560059999999908e+02
6.615800169999999980e+02 4.655830080000000066e+02
3.504400019999999927e+02 2.728070069999999987e+02
4.040090030000000070e+02 4.232629999999999768e+02
4.481459960000000251e+02 3.935020139999999742e+02
6.245330199999999650e+02 2.890249939999999924e+02
4.336189880000000016e+02 4.633160100000000057e+02
5.381199950000000172e+02 2.805750120000000152e+02
4.815979919999999765e+02 2.735669859999999858e+02
3.511910100000000057e+02 4.320190119999999752e+02
5.306610110000000304e+02 2.872470089999999914e+02
3.491319889999999759e+02 3.514549870000000169e+02
3.908729860000000258e+02 2.715509950000000003e+02
6.355520020000000159e+02 4.580379940000000261e+02
4.581510010000000079e+02 3.856010130000000231e+02
4.965620119999999815e+02 4.693689880000000016e+02
5.840449830000000020e+02 4.602950129999999831e+02
5.924340210000000297e+02 2.712990110000000072e+02
5.141010129999999663e+02 4.440180050000000165e+02
5.129439700000000357e+02 2.711910100000000057e+02
5.607390139999999974e+02 3.440400089999999977e+02
6.811630249999999478e+02 4.333580019999999990e+02
6.836710209999999961e+02 4.225050049999999828e+02
6.287559810000000198e+02 2.819939880000000016e+02
6.540869750000000522e+02 4.650329899999999839e+02
3.540419919999999934e+02 2.712399899999999775e+02
6.537910160000000133e+02 4.539150089999999977e+02
5.572930300000000443e+02 4.657520139999999742e+02
6.298629760000000033e+02 2.733099980000000073e+02
6.267609860000000026e+02 3.638110050000000228e+02
6.189359739999999874e+02 3.414089969999999994e+02
6.753679809999999861e+02 4.688750000000000000e+02
3.958900150000000053e+02 3.795580140000000142e+02
6.184810179999999491e+02 3.449689940000000092e+02
6.246599730000000363e+02 4.585440060000000244e+02
6.579929809999999861e+02 2.713250120000000152e+02
6.060390009999999847e+02 4.572380069999999819e+02
4.166789860000000090e+02 4.640310059999999908e+02
3.489830019999999990e+02 3.982500000000000000e+02
6.205590210000000297e+02 3.831549989999999752e+02
6.748209839999999531e+02 3.150929869999999937e+02
6.295809940000000324e+02 2.808399959999999851e+02
5.581079710000000205e+02 2.727219850000000179e+02
3.490539860000000090e+02 3.606090090000000146e+02
5.156240229999999656e+02 3.033359990000000153e+02
6.657730099999999993e+02 4.513330080000000066e+02
3.493779910000000086e+02 3.425929869999999937e+02
3.515190119999999752e+02 2.925559999999999832e+02
6.889039920000000166e+02 4.002650150000000053e+02
4.203550109999999904e+02 4.642919919999999934e+02
6.098220209999999497e+02 3.012820130000000063e+02
3.494549870000000169e+02 4.265239869999999769e+02
4.111510010000000079e+02 3.145350040000000149e+02
5.090010070000000155e+02 4.391610109999999736e+02
6.664249879999999848e+02 4.030100100000000225e+02
4.981489869999999769e+02 4.660119930000000181e+02
6.333900149999999485e+02 2.715000000000000000e+02
6.723610230000000456e+02 2.816149899999999775e+02
3.564159849999999778e+02 4.448460079999999834e+02
6.835399780000000192e+02 4.232609860000000026e+02
4.215360109999999736e+02 3.646170040000000085e+02
4.978800049999999828e+02 3.445159909999999854e+02
5.940910030000000006e+02 4.598559880000000248e+02
6.730889889999999696e+02 3.665369870000000105e+02
6.230640260000000126e+02 3.578500060000000076e+02
6.794370119999999815e+02 3.219159849999999778e+02
4.650390009999999847e+02 3.009089969999999994e+02
3.496120000000000232e+02 3.785280149999999821e+02
4.229299930000000245e+02 3.302160030000000006e+02
5.526300049999999828e+02 2.754540099999999825e+02
6.727540279999999484e+02 4.435849910000000023e+02
6.226790160000000469e+02 3.208429869999999937e+02
6.022849730000000363e+02 3.734500120000000152e+02
6.815789790000000039e+02 4.106979979999999841e+02
6.809780269999999973e+02 3.246690060000000244e+02
5.849769900000000007e+02 3.807049870000000169e+02
3.862929990000000089e+02 3.463309939999999756e+02
6.248510129999999663e+02 3.182550049999999828e+02
3.524719850000000179e+02 4.303789980000000241e+02
5.705390009999999847e+02 3.307290039999999749e+02
4.743269960000000083e+02 3.155769960000000083e+02
4.705320130000000063e+02 3.732449950000000172e+02
4.731929930000000013e+02 3.181369930000000181e+02
4.287160030000000006e+02 2.792319949999999835e+02
5.768569949999999835e+02 3.193559880000000248e+02
6.571170039999999517e+02 4.526650089999999977e+02
3.491749879999999848e+02 3.632090150000000222e+02
6.398670039999999517e+02 3.067370000000000232e+02
4.115629880000000185e+02 3.479100040000000149e+02
5.724260249999999814e+02 4.625109860000000026e+02
6.248549799999999550e+02 3.604240110000000072e+02
6.255440059999999676e+02 2.720360109999999736e+02
6.016580199999999650e+02 3.559280089999999745e+02
5.406060179999999491e+02 4.601419980000000010e+02
3.760010070000000155e+02 3.030190119999999752e+02
5.695910030000000006e+02 3.678800049999999828e+02
4.819800109999999904e+02 3.278340150000000222e+02
4.962160030000000006e+02 4.155690000000000168e+02
5.017170100000000161e+02 3.410310059999999908e+02
5.736630249999999478e+02 4.627049870000000169e+02
6.274589839999999867e+02 2.719549870000000169e+02
4.687609860000000026e+02 3.700880129999999895e+02
3.532049870000000169e+02 2.929590150000000222e+02
5.175700070000000323e+02 3.073110050000000228e+02
5.028750000000000000e+02 3.406170040000000085e+02
3.510769960000000083e+02 3.153410030000000006e+02
4.212929990000000089e+02 3.680270080000000235e+02
4.238129880000000185e+02 3.413030089999999745e+02
5.829210209999999961e+02 2.726900019999999927e+02
6.264609990000000153e+02 3.160530089999999745e+02
6.150520020000000159e+02 2.731059880000000248e+02
4.627380069999999819e+02 3.001960139999999910e+02
6.720750120000000152e+02 4.619280089999999745e+02
4.294559939999999756e+02 2.804649959999999851e+02
3.521050109999999904e+02 4.018439940000000092e+02
4.972569889999999759e+02 4.127990110000000072e+02
3.561010130000000231e+02 2.938609920000000102e+02
6.811359860000000026e+02 3.523039860000000090e+02
4.052099910000000023e+02 3.761809999999999832e+02
5.631599730000000363e+02 3.528250120000000152e+02
5.583829960000000483e+02 3.286629940000000261e+02
4.316180110000000241e+02 3.406700129999999831e+02
5.350980220000000145e+02 4.575780030000000238e+02
6.069279790000000503e+02 2.735599980000000073e+02
4.978919980000000010e+02 2.746669919999999934e+02
5.203959959999999683e+02 4.472189940000000092e+02
5.770819699999999557e+02 4.617309880000000248e+02
6.815319819999999709e+02 4.302850040000000149e+02
6.356959839999999531e+02 2.741560059999999908e+02
6.313649900000000343e+02 2.772200010000000248e+02
4.967139890000000264e+02 4.221860050000000228e+02
6.807009890000000496e+02 4.169370119999999815e+02
3.890880129999999895e+02 4.186830140000000142e+02
6.255579830000000356e+02 2.834219969999999762e+02
5.208909909999999854e+02 3.031560059999999908e+02
5.548109739999999874e+02 4.639289860000000090e+02
5.118160100000000057e+02 4.398569949999999835e+02
5.786699830000000020e+02 4.606099849999999947e+02
4.102539980000000241e+02 2.745280149999999821e+02
3.775280149999999821e+02 4.278999939999999924e+02
6.261829830000000356e+02 3.854630129999999895e+02
6.859400020000000495e+02 3.403890079999999898e+02
3.528039860000000090e+02 2.914819949999999835e+02
3.745159909999999854e+02 3.015809939999999756e+02
4.423840030000000070e+02 3.960669859999999858e+02
4.746669919999999934e+02 3.657969969999999762e+02
6.783200070000000323e+02 2.972359920000000102e+02
6.179619750000000522e+02 4.575509950000000003e+02
4.070230099999999993e+02 4.156730039999999917e+02
6.806699830000000020e+02 3.870360109999999736e+02
6.379160160000000133e+02 4.570039980000000241e+02
3.842279970000000162e+02 3.466159969999999930e+02
5.112879940000000261e+02 3.256610109999999736e+02
6.200109860000000026e+02 3.485379940000000261e+02
5.623339839999999867e+02 3.265910030000000006e+02
5.639849850000000515e+02 2.726600040000000149e+02
5.335620119999999815e+02 2.856740110000000072e+02
5.784769900000000007e+02 2.710509950000000003e+02
6.059520260000000462e+02 3.734700010000000248e+02
6.243060299999999643e+02 2.876120000000000232e+02
4.506470029999999838e+02 3.900299989999999752e+02
3.539119870000000105e+02 2.754169919999999934e+02
5.925729979999999841e+02 2.732399899999999775e+02
4.014519960000000083e+02 2.747380069999999819e+02
6.129879760000000033e+02 4.577560119999999984e+02
4.537059939999999756e+02 2.951650089999999977e+02
4.055729979999999841e+02 3.760639949999999772e+02
6.836719970000000330e+02 3.305339969999999994e+02
4.158169859999999858e+02 4.115830080000000066e+02
5.082179869999999937e+02 4.380650019999999927e+02
3.727219850000000179e+02 4.571140139999999974e+02
6.023300169999999980e+02 3.391900019999999927e+02
6.199710079999999834e+02 3.438399959999999851e+02
5.566359860000000026e+02 4.647579959999999915e+02
6.028850099999999657e+02 3.430620119999999815e+02
4.853699950000000172e+02 2.748290099999999825e+02
6.058930050000000165e+02 4.567699890000000096e+02
3.779590150000000222e+02 3.364140009999999847e+02
4.968129880000000185e+02 3.533479919999999765e+02
5.984660030000000006e+02 3.755369870000000105e+02
4.762290039999999749e+02 4.264379880000000185e+02
3.761220089999999914e+02 3.005859990000000153e+02
6.748950200000000450e+02 3.585199890000000096e+02
6.488549799999999550e+02 4.548139949999999772e+02
3.764719850000000179e+02 4.330390009999999847e+02
6.228660280000000284e+02 3.287579959999999915e+02
5.764390260000000126e+02 2.730650019999999927e+02
4.461870119999999815e+02 2.919689940000000092e+02
6.289739990000000489e+02 2.742229919999999765e+02
4.364200129999999831e+02 4.014280089999999745e+02
4.896329959999999915e+02 2.772959900000000175e+02
3.926759950000000003e+02 3.565920100000000161e+02
4.686719969999999762e+02 2.905629880000000185e+02
6.389470209999999497e+02 3.072860109999999736e+02
6.188909909999999854e+02 2.733819889999999759e+02
4.976120000000000232e+02 3.460260010000000079e+02
6.745750120000000152e+02 4.103299870000000169e+02
4.783680110000000241e+02 3.573810119999999984e+02
6.448170169999999644e+02 4.554010010000000079e+02
4.295950010000000248e+02 4.196969910000000255e+02
3.749230039999999917e+02 4.506149899999999775e+02
4.015199890000000096e+02 3.090100100000000225e+02
4.968280030000000238e+02 3.865060119999999984e+02
4.745299989999999752e+02 3.644289860000000090e+02
6.596220090000000482e+02 3.033810119999999984e+02
4.964179990000000089e+02 3.863550109999999904e+02
6.268829960000000483e+02 3.177309880000000248e+02
3.925960079999999834e+02 3.164259950000000003e+02
3.848550109999999904e+02 3.071979979999999841e+02
6.207769779999999855e+02 3.413399959999999851e+02
4.970109860000000026e+02 3.880339969999999994e+02
5.117030030000000238e+02 4.151799930000000245e+02
4.963550109999999904e+02 3.607340090000000146e+02
4.240360109999999736e+02 3.628169859999999858e+02
6.308159789999999703e+02 2.795960079999999834e+02
3.778160100000000057e+02 3.314880069999999819e+02
4.814590150000000222e+02 3.461589969999999994e+02
4.204880069999999819e+02 2.781390079999999898e+02
6.170689700000000357e+02 2.732290039999999749e+02
4.140710139999999910e+02 3.164469910000000255e+02
5.619160160000000133e+02 3.478340150000000222e+02
4.897550049999999828e+02 4.496510010000000079e+02
5.624910280000000284e+02 2.749179990000000089e+02
3.722359920000000102e+02 3.542850040000000149e+02
4.335710139999999910e+02 4.018590090000000146e+02
5.124240109999999504e+02 3.180239869999999769e+02
6.638480220000000145e+02 2.766839899999999943e+02
4.818890079999999898e+02 3.474739989999999921e+02
6.582449950000000172e+02 4.519540099999999825e+02
6.227880249999999478e+02 3.261409909999999854e+02
5.131270140000000310e+02 3.255759889999999928e+02
6.709400020000000495e+02 4.420769960000000083e+02
4.676600040000000149e+02 3.749849849999999947e+02
4.979070130000000063e+02 3.548900150000000053e+02
4.055109860000000026e+02 4.135280149999999821e+02
4.818729860000000258e+02 3.386310119999999984e+02
6.765819699999999557e+02 4.379930110000000241e+02
3.760239869999999769e+02 3.306189880000000016e+02
5.259650269999999637e+02 4.495289920000000166e+02
3.837160030000000006e+02 4.635679930000000013e+02
4.344469910000000255e+02 2.841180110000000241e+02
4.782000120000000152e+02 3.298630069999999819e+02
3.540690000000000168e+02 2.789270020000000159e+02
4.964249879999999848e+02 3.766229860000000258e+02
3.497009889999999928e+02 4.216520080000000235e+02
4.477839969999999994e+02 2.927040099999999825e+02
3.779609990000000153e+02 4.312009889999999928e+02
4.971910100000000057e+02 3.649110109999999736e+02
3.611470029999999838e+02 3.151149899999999775e+02
6.609760129999999663e+02 3.042250060000000076e+02
5.705050049999999828e+02 3.702749939999999924e+02
5.757109990000000153e+02 3.803909909999999854e+02
6.571240229999999656e+02 4.504809880000000248e+02
3.523460079999999834e+02 2.853919980000000010e+02
4.939859920000000102e+02 4.523590090000000146e+02
6.327000120000000152e+02 3.687139890000000264e+02
3.948269960000000083e+02 2.738640139999999974e+02
5.289000240000000304e+02 2.909419859999999858e+02
4.533500060000000076e+02 2.955230099999999993e+02
3.496329959999999915e+02 3.808609920000000102e+02
6.491589969999999994e+02 3.046809999999999832e+02
6.716849979999999505e+02 3.644800109999999904e+02
6.236339719999999716e+02 3.864660030000000006e+02
6.239229739999999538e+02 4.569599910000000023e+02
6.352730099999999993e+02 3.081570130000000063e+02
3.513750000000000000e+02 3.982049870000000169e+02
3.748590090000000146e+02 3.461709900000000175e+02
5.581859739999999874e+02 3.278800049999999828e+02
4.031350100000000225e+02 3.079519960000000083e+02
3.495950010000000248e+02 3.610180050000000165e+02
3.686480099999999993e+02 3.215790099999999825e+02
5.081740110000000072e+02 4.298580019999999990e+02
4.062609860000000026e+02 3.785759889999999928e+02
6.063889769999999544e+02 3.743359990000000153e+02
6.135659789999999703e+02 2.964259950000000003e+02
6.589240109999999504e+02 3.980669859999999858e+02
5.044219969999999762e+02 3.401619870000000105e+02
3.856659849999999778e+02 3.230769960000000083e+02
5.612769779999999855e+02 4.634509889999999928e+02
5.225109860000000026e+02 3.027850040000000149e+02
4.807680050000000165e+02 3.510700069999999755e+02
4.326839899999999943e+02 4.082030030000000238e+02
4.522149959999999851e+02 3.859590150000000222e+02
4.092550049999999828e+02 4.065209960000000251e+02
3.890960079999999834e+02 3.706109920000000102e+02
4.242919919999999934e+02 4.059469910000000255e+02
5.599470209999999497e+02 3.443129880000000185e+02
5.889790040000000317e+02 2.969930110000000241e+02
3.518120119999999815e+02 3.681789860000000090e+02
4.141940000000000168e+02 3.153460079999999834e+02
4.962720029999999838e+02 2.788770139999999742e+02
5.124559940000000324e+02 4.169870000000000232e+02
4.263500060000000076e+02 4.167009889999999928e+02
4.965520020000000159e+02 4.297489929999999845e+02
4.206539920000000166e+02 2.781579899999999839e+02
4.762659909999999854e+02 3.214110109999999736e+02
4.900910030000000006e+02 4.365000000000000000e+02
5.051099849999999947e+02 4.329840090000000146e+02
3.749530030000000238e+02 3.464159849999999778e+02
6.645059810000000198e+02 4.020440060000000244e+02
4.116979979999999841e+02 4.036359860000000026e+02
3.714370119999999815e+02 3.568340150000000222e+02
4.037680050000000165e+02 4.128559880000000248e+02
3.873110050000000228e+02 2.717690119999999752e+02
5.496199950000000172e+02 2.782839969999999994e+02
3.782810059999999908e+02 4.493359990000000153e+02
4.741319889999999759e+02 3.258930050000000165e+02
3.653389890000000264e+02 3.205589899999999943e+02
3.506770020000000159e+02 3.576650089999999977e+02
5.101870119999999815e+02 3.320440060000000244e+02
3.928070069999999987e+02 3.815790099999999825e+02
6.073309940000000324e+02 3.019830019999999990e+02
5.058989869999999769e+02 4.304190060000000244e+02
5.104570009999999911e+02 3.347569889999999759e+02
3.561189880000000016e+02 2.784679869999999937e+02
3.534039920000000166e+02 4.234079899999999839e+02
5.734609990000000153e+02 3.763640139999999974e+02
3.818949890000000096e+02 3.015740049999999997e+02
3.899370119999999815e+02 3.002330019999999990e+02
6.807780149999999821e+02 4.256740110000000072e+02
4.614299930000000245e+02 3.034259950000000003e+02
6.783599850000000515e+02 3.234719850000000179e+02
3.516700129999999831e+02 4.109509889999999928e+02
3.521459960000000251e+02 3.288620000000000232e+02
5.604660030000000006e+02 3.530409849999999778e+02
6.426160280000000284e+02 3.910029910000000086e+02
6.023070069999999987e+02 3.090620119999999815e+02
4.975530089999999745e+02 4.008840030000000070e+02
5.702369999999999663e+02 2.726080019999999990e+02
3.873250120000000152e+02 4.188980099999999993e+02
3.942810059999999908e+02 3.038129880000000185e+02
4.007900089999999977e+02 2.755530089999999745e+02
6.023010249999999814e+02 3.223909909999999854e+02
6.660390009999999847e+02 3.090729979999999841e+02
4.786140139999999974e+02 4.264960019999999759e+02
5.685590210000000297e+02 3.729410100000000057e+02
4.210100100000000225e+02 3.214330140000000142e+02
4.210759889999999928e+02 3.214479979999999841e+02
5.753079830000000356e+02 3.180310059999999908e+02
5.043259889999999928e+02 4.036520080000000235e+02
3.728340150000000222e+02 2.738420100000000161e+02
6.846329960000000483e+02 3.413859860000000026e+02
5.947800290000000132e+02 3.900050049999999828e+02
3.905499879999999848e+02 3.620409849999999778e+02
5.717150269999999637e+02 3.188420100000000161e+02
3.540150150000000053e+02 2.929030149999999821e+02
6.655689700000000357e+02 3.689679869999999937e+02
3.519729919999999765e+02 3.694540099999999825e+02
6.666439820000000509e+02 3.022690119999999752e+02
4.791239929999999845e+02 3.533469850000000179e+02
5.844609990000000153e+02 2.888120119999999815e+02
3.508340150000000222e+02 3.930150150000000053e+02
5.441019900000000007e+02 2.802590030000000070e+02
5.823859860000000026e+02 3.846099849999999947e+02
4.961640009999999847e+02 4.487600100000000225e+02
5.092720029999999838e+02 4.291659849999999778e+02
3.597760010000000079e+02 4.235840150000000222e+02
5.134199830000000020e+02 4.140220029999999838e+02
6.671400149999999485e+02 3.640329899999999839e+02
5.230399780000000192e+02 4.472430110000000241e+02
5.389639889999999696e+02 4.558949890000000096e+02
3.761000060000000076e+02 2.998450010000000248e+02
4.064760130000000231e+02 3.762349849999999947e+02
5.706480099999999993e+02 4.622319949999999835e+02
6.019990229999999656e+02 3.197179869999999937e+02
5.346669920000000502e+02 3.797699890000000096e+02
6.252169800000000350e+02 2.829710079999999834e+02
5.828099979999999505e+02 2.978569949999999835e+02
6.012069699999999557e+02 3.222529910000000086e+02
3.897399899999999775e+02 3.018680110000000241e+02
5.130520020000000159e+02 3.274719850000000179e+02
4.415100100000000225e+02 2.906419980000000010e+02
4.236250000000000000e+02 2.786059880000000248e+02
3.556270139999999742e+02 2.905669859999999858e+02
5.240269779999999855e+02 2.993510130000000231e+02
3.507479860000000258e+02 3.238210139999999910e+02
6.566849979999999505e+02 2.985299989999999752e+02
3.558590090000000146e+02 3.944570009999999911e+02
4.039570009999999911e+02 3.072229919999999765e+02
3.583320009999999911e+02 4.262799989999999752e+02
3.575360109999999736e+02 3.956409909999999854e+02
4.494460139999999910e+02 3.871789860000000090e+02
3.513380129999999895e+02 3.097189940000000092e+02
5.060140079999999898e+02 3.368450010000000248e+02
5.061640009999999847e+02 4.045530089999999745e+02
4.070570069999999987e+02 4.062869870000000105e+02
6.814660030000000006e+02 3.281010130000000231e+02
4.967999879999999848e+02 4.190559999999999832e+02
6.251699830000000020e+02 3.572770080000000235e+02
5.100799870000000169e+02 3.677449950000000172e+02
5.891480099999999993e+02 3.903930050000000165e+02
3.538439940000000092e+02 3.138800049999999828e+02
6.263179930000000013e+02 3.217799989999999752e+02
6.326170039999999517e+02 3.894500120000000152e+02
4.220969850000000179e+02 4.543670040000000085e+02
3.701549989999999752e+02 3.893359990000000153e+02
4.119819949999999835e+02 3.744630129999999895e+02
4.243670040000000085e+02 3.231189880000000016e+02
4.370780030000000238e+02 4.234590150000000222e+02
6.314240109999999504e+02 3.676159969999999930e+02
6.263510129999999663e+02 3.217279970000000162e+02
6.453319699999999557e+02 3.100409849999999778e+02
5.064920040000000085e+02 4.114070130000000063e+02
3.514899899999999775e+02 3.728120119999999815e+02
5.190159909999999854e+02 3.122839969999999994e+02
5.576420289999999795e+02 3.486140139999999974e+02
5.682589719999999716e+02 4.266770020000000159e+02
4.502929990000000089e+02 4.576300049999999828e+02
4.477019960000000083e+02 4.212980039999999917e+02
5.579589839999999867e+02 3.440660100000000057e+02
4.741889949999999772e+02 3.899840090000000146e+02
3.564429930000000013e+02 3.121849980000000073e+02
5.874030149999999821e+02 3.147820130000000063e+02
5.252800290000000132e+02 4.489429930000000013e+02
5.498729859999999690e+02 3.562550049999999828e+02
3.770740049999999997e+02 3.818590090000000146e+02
3.696589969999999994e+02 3.647189940000000092e+02
6.048250120000000152e+02 2.745379940000000261e+02
4.746180110000000241e+02 3.020610050000000228e+02
5.185560299999999643e+02 4.440589899999999943e+02
5.887659909999999854e+02 2.732090150000000222e+02
3.693099980000000073e+02 4.245339969999999994e+02
5.135269779999999855e+02 4.122699890000000096e+02
3.773940119999999752e+02 4.450230099999999993e+02
4.469479979999999841e+02 2.934790039999999749e+02
4.275669859999999858e+02 4.030360109999999736e+02
4.718299870000000169e+02 3.665799870000000169e+02
6.735059810000000198e+02 3.176480099999999993e+02
6.168980099999999993e+02 3.867179869999999937e+02
4.227019960000000083e+02 3.688989869999999769e+02
3.516279910000000086e+02 3.137170100000000161e+02
3.576759950000000003e+02 3.143110050000000228e+02
5.702760009999999511e+02 3.748900150000000053e+02
6.210939939999999524e+02 3.410060119999999984e+02
6.131060179999999491e+02 3.858150019999999927e+02
4.579100040000000149e+02 3.798630069999999819e+02
5.067479860000000258e+02 3.667730099999999993e+02
6.640789790000000039e+02 4.037019960000000083e+02
5.276770020000000159e+02 2.924530030000000238e+02
5.783469850000000179e+02 3.175769960000000083e+02
6.600000000000000000e+02 4.476130069999999819e+02
4.311300049999999828e+02 3.506409909999999854e+02
5.542860110000000304e+02 3.402330019999999990e+02
6.479769900000000007e+02 4.527619930000000181e+02
4.979299930000000245e+02 4.462919919999999934e+02
4.788670040000000085e+02 3.385610050000000228e+02
5.030989989999999921e+02 4.230390009999999847e+02
5.887299799999999550e+02 4.561759950000000003e+02
5.057730099999999993e+02 3.558739929999999845e+02
4.312569889999999759e+02 4.137709960000000251e+02
4.316619870000000105e+02 4.271600040000000149e+02
4.043439940000000092e+02 2.791579899999999839e+02
6.017990109999999504e+02 3.751619870000000105e+02
3.776849980000000073e+02 4.402090150000000222e+02
5.381090090000000146e+02 2.825589899999999943e+02
3.650409849999999778e+02 2.729179990000000089e+02
6.146489870000000337e+02 2.922349849999999947e+02
5.830449830000000020e+02 2.737340090000000146e+02
6.235449830000000020e+02 3.336369930000000181e+02
5.554609990000000153e+02 3.511520080000000235e+02
4.764219969999999762e+02 3.424580080000000066e+02
4.040509950000000003e+02 4.097269900000000007e+02
3.770750120000000152e+02 4.257699890000000096e+02
4.328179930000000013e+02 4.473410030000000006e+02
4.778510130000000231e+02 3.294419859999999858e+02
4.551019900000000007e+02 3.828110050000000228e+02
5.063559880000000248e+02 3.404639890000000264e+02
3.533949890000000096e+02 4.174240110000000072e+02
3.692919919999999934e+02 3.639190060000000244e+02
6.590930180000000291e+02 3.069370119999999815e+02
3.756640009999999847e+02 2.739179990000000089e+02
5.090880129999999895e+02 4.201889949999999772e+02
3.546319889999999759e+02 4.183699950000000172e+02
3.586600040000000149e+02 2.766199950000000172e+02
3.533959960000000251e+02 3.291700129999999831e+02
5.907169800000000350e+02 2.736130069999999819e+02
3.827170100000000161e+02 3.187510070000000155e+02
5.610109860000000026e+02 2.784020080000000235e+02
5.838179930000000013e+02 2.965939940000000092e+02
5.881950070000000323e+02 4.559389949999999772e+02
5.127910160000000133e+02 4.388810119999999984e+02
6.828629760000000033e+02 3.443460079999999834e+02
5.681019900000000007e+02 4.320060119999999984e+02
3.698850100000000225e+02 3.251040039999999749e+02
6.606240229999999656e+02 3.461969910000000255e+02
3.574259950000000003e+02 3.980419919999999934e+02
5.817719730000000027e+02 2.918359990000000153e+02
6.077910160000000133e+02 3.671400150000000053e+02
4.294939880000000016e+02 3.558280030000000238e+02
5.646010129999999663e+02 3.664429930000000013e+02
6.373629760000000033e+02 3.101120000000000232e+02
6.655250240000000304e+02 3.117449950000000172e+02
5.580839839999999867e+02 3.444089969999999994e+02
6.326370239999999967e+02 3.928349910000000023e+02
5.640880130000000463e+02 3.731610109999999736e+02
4.330599980000000073e+02 3.488919980000000010e+02
5.314210209999999961e+02 4.308240049999999997e+02
6.229279790000000503e+02 3.424590150000000222e+02
3.673699950000000172e+02 3.221929930000000013e+02
6.031740109999999504e+02 3.041400150000000053e+02
6.775889889999999696e+02 4.314809880000000248e+02
3.800079959999999915e+02 3.681610109999999736e+02
4.915499879999999848e+02 3.310270080000000235e+02
3.803280030000000238e+02 3.860440060000000244e+02
6.304169920000000502e+02 3.908699950000000172e+02
6.064340210000000297e+02 2.998989869999999769e+02
5.547160030000000006e+02 4.609079899999999839e+02
5.901979979999999841e+02 3.916619870000000105e+02
5.922650149999999485e+02 2.941619870000000105e+02
5.961110230000000456e+02 2.751560059999999908e+02
5.000790099999999825e+02 3.920840150000000222e+02
6.525120239999999967e+02 4.493439940000000092e+02
6.748179930000000013e+02 3.245480039999999917e+02
6.763339839999999867e+02 3.248840030000000070e+02
5.625079960000000483e+02 2.776109920000000102e+02
5.253610230000000456e+02 4.191640009999999847e+02
3.586489869999999769e+02 3.527059939999999756e+02
3.637690119999999752e+02 4.246069949999999835e+02
6.499290160000000469e+02 4.314089969999999994e+02
5.269849850000000515e+02 3.745180050000000165e+02
5.839270020000000159e+02 2.809089969999999994e+02
5.656060179999999491e+02 3.235260010000000079e+02
5.161719970000000330e+02 3.206099849999999947e+02
5.938480220000000145e+02 3.128229979999999841e+02
4.252470089999999914e+02 3.233989869999999769e+02
3.668290099999999825e+02 4.240239869999999769e+02
5.692210079999999834e+02 4.623489989999999921e+02
3.792229919999999765e+02 2.729970089999999914e+02
3.989689940000000092e+02 3.799590150000000222e+02
5.653220209999999497e+02 3.615969850000000179e+02
5.926849979999999505e+02 2.741499939999999924e+02
6.020520020000000159e+02 3.850700069999999755e+02
6.718270260000000462e+02 4.405369870000000105e+02
5.647630000000000337e+02 3.605849910000000023e+02
6.012130130000000463e+02 2.770759889999999928e+02
3.530660100000000057e+02 3.285790099999999825e+02
3.963359990000000153e+02 3.822520139999999742e+02
3.946029970000000162e+02 3.812130129999999895e+02
4.966700129999999831e+02 2.836189880000000016e+02
5.596149900000000343e+02 3.495669859999999858e+02
5.562399900000000343e+02 3.281700129999999831e+02
6.563040160000000469e+02 3.889010010000000079e+02
6.806300049999999828e+02 4.298590090000000146e+02
6.052299799999999550e+02 3.748999939999999924e+02
6.424069819999999709e+02 3.095650019999999927e+02
5.088290099999999825e+02 4.331709900000000175e+02
6.244489750000000186e+02 2.739110109999999736e+02
5.764550169999999980e+02 3.823110050000000228e+02
3.642600100000000225e+02 2.736839899999999943e+02
6.343189700000000357e+02 4.054270020000000159e+02
6.662540279999999484e+02 3.667380069999999819e+02
5.603560179999999491e+02 3.259200129999999831e+02
5.351989750000000186e+02 3.809060059999999908e+02
5.372299799999999550e+02 2.877839969999999994e+02
6.152410280000000284e+02 2.918080140000000142e+02
5.078169859999999858e+02 3.716549989999999752e+02
3.518869930000000181e+02 3.116029970000000162e+02
4.323620000000000232e+02 3.510799870000000169e+02
6.219030149999999821e+02 4.559920040000000085e+02
5.826790160000000469e+02 2.909779970000000162e+02
6.481489870000000337e+02 3.901390079999999898e+02
4.148169859999999858e+02 3.739500120000000152e+02
5.625050049999999828e+02 3.261059880000000248e+02
6.716069949999999835e+02 3.570050049999999828e+02
6.135300290000000132e+02 4.563789980000000241e+02
6.015709839999999531e+02 2.753940119999999752e+02
6.824780269999999973e+02 3.318580019999999990e+02
6.095640260000000126e+02 2.775989989999999921e+02
3.853200069999999755e+02 2.726000060000000076e+02
5.502379760000000033e+02 3.395260010000000079e+02
4.458989869999999769e+02 3.876040039999999749e+02
6.404769900000000007e+02 3.702999879999999848e+02
5.497459720000000516e+02 3.548129880000000185e+02
5.850100099999999657e+02 3.912479860000000258e+02
6.563809810000000198e+02 2.965599980000000073e+02
3.576379999999999768e+02 2.778139949999999772e+02
3.625650019999999927e+02 3.918120119999999815e+02
4.768659969999999930e+02 3.582370000000000232e+02
5.143800049999999828e+02 3.721539920000000166e+02
5.989119869999999537e+02 3.926050109999999904e+02
5.920839839999999867e+02 3.143739929999999845e+02
3.678529970000000162e+02 3.243810119999999984e+02
4.264039920000000166e+02 4.337770080000000235e+02
4.334989929999999845e+02 3.798030089999999745e+02
5.326240229999999656e+02 3.799609990000000153e+02
6.404840090000000146e+02 3.095920100000000161e+02
5.134600219999999808e+02 4.139979860000000258e+02
4.332669980000000010e+02 3.402919919999999934e+02
6.222000120000000152e+02 3.466700129999999831e+02
5.069129940000000261e+02 4.012600100000000225e+02
3.641629940000000261e+02 2.919060059999999908e+02
3.776279910000000086e+02 4.251860050000000228e+02
4.977909849999999778e+02 3.821140139999999974e+02
5.458410030000000006e+02 3.577130129999999895e+02
4.207269900000000007e+02 4.051979979999999841e+02
3.545799870000000169e+02 2.841260070000000155e+02
6.261680300000000443e+02 3.253580019999999990e+02
5.174420169999999644e+02 4.060769960000000083e+02
6.310109860000000026e+02 4.439620059999999739e+02
3.828630069999999819e+02 3.869519960000000083e+02
3.542919919999999934e+02 3.522680050000000165e+02
6.621970209999999497e+02 3.571239929999999845e+02
6.799849850000000515e+02 3.415469969999999762e+02
5.091929930000000013e+02 3.610780030000000238e+02
3.981279910000000086e+02 4.139460139999999910e+02
5.594169920000000502e+02 3.252600100000000225e+02
4.273850100000000225e+02 2.819890139999999974e+02
6.425460209999999961e+02 4.078349910000000023e+02
6.023729859999999690e+02 4.534719850000000179e+02
6.169010009999999511e+02 4.558469850000000179e+02
4.094630129999999895e+02 2.784979860000000258e+02
6.712910160000000133e+02 3.505249939999999924e+02
5.513200070000000323e+02 3.264030149999999821e+02
3.897890009999999847e+02 4.161029970000000162e+02
6.282670289999999795e+02 2.790409849999999778e+02
5.066560059999999908e+02 3.895639949999999772e+02
5.105209960000000251e+02 4.265329899999999839e+02
4.190950010000000248e+02 3.169609990000000153e+02
3.618940119999999752e+02 3.933280030000000238e+02
6.502230220000000145e+02 3.917070009999999911e+02
3.719769900000000007e+02 3.350199890000000096e+02
5.270260009999999511e+02 4.165790099999999825e+02
5.376589969999999994e+02 4.530740049999999997e+02
5.860549929999999677e+02 2.894119870000000105e+02
5.290020140000000310e+02 3.750100100000000225e+02
5.051359860000000026e+02 3.538070069999999987e+02
4.027879940000000261e+02 3.994809880000000248e+02
5.877700200000000450e+02 2.737130129999999895e+02
5.067999879999999848e+02 3.516809999999999832e+02
3.546679990000000089e+02 3.413999939999999924e+02
4.569519960000000083e+02 3.006709900000000175e+02
3.754379880000000185e+02 4.266350100000000225e+02
5.669379880000000185e+02 3.216270139999999742e+02
4.593179930000000013e+02 3.047399899999999775e+02
3.641180110000000241e+02 2.751870119999999815e+02
6.614299929999999677e+02 3.722760010000000079e+02
4.069280089999999745e+02 3.046879880000000185e+02
6.048070069999999987e+02 3.874240110000000072e+02
6.600430300000000443e+02 3.426510010000000079e+02
3.815220029999999838e+02 3.868909909999999854e+02
3.567349849999999947e+02 3.172279970000000162e+02
5.862509770000000344e+02 2.797239989999999921e+02
6.684429930000000013e+02 3.589129940000000261e+02
4.666820069999999987e+02 3.117969969999999762e+02
6.627529909999999518e+02 3.075650019999999927e+02
4.340129999999999768e+02 3.448349910000000023e+02
6.426430050000000165e+02 4.011510010000000079e+02
6.462730099999999993e+02 3.936679990000000089e+02
4.975750120000000152e+02 3.236730039999999917e+02
5.135310060000000476e+02 3.339429930000000013e+02
4.335299989999999752e+02 3.486099849999999947e+02
6.101400149999999485e+02 2.775039980000000241e+02
6.426950070000000323e+02 3.853219910000000255e+02
6.515009770000000344e+02 2.775920100000000161e+02
6.411179809999999861e+02 4.532370000000000232e+02
6.691510009999999511e+02 4.106730039999999917e+02
5.252310179999999491e+02 4.450629880000000185e+02
6.414660030000000006e+02 3.844679869999999937e+02
4.013460079999999834e+02 2.783850100000000225e+02
4.776990049999999997e+02 3.332770080000000235e+02
3.762780149999999821e+02 3.861449890000000096e+02
3.577300109999999904e+02 2.785050049999999828e+02
5.200689700000000357e+02 4.428770139999999742e+02
6.614790040000000317e+02 4.016650089999999977e+02
3.553389890000000264e+02 3.458320009999999911e+02
5.877479859999999690e+02 2.866560059999999908e+02
6.271259770000000344e+02 2.754530030000000238e+02
5.738610230000000456e+02 3.133410030000000006e+02
6.601510009999999511e+02 3.472900089999999977e+02
4.723200069999999755e+02 4.087019960000000083e+02
5.595360110000000304e+02 3.388439940000000092e+02
5.946560060000000476e+02 4.542839969999999994e+02
6.670339969999999994e+02 4.216619870000000105e+02
5.889140009999999847e+02 3.136940000000000168e+02
6.109039920000000166e+02 2.937390139999999974e+02
3.557640079999999898e+02 3.465060119999999984e+02
3.997109990000000153e+02 2.771120000000000232e+02
4.258779910000000086e+02 4.026969910000000255e+02
6.653729859999999690e+02 3.599289860000000090e+02
4.601029970000000162e+02 3.752560119999999984e+02
6.495170289999999795e+02 3.729800109999999904e+02
5.517260129999999663e+02 3.583819889999999759e+02
5.733389889999999696e+02 3.795140079999999898e+02
6.180239870000000337e+02 2.774719850000000179e+02
5.862659909999999854e+02 4.559249879999999848e+02
5.603939820000000509e+02 4.618689880000000016e+02
6.689069819999999709e+02 4.122090150000000222e+02
5.803469850000000179e+02 3.141799930000000245e+02
4.378779910000000086e+02 3.764309999999999832e+02
3.920260010000000079e+02 2.740409849999999778e+02
4.275150150000000053e+02 4.005270080000000235e+02
5.087349849999999947e+02 3.640849910000000023e+02
6.249429930000000013e+02 3.486409909999999854e+02
6.273889769999999544e+02 2.807659909999999854e+02
5.246049799999999550e+02 2.994389949999999772e+02
5.457589719999999716e+02 3.418720089999999914e+02
6.772630000000000337e+02 4.322349849999999947e+02
3.680750120000000152e+02 2.827049870000000169e+02
5.294450070000000323e+02 4.131379999999999768e+02
6.344110110000000304e+02 4.072600100000000225e+02
6.576630249999999478e+02 3.770620119999999815e+02
6.195170289999999795e+02 4.407149959999999851e+02
6.722680050000000165e+02 4.128039860000000090e+02
4.379830019999999990e+02 3.924559939999999756e+02
5.512269900000000007e+02 2.778349910000000023e+02
3.816650089999999977e+02 2.727319949999999835e+02
5.502960209999999961e+02 3.391310119999999984e+02
5.346079710000000205e+02 4.559590150000000222e+02
6.578759770000000344e+02 3.873540039999999749e+02
5.070799870000000169e+02 4.064989929999999845e+02
5.445219730000000027e+02 2.872130129999999895e+02
3.899649959999999851e+02 2.738309939999999756e+02
6.574869999999999663e+02 3.077399899999999775e+02
4.398110050000000228e+02 2.899159849999999778e+02
3.682820130000000063e+02 3.904609990000000153e+02
3.533320009999999911e+02 3.364639890000000264e+02
4.644909969999999930e+02 3.103089899999999943e+02
4.053989869999999769e+02 4.075969850000000179e+02
5.407369999999999663e+02 4.527669980000000010e+02
5.082510070000000155e+02 3.403940119999999752e+02
6.519799799999999550e+02 3.326080019999999990e+02
6.207470090000000482e+02 3.955000000000000000e+02
5.506749879999999848e+02 3.274479979999999841e+02
6.534689939999999524e+02 3.707279970000000162e+02
5.726420289999999795e+02 3.096849980000000073e+02
6.685209959999999683e+02 4.412149959999999851e+02
5.674110110000000304e+02 2.810580140000000142e+02
4.102040099999999825e+02 3.991629940000000261e+02
6.735949709999999868e+02 4.150849910000000023e+02
6.533449709999999868e+02 4.396679990000000089e+02
6.703140260000000126e+02 3.212969969999999762e+02
5.488950200000000450e+02 3.534270020000000159e+02
5.541979979999999841e+02 3.091870119999999815e+02
6.256989750000000186e+02 3.362460019999999759e+02
5.157369999999999663e+02 3.546329959999999915e+02
4.654389949999999772e+02 3.257359920000000102e+02
6.180750120000000152e+02 4.560740049999999997e+02
3.658739929999999845e+02 3.667319949999999835e+02
3.931579899999999839e+02 4.140610050000000228e+02
5.715239870000000337e+02 4.130350040000000149e+02
4.107080080000000066e+02 2.859719850000000179e+02
6.679840090000000146e+02 3.494150089999999977e+02
5.880250240000000304e+02 4.197720029999999838e+02
5.222360230000000456e+02 4.354689940000000092e+02
5.894520260000000462e+02 3.095169980000000010e+02
5.833339839999999867e+02 4.341960139999999910e+02
3.827969969999999762e+02 2.909769900000000007e+02
4.445969850000000179e+02 3.453229979999999841e+02
3.519159849999999778e+02 3.587879940000000261e+02
5.855960079999999834e+02 2.821050109999999904e+02
3.730969850000000179e+02 3.407629999999999768e+02
6.419749759999999696e+02 3.098569949999999835e+02
5.827589719999999716e+02 2.759590150000000222e+02
4.293399959999999851e+02 3.983210139999999910e+02
5.536480099999999993e+02 3.953959960000000251e+02
3.801809999999999832e+02 3.892170100000000161e+02
3.670880129999999895e+02 3.606629940000000261e+02
5.644229739999999538e+02 4.253750000000000000e+02
6.574869999999999663e+02 2.829469910000000255e+02
6.055739750000000186e+02 2.888999939999999924e+02
5.417020260000000462e+02 3.583190000000000168e+02
3.721159969999999930e+02 3.369970089999999914e+02
4.089519960000000083e+02 3.979960019999999759e+02
4.359360050000000228e+02 3.369620059999999739e+02
5.193480220000000145e+02 3.852460019999999759e+02
6.674940189999999802e+02 3.490549930000000245e+02
5.051520080000000235e+02 3.457529910000000086e+02
6.566279909999999518e+02 3.485010070000000155e+02
3.625780030000000238e+02 2.745920100000000161e+02
3.715969850000000179e+02 3.474870000000000232e+02
5.522890009999999847e+02 3.394719850000000179e+02
6.025120239999999967e+02 4.348439940000000092e+02
6.057369999999999663e+02 3.172720029999999838e+02
5.300880130000000463e+02 2.964389949999999772e+02
5.175629880000000185e+02 3.426879880000000185e+02
5.789479979999999841e+02 4.126379999999999768e+02
5.237800290000000132e+02 3.536270139999999742e+02
5.645440059999999676e+02 3.100939940000000092e+02
6.544799799999999550e+02 4.271319889999999759e+02
6.545200200000000450e+02 3.733479919999999765e+02
5.640100099999999657e+02 4.327300109999999904e+02
4.356969910000000255e+02 3.357730099999999993e+02
5.961300049999999828e+02 4.378919980000000010e+02
5.554769900000000007e+02 4.220299989999999752e+02
5.819970090000000482e+02 3.095369870000000105e+02
5.725839839999999867e+02 3.105780030000000238e+02
4.005660100000000057e+02 4.017070009999999911e+02
6.317760009999999511e+02 4.021690060000000244e+02
5.742520140000000310e+02 2.909729919999999765e+02
5.147260129999999663e+02 3.523240049999999997e+02
5.233469850000000179e+02 3.073340150000000222e+02
5.157180180000000291e+02 4.193670040000000085e+02
5.065929869999999937e+02 3.807059939999999756e+02
4.868410030000000006e+02 3.622269900000000007e+02
4.219230039999999917e+02 2.847609860000000026e+02
6.336580199999999650e+02 3.724490049999999997e+02
4.590270080000000235e+02 3.090320130000000063e+02
3.708160100000000057e+02 3.281589969999999994e+02
6.193070069999999987e+02 4.070140079999999898e+02
5.749550169999999980e+02 2.971130069999999819e+02
4.874140009999999847e+02 2.916059880000000248e+02
4.216740110000000072e+02 3.197200010000000248e+02
4.663989869999999769e+02 3.177430110000000241e+02
3.996889949999999772e+02 4.121579899999999839e+02
6.025460209999999961e+02 3.013229979999999841e+02
6.398880000000000337e+02 3.942449950000000172e+02
5.380300290000000132e+02 3.107950129999999831e+02
4.271520080000000235e+02 3.630369870000000105e+02
6.385830079999999498e+02 3.656499939999999924e+02
6.424210209999999961e+02 4.475249939999999924e+02
5.918629760000000033e+02 2.745719910000000255e+02
4.254639890000000264e+02 2.817409969999999930e+02
5.572280269999999973e+02 3.946270139999999742e+02
5.678449709999999868e+02 4.145469969999999762e+02
4.034859920000000102e+02 2.797279970000000162e+02
6.451760249999999814e+02 4.282550049999999828e+02
4.740220029999999838e+02 3.624159849999999778e+02
5.844349979999999505e+02 4.554790039999999749e+02
5.563159789999999703e+02 3.953020020000000159e+02
6.349899900000000343e+02 4.490280149999999821e+02
5.935590210000000297e+02 3.935409849999999778e+02
4.382680050000000165e+02 3.789010010000000079e+02
4.502080080000000066e+02 3.674230039999999917e+02
6.438540040000000317e+02 4.090220029999999838e+02
3.800429990000000089e+02 4.194609990000000153e+02
5.425549929999999677e+02 3.267739869999999769e+02
5.922000120000000152e+02 2.917890009999999847e+02
5.711779790000000503e+02 4.340440060000000244e+02
4.081220089999999914e+02 3.944660030000000006e+02
3.888900150000000053e+02 4.160780030000000238e+02
3.979630129999999895e+02 3.013120119999999815e+02
5.571550290000000132e+02 3.191029970000000162e+02
6.610000000000000000e+02 3.180809939999999756e+02
6.363469850000000179e+02 3.647030030000000238e+02
5.426199950000000172e+02 3.075769960000000083e+02
5.572369999999999663e+02 3.732699890000000096e+02
6.281560060000000476e+02 3.542160030000000006e+02
3.899450069999999755e+02 2.981990049999999997e+02
3.730830080000000066e+02 3.894849849999999947e+02
5.563699950000000172e+02 3.475209960000000251e+02
5.365560299999999643e+02 4.174169919999999934e+02
5.193220209999999497e+02 3.202040099999999825e+02
6.429929809999999861e+02 3.544360050000000228e+02
4.296759950000000003e+02 3.994960019999999759e+02
5.714130249999999478e+02 3.190969850000000179e+02
5.209099730000000363e+02 3.131919859999999858e+02
6.711760249999999814e+02 4.294729919999999765e+02
5.638120119999999815e+02 3.736589969999999994e+02
6.244630130000000463e+02 3.333420100000000161e+02
5.412919920000000502e+02 4.214119870000000105e+02
3.585539860000000090e+02 3.760350040000000149e+02
5.062820130000000063e+02 3.472560119999999984e+02
4.359920040000000085e+02 3.913059999999999832e+02
6.679219970000000330e+02 4.252799989999999752e+02
6.203549799999999550e+02 3.969440000000000168e+02
5.142130130000000463e+02 4.059450069999999755e+02
5.728829960000000483e+02 3.804899899999999775e+02
6.507680050000000165e+02 3.472820130000000063e+02
5.587069699999999557e+02 3.693919980000000010e+02
4.721719969999999762e+02 3.249909969999999930e+02
6.504299929999999677e+02 3.715719910000000255e+02
3.970729979999999841e+02 4.123919980000000010e+02
5.318150020000000495e+02 4.124750060000000076e+02
5.939890139999999974e+02 2.943989869999999769e+02
5.060490110000000072e+02 3.619719850000000179e+02
5.572189939999999524e+02 3.445530089999999745e+02
6.377650149999999485e+02 3.510220029999999838e+02
6.574349979999999505e+02 3.867359920000000102e+02
5.186660160000000133e+02 4.019819949999999835e+02
6.526030269999999973e+02 4.491029970000000162e+02
5.077200010000000248e+02 3.543059999999999832e+02
4.005639949999999772e+02 3.967189940000000092e+02
5.647589719999999716e+02 4.061619870000000105e+02
4.372780149999999821e+02 3.785929869999999937e+02
5.451240229999999656e+02 2.924719850000000179e+02
6.408720090000000482e+02 3.969540099999999825e+02
5.190910030000000006e+02 3.746140139999999974e+02
5.845919800000000350e+02 3.135539860000000090e+02
6.347650149999999485e+02 4.008729860000000258e+02
3.654989929999999845e+02 3.591629940000000261e+02
4.292709960000000251e+02 3.297749939999999924e+02
5.627030029999999670e+02 2.894679869999999937e+02
6.572969970000000330e+02 2.821400150000000053e+02
6.720560299999999643e+02 3.475480039999999917e+02
5.096860050000000228e+02 3.738049930000000245e+02
3.685390009999999847e+02 3.584540099999999825e+02
6.493679809999999861e+02 4.294500120000000152e+02
6.652399900000000343e+02 4.095950010000000248e+02
3.787470089999999914e+02 4.132860109999999736e+02
3.722319949999999835e+02 2.749440000000000168e+02
4.249410100000000057e+02 4.488500060000000076e+02
3.814580080000000066e+02 2.769890139999999974e+02
5.144260249999999814e+02 3.707200010000000248e+02
6.047119750000000522e+02 3.879419859999999858e+02
4.156539920000000166e+02 4.491719969999999762e+02
6.000800169999999980e+02 4.490629880000000185e+02
5.395670169999999644e+02 3.256350100000000225e+02
6.441090090000000146e+02 4.337430110000000241e+02
5.510380249999999478e+02 2.804609990000000153e+02
4.067640079999999898e+02 2.832460019999999759e+02
4.655969850000000179e+02 3.202520139999999742e+02
5.549920039999999517e+02 2.787090150000000222e+02
4.384769900000000007e+02 3.896440119999999752e+02
5.467940059999999676e+02 4.359249879999999848e+02
5.187800290000000132e+02 3.857510070000000155e+02
5.822880249999999478e+02 4.127850040000000149e+02
5.194400020000000495e+02 3.862940060000000244e+02
3.571300049999999828e+02 2.894450069999999755e+02
3.789840090000000146e+02 4.220039980000000241e+02
5.624910280000000284e+02 3.826440119999999752e+02
5.597150269999999637e+02 4.112999879999999848e+02
5.600620119999999815e+02 3.201950069999999755e+02
4.651950069999999755e+02 4.424649959999999851e+02
6.242059940000000324e+02 2.826719969999999762e+02
5.550910030000000006e+02 3.279849849999999947e+02
5.764589839999999867e+02 2.907760010000000079e+02
3.943070069999999987e+02 3.008139949999999772e+02
5.621640009999999847e+02 4.221210019999999759e+02
3.619689940000000092e+02 3.976220089999999914e+02
4.360469969999999762e+02 3.504670100000000161e+02
5.281320190000000139e+02 3.571870119999999815e+02
5.075289920000000166e+02 3.588829959999999915e+02
6.093099979999999505e+02 4.010000000000000000e+02
6.125349730000000363e+02 4.556229860000000258e+02
4.224039920000000166e+02 3.710710139999999910e+02
6.318579710000000205e+02 3.169079899999999839e+02
5.760339969999999994e+02 4.305310059999999908e+02
4.517839969999999994e+02 3.725440060000000244e+02
5.427299799999999550e+02 3.070960079999999834e+02
5.964869999999999663e+02 2.995899959999999851e+02
5.649769900000000007e+02 4.058089899999999943e+02
6.414580079999999498e+02 4.024270020000000159e+02
6.000560299999999643e+02 4.274620059999999739e+02
5.472999879999999848e+02 4.545060119999999984e+02
5.221840210000000297e+02 3.663659969999999930e+02
6.579539790000000039e+02 3.808460079999999834e+02
5.444169920000000502e+02 3.048599849999999947e+02
5.219400020000000495e+02 3.193120119999999815e+02
5.838670039999999517e+02 4.538529970000000162e+02
6.657550049999999828e+02 3.275669859999999858e+02
4.760230099999999993e+02 3.416090090000000146e+02
5.233070069999999987e+02 4.335289920000000166e+02
5.182020260000000462e+02 4.243829959999999915e+02
4.338450010000000248e+02 3.538039860000000090e+02
5.140209959999999683e+02 3.507370000000000232e+02
6.081719970000000330e+02 4.523370059999999739e+02
3.886619870000000105e+02 2.979540099999999825e+02
5.224699709999999868e+02 4.118070069999999987e+02
5.239639889999999696e+02 4.389219969999999762e+02
6.201450200000000450e+02 3.948659969999999930e+02
5.615130000000000337e+02 4.073439940000000092e+02
5.072520139999999742e+02 3.543710019999999759e+02
5.704899900000000343e+02 3.815400089999999977e+02
5.637559810000000198e+02 3.135329899999999839e+02
5.528189700000000357e+02 3.033410030000000006e+02
3.778070069999999987e+02 4.124240110000000072e+02
5.035310059999999908e+02 2.973269960000000083e+02
5.358309940000000324e+02 4.396560059999999908e+02
6.705079960000000483e+02 4.283099980000000073e+02
6.450269779999999855e+02 4.435650019999999927e+02
5.517169800000000350e+02 4.536530149999999821e+02
5.742399900000000343e+02 3.914379880000000185e+02
4.181570130000000063e+02 2.830209960000000251e+02
6.196820069999999987e+02 3.962619930000000181e+02
6.775360110000000304e+02 3.266319889999999759e+02
4.438299870000000169e+02 2.984190060000000244e+02
3.775759889999999928e+02 3.178290099999999825e+02
5.838140260000000126e+02 4.551159969999999930e+02
5.572709959999999683e+02 3.160270080000000235e+02
3.770799870000000169e+02 2.919509889999999928e+02
4.270400089999999977e+02 3.642479860000000258e+02
6.571290279999999484e+02 3.528930050000000165e+02
6.560219730000000027e+02 3.774920040000000085e+02
6.331309810000000198e+02 3.966180110000000241e+02
3.709429930000000013e+02 3.446120000000000232e+02
5.281380000000000337e+02 3.464920040000000085e+02
5.324130249999999478e+02 3.602799989999999752e+02
6.394660030000000006e+02 3.121619870000000105e+02
5.598569949999999835e+02 3.776210019999999759e+02
6.407810060000000476e+02 3.163330080000000066e+02
4.259960019999999759e+02 3.670849910000000023e+02
5.472109990000000153e+02 3.402179869999999937e+02
5.339089969999999994e+02 4.473169859999999858e+02
3.559989929999999845e+02 2.841059880000000248e+02
4.420859990000000153e+02 3.095549930000000245e+02
6.620560299999999643e+02 3.425289920000000166e+02
5.403820190000000139e+02 3.722009889999999928e+02
5.611959839999999531e+02 3.892049870000000169e+02
4.354599910000000023e+02 3.481629940000000261e+02
5.498519900000000007e+02 4.564089969999999994e+02
5.458029790000000503e+02 2.957349849999999947e+02
3.768529970000000162e+02 4.127829899999999839e+02
6.140859990000000153e+02 2.825679930000000013e+02
5.845399780000000192e+02 2.913689880000000016e+02
5.223720090000000482e+02 3.765759889999999928e+02
6.103150020000000495e+02 2.794060059999999908e+02
5.790180050000000165e+02 4.334630129999999895e+02
6.764970090000000482e+02 3.485150150000000053e+02
6.583220209999999497e+02 4.271059880000000248e+02
5.813159789999999703e+02 3.032579959999999915e+02
4.003970029999999838e+02 3.979840090000000146e+02
5.180410160000000133e+02 4.182359920000000102e+02
4.351480099999999993e+02 3.231480099999999993e+02
5.186309810000000198e+02 4.335989989999999921e+02
5.823079830000000356e+02 4.318269960000000083e+02
3.648229979999999841e+02 3.232430110000000241e+02
4.372049870000000169e+02 2.888240049999999997e+02
5.689019779999999855e+02 4.450929869999999937e+02
5.967849730000000363e+02 3.951910100000000057e+02
3.564179990000000089e+02 2.852250060000000076e+02
5.596400149999999485e+02 4.100299989999999752e+02
6.674299929999999677e+02 4.126759950000000003e+02
6.064420169999999644e+02 4.518779910000000086e+02
5.423439939999999524e+02 3.171730039999999917e+02
6.252089839999999867e+02 3.467709960000000251e+02
4.748540039999999749e+02 3.348729860000000258e+02
5.365280149999999821e+02 4.430969850000000179e+02
6.555040279999999484e+02 3.209159849999999778e+02
4.565400089999999977e+02 3.022059939999999756e+02
6.445939939999999524e+02 4.366099849999999947e+02
6.605430300000000443e+02 3.193500060000000076e+02
3.661120000000000232e+02 2.822040099999999825e+02
5.353389889999999696e+02 3.854840090000000146e+02
4.019259950000000003e+02 3.020199890000000096e+02
5.989609990000000153e+02 2.844389949999999772e+02
4.398940119999999752e+02 3.850140079999999898e+02
6.547239990000000489e+02 3.091480099999999993e+02
5.487399900000000343e+02 4.571950069999999755e+02
4.593580019999999990e+02 3.137309880000000248e+02
6.187429809999999861e+02 4.158150019999999927e+02
4.203970029999999838e+02 3.994570009999999911e+02
5.210170289999999795e+02 3.740440060000000244e+02
4.752479860000000258e+02 3.442479860000000258e+02
