3.431470029999999838e+02 9.447899599999999509e+01
2.493540040000000033e+02 1.831139980000000094e+02
1.622299999999999898e+01 2.519709929999999929e+02
1.374730069999999955e+02 2.701440119999999752e+02
1.703200000000000003e+01 7.365899699999999939e+01
3.181599999999999895e+01 2.694909969999999930e+02
2.609790039999999749e+02 2.703519900000000007e+02
9.412000000000000810e+00 1.816150049999999965e+02
1.842429960000000051e+02 2.692749939999999924e+02
3.285800199999999904e+01 2.835000000000000142e+01
3.480840150000000222e+02 2.562980039999999917e+02
3.211040039999999749e+02 2.330400099999999952e+01
1.061299999999999955e+01 2.200700070000000039e+02
3.415289920000000166e+02 4.710800199999999904e+01
9.444000000000000838e+00 3.606199999999999761e+01
2.517149960000000135e+02 1.827890010000000132e+02
3.374639890000000264e+02 1.836490019999999959e+02
2.363999999999999879e+00 1.204759980000000041e+02
2.969700010000000248e+02 2.460260010000000079e+02
3.275589899999999943e+02 1.110130000000000052e+02
3.481040039999999749e+02 2.686929930000000013e+02
3.431010130000000231e+02 1.280840000000000032e+02
9.796800199999999847e+01 2.937000099999999847e+01
2.723689880000000016e+02 3.091000000000000014e+01
1.230009989999999931e+02 1.929420010000000048e+02
3.314790039999999749e+02 1.584730069999999955e+02
1.794800000000000040e+01 1.715079959999999915e+02
1.972290040000000033e+02 2.440200040000000001e+02
2.581090090000000146e+02 2.701379999999999768e+02
3.253799800000000175e+01 2.987400099999999981e+01
2.299830019999999990e+02 2.707529910000000086e+02
2.353399960000000135e+02 2.637199999999999989e+01
1.761479950000000088e+02 2.448679960000000051e+02
1.977070009999999911e+02 2.695559999999999832e+02
3.444819949999999835e+02 1.061350020000000001e+02
1.195599979999999931e+02 1.382120060000000024e+02
8.441000000000000725e+00 1.005289989999999989e+02
2.135440059999999960e+02 2.632900000000000063e+01
7.001000000000000334e+00 1.340850069999999903e+02
3.189999999999999858e+01 2.603169859999999858e+02
3.232090150000000222e+02 1.114769969999999972e+02
2.893299870000000169e+02 2.691220089999999914e+02
1.826289979999999957e+02 1.158980030000000028e+02
2.974020080000000235e+02 2.462830050000000028e+02
1.761799999999999855e+01 7.670700100000000532e+01
9.608400000000000318e+01 1.869420010000000048e+02
3.470270080000000235e+02 2.694840090000000146e+02
3.317539980000000241e+02 1.788679960000000051e+02
1.954839939999999956e+02 2.687380069999999819e+02
2.495840000000000032e+02 1.401670070000000123e+02
1.991950070000000039e+02 1.136719970000000046e+02
2.948909909999999854e+02 2.706679990000000089e+02
1.679920040000000085e+02 2.693909909999999854e+02
1.766300050000000113e+02 1.313280029999999954e+02
3.478299870000000169e+02 2.619140009999999847e+02
3.418169859999999858e+02 6.224000199999999694e+01
6.551000200000000007e+01 6.893599700000000041e+01
1.814940029999999922e+02 1.836880040000000065e+02
1.980299899999999980e+01 1.484779969999999878e+02
2.385670010000000048e+02 2.707659909999999854e+02
2.177899899999999889e+01 6.849500299999999697e+01
8.895999899999999627e+01 6.801200099999999793e+01
7.406600199999999745e+01 1.834250030000000038e+02
1.410840000000000032e+02 2.708330080000000066e+02
7.750000000000000000e+01 1.300330050000000028e+02
1.806699899999999914e+01 1.730549929999999961e+02
5.484899899999999917e+01 6.808100100000000054e+01
2.423589939999999956e+02 2.705450129999999831e+02
3.348649899999999775e+02 2.502200009999999963e+02
1.723029940000000124e+02 2.305600000000000094e+01
3.224819949999999835e+02 2.902100000000000080e+01
2.371750030000000038e+02 1.829530029999999954e+02
9.983999599999999930e+01 1.138580019999999990e+02
1.292010040000000117e+02 6.859799999999999898e+01
5.914500000000000313e+01 1.346649930000000097e+02
1.161179960000000051e+02 2.700989989999999921e+02
3.038429869999999937e+02 1.393869929999999897e+02
1.245969999999999942e+02 1.137900010000000037e+02
6.171400100000000322e+01 6.972699699999999723e+01
3.311390079999999898e+02 2.700790099999999825e+02
9.623699999999999477e+01 1.860290070000000071e+02
1.263430019999999985e+02 1.146699980000000068e+02
2.140899999999999892e+01 1.813890079999999898e+02
1.827799990000000037e+02 1.380099950000000035e+02
2.113880000000000052e+02 2.671430050000000165e+02
3.371589969999999994e+02 6.688999900000000309e+01
3.000589899999999943e+02 1.327359920000000102e+02
1.585140079999999898e+02 2.780600000000000094e+01
3.002550049999999828e+02 6.995099600000000351e+01
2.460429990000000089e+02 1.408060000000000116e+02
9.484200300000000539e+01 1.352039949999999919e+02
2.856109920000000102e+02 1.161959990000000005e+02
8.744499999999999318e+01 6.878299699999999461e+01
1.961109920000000102e+02 1.127360000000000042e+02
1.163570019999999943e+02 2.934100000000000108e+01
3.363359990000000153e+02 2.528150019999999927e+02
2.034439999999999884e+02 2.442230069999999955e+02
1.094209979999999973e+02 2.606749879999999848e+02
1.804299899999999823e+01 9.725399799999999573e+01
2.172699899999999928e+01 7.101300000000000523e+01
1.895919949999999972e+02 1.830370029999999986e+02
3.472009889999999928e+02 2.606090090000000146e+02
1.495310059999999908e+02 2.697399899999999775e+02
1.167979969999999952e+02 6.287400099999999981e+01
5.409400200000000325e+01 6.893000000000000682e+01
6.989399699999999882e+01 1.828970030000000122e+02
2.267010040000000117e+02 2.430689999999999884e+02
2.526510010000000079e+02 1.811269990000000121e+02
1.169170000000000016e+02 2.702929990000000089e+02
1.225920030000000054e+02 1.818639980000000094e+02
1.628370060000000024e+02 2.697969969999999762e+02
1.750910030000000006e+02 1.832790070000000071e+02
2.348639980000000094e+02 2.445919949999999972e+02
3.462659909999999854e+02 2.683859860000000026e+02
3.223720089999999914e+02 3.472000100000000344e+01
2.629190060000000244e+02 3.331100099999999742e+01
3.306400150000000053e+02 1.593229980000000126e+02
1.806490019999999959e+02 2.345959929999999929e+02
8.669699900000000525e+01 3.188899999999999935e+01
3.261040039999999749e+02 1.889320069999999987e+02
1.385579989999999952e+02 2.521990049999999997e+02
4.703499999999999659e+01 6.853800200000000586e+01
2.297129970000000014e+02 2.705549930000000245e+02
2.209609989999999868e+02 2.698389890000000264e+02
2.847699890000000096e+02 6.956500200000000689e+01
3.303410030000000006e+02 1.525639950000000056e+02
3.030729979999999841e+02 1.830149989999999889e+02
1.652449949999999887e+02 2.701430050000000165e+02
2.204599999999999937e+01 1.808260040000000117e+02
2.685509950000000003e+02 2.695969850000000179e+02
9.449900100000000691e+01 1.383410030000000006e+02
9.692099799999999732e+01 1.186039959999999951e+02
1.439660030000000006e+02 2.590800099999999873e+01
1.702599899999999877e+01 2.269559940000000040e+02
3.310610050000000228e+02 1.467070009999999911e+02
3.304989929999999845e+02 1.064410019999999975e+02
8.806999999999999318e+01 1.135339969999999994e+02
1.647200000000000131e+01 3.929299900000000179e+01
1.742699999999999960e+01 1.020329969999999946e+02
9.794000000000000483e+00 1.234719999999999942e+02
7.524199699999999780e+01 1.828110049999999944e+02
1.449069979999999873e+02 1.138889999999999958e+02
1.466889950000000056e+02 6.801399999999999579e+01
2.737869870000000105e+02 1.711629939999999976e+02
2.050939940000000092e+02 2.453359989999999868e+02
2.316490019999999959e+02 6.466300200000000586e+01
2.332129970000000014e+02 1.816549990000000037e+02
2.457530059999999992e+02 2.696619870000000105e+02
3.050409849999999778e+02 2.504980009999999879e+02
1.115910030000000006e+02 2.700119930000000181e+02
9.755799899999999525e+01 2.595079959999999915e+02
3.110199899999999928e+01 2.536950070000000039e+02
1.927189940000000092e+02 6.834400200000000325e+01
3.316480099999999993e+02 1.004690020000000032e+02
3.215079959999999915e+02 2.415119929999999897e+02
2.305240019999999959e+02 1.405119929999999897e+02
3.855499999999999972e+01 1.123720019999999948e+02
3.376250000000000000e+02 7.840200000000000102e+01
1.408399960000000135e+02 1.133519969999999972e+02
3.307879940000000261e+02 1.800820009999999911e+02
3.308210139999999910e+02 1.742779999999999916e+02
3.311570130000000063e+02 1.776289979999999957e+02
6.784200300000000539e+01 3.291899899999999946e+01
3.122869870000000105e+02 1.119950029999999970e+02
3.176210019999999759e+02 1.084130020000000059e+02
2.166150049999999965e+02 3.784400200000000325e+01
3.411789860000000090e+02 2.707049870000000169e+02
2.800719910000000255e+02 1.916779940000000124e+02
3.092900089999999977e+02 6.868699599999999350e+01
3.278300099999999873e+01 6.960900100000000634e+01
1.719859920000000102e+02 2.502359920000000102e+02
1.110380020000000059e+02 1.934799959999999999e+02
2.975369870000000105e+02 2.475399930000000097e+02
2.166470030000000122e+02 2.393959959999999967e+02
2.006979980000000126e+02 1.398459929999999929e+02
9.193499799999999311e+01 1.119619979999999941e+02
3.268890079999999898e+02 1.815679930000000013e+02
2.888299870000000169e+02 1.414940029999999922e+02
1.842230069999999955e+02 2.688699950000000172e+02
9.631800099999999532e+01 6.827800000000000580e+01
1.404219970000000046e+02 2.694360050000000228e+02
2.428480069999999955e+02 2.461869959999999935e+02
1.533780059999999992e+02 2.514019930000000045e+02
3.062590030000000070e+02 2.694530030000000238e+02
3.411659849999999778e+02 2.564899899999999775e+02
2.991319889999999759e+02 2.479880070000000103e+02
2.935190119999999752e+02 7.066300200000000586e+01
6.948500099999999691e+01 1.105849989999999963e+02
2.510279999999999916e+02 1.802440029999999922e+02
2.713580019999999990e+02 2.691069949999999835e+02
9.315399899999999889e+01 1.835440059999999960e+02
1.472689970000000130e+02 1.832510069999999871e+02
3.312319949999999835e+02 7.746800199999999847e+01
3.315840150000000222e+02 1.043659969999999930e+02
1.763990019999999959e+02 1.100429989999999947e+02
2.941250000000000000e+02 2.692080080000000066e+02
2.583389890000000264e+02 1.402619929999999897e+02
1.861899899999999874e+01 9.661499799999999993e+01
1.202009960000000035e+02 1.816399989999999889e+02
7.358599900000000105e+01 7.290599799999999675e+01
6.791899899999999946e+01 1.830319979999999873e+02
1.078280029999999954e+02 1.837640079999999898e+02
2.784100000000000108e+01 1.928130040000000065e+02
2.005199999999999960e+01 1.484600069999999903e+02
1.093209990000000005e+02 1.380939940000000092e+02
3.144739989999999921e+02 2.678890079999999898e+02
2.567510070000000155e+02 1.768489989999999921e+02
2.268480069999999955e+02 4.091700000000000159e+01
5.915000200000000063e+01 1.137360000000000042e+02
2.024850010000000111e+02 1.833220059999999876e+02
5.081000099999999975e+01 1.130599979999999931e+02
3.289289860000000090e+02 1.428439940000000092e+02
6.147100100000000111e+01 1.807010040000000117e+02
2.724530030000000238e+02 4.191500099999999662e+01
2.195100000000000051e+01 1.799980009999999879e+02
3.031789860000000090e+02 2.692170100000000161e+02
1.903399999999999892e+01 1.547319950000000119e+02
3.315390009999999847e+02 6.870900000000000318e+01
3.298210139999999910e+02 8.369300099999999532e+01
3.133510130000000231e+02 6.893099999999999739e+01
1.948280029999999954e+02 1.392090000000000032e+02
2.700979919999999765e+02 1.394720000000000084e+02
3.318070069999999987e+02 9.109200300000000539e+01
2.378549959999999999e+02 2.455050050000000113e+02
3.217909849999999778e+02 3.611500199999999694e+01
2.042559970000000078e+02 1.122610020000000048e+02
1.948320009999999911e+02 2.467319950000000119e+02
3.305060119999999984e+02 1.327989959999999883e+02
3.195020139999999742e+02 2.690620119999999815e+02
1.268010029999999944e+02 6.822799700000000200e+01
3.139599910000000023e+02 1.120550000000000068e+02
2.944540099999999825e+02 1.821730039999999917e+02
1.787099999999999866e+01 1.456100010000000111e+02
1.796199999999999974e+01 1.008050000000000068e+02
3.164620059999999739e+02 6.996600300000000061e+01
2.475659939999999892e+02 1.133700029999999970e+02
3.080859990000000153e+02 1.832909999999999968e+02
1.054089969999999994e+02 2.698959960000000251e+02
3.124099899999999863e+01 1.341889950000000056e+02
5.262200200000000194e+01 1.819159999999999968e+02
1.898300000000000054e+01 1.612740019999999959e+02
1.836380000000000052e+02 1.390079959999999915e+02
3.224469910000000255e+02 2.448300020000000075e+02
2.127079929999999877e+02 2.662330019999999990e+02
1.751029969999999878e+02 1.107009960000000035e+02
1.866060029999999870e+02 2.688059999999999832e+02
2.363500000000000156e+01 1.436219940000000008e+02
2.585230099999999993e+02 2.687929990000000089e+02
3.835699799999999726e+01 6.988200399999999490e+01
2.334340060000000108e+02 4.208900100000000322e+01
1.765890049999999860e+02 3.039199999999999946e+01
2.888070069999999987e+02 2.450809940000000040e+02
2.348780059999999992e+02 1.818780059999999992e+02
2.052689970000000130e+02 1.385740049999999997e+02
6.899800100000000214e+01 4.410599899999999707e+01
2.912390139999999974e+02 2.675669859999999858e+02
3.379600099999999685e+01 2.547420040000000085e+02
3.064800109999999904e+02 1.403950040000000001e+02
2.553179930000000013e+02 5.833100100000000054e+01
3.270090030000000070e+02 6.038600199999999774e+01
2.161529999999999916e+02 1.325160060000000044e+02
3.145310059999999908e+02 7.015300000000000580e+01
8.700800300000000220e+01 2.703439940000000092e+02
2.785889890000000264e+02 6.314600000000000080e+01
3.554700100000000162e+01 7.158899700000000621e+01
3.228989869999999769e+02 2.456710050000000081e+02
1.573150019999999927e+02 2.427539979999999957e+02
3.120559999999999832e+02 7.065200000000000102e+01
1.075289989999999989e+02 1.132559969999999936e+02
1.211429980000000057e+02 6.887799800000000516e+01
3.035849910000000023e+02 1.806289979999999957e+02
2.726700129999999831e+02 4.907899900000000315e+01
1.570110019999999906e+02 5.021200199999999825e+01
3.612699899999999786e+01 1.945130000000000052e+02
2.168899989999999889e+02 4.052999899999999656e+01
1.841589969999999994e+02 1.813939970000000130e+02
2.718210139999999910e+02 1.856210020000000043e+02
1.931479950000000088e+02 2.465700070000000039e+02
2.035500000000000043e+01 7.544699900000000525e+01
4.401900100000000293e+01 1.832539979999999957e+02
1.687839969999999994e+02 2.500970000000000084e+02
1.072259980000000041e+02 1.111750030000000038e+02
2.012199999999999989e+01 1.123349989999999963e+02
3.273890079999999898e+02 7.124900100000000691e+01
2.261049959999999999e+02 1.124670030000000054e+02
1.567879939999999976e+02 2.495290070000000071e+02
1.900119929999999897e+02 1.816770019999999874e+02
3.009830019999999990e+02 1.820709990000000005e+02
1.574450070000000039e+02 1.161460040000000049e+02
7.168699599999999350e+01 1.293459929999999929e+02
3.172030030000000238e+02 1.069820019999999943e+02
3.243909909999999854e+02 1.082269969999999972e+02
8.116799899999999468e+01 7.087799800000000516e+01
3.279620059999999739e+02 1.811260069999999871e+02
3.204079899999999839e+02 7.172299999999999898e+01
2.990050049999999828e+02 3.897999999999999687e+01
1.353189999999999884e+02 1.829989930000000129e+02
1.251250000000000000e+02 1.399909969999999930e+02
3.225029910000000086e+02 1.373760069999999871e+02
9.430300099999999475e+01 1.827980039999999917e+02
3.198779910000000086e+02 3.823199799999999726e+01
3.306289980000000241e+02 1.732200009999999963e+02
2.655299989999999752e+02 2.299120029999999986e+02
1.456950070000000039e+02 2.522220000000000084e+02
3.278309939999999756e+02 1.304669949999999972e+02
2.935880129999999895e+02 1.129619979999999941e+02
1.574270019999999874e+02 2.689570009999999911e+02
2.818700000000000117e+01 1.134079969999999946e+02
2.163419949999999972e+02 1.136689989999999995e+02
2.592299999999999827e+01 7.078800200000000586e+01
2.563219910000000255e+02 1.765619959999999935e+02
3.183229979999999841e+02 1.826430049999999881e+02
2.249929960000000051e+02 1.128769989999999979e+02
3.267080080000000066e+02 7.646499599999999930e+01
2.161340030000000070e+02 1.340740049999999997e+02
3.208429869999999937e+02 1.382279969999999878e+02
8.752200299999999800e+01 1.833919980000000010e+02
3.287529910000000086e+02 1.809340060000000108e+02
1.246400000000000041e+01 1.307010040000000117e+02
2.648980099999999993e+02 2.687449950000000172e+02
1.007079999999999984e+02 7.199199699999999780e+01
1.521340030000000070e+02 7.110299700000000200e+01
2.871870119999999815e+02 1.949750060000000076e+02
2.599689940000000092e+02 6.807199900000000525e+01
1.896799929999999961e+02 2.469129939999999976e+02
1.769380040000000065e+02 1.405160060000000044e+02
1.099700009999999963e+02 2.488910060000000044e+02
1.826419980000000010e+02 1.105500030000000038e+02
5.295500200000000035e+01 1.814290009999999995e+02
3.255409849999999778e+02 2.504980009999999879e+02
2.514279940000000124e+02 6.834200300000000539e+01
2.128670040000000085e+02 1.383189999999999884e+02
7.401000200000000007e+01 7.367099799999999732e+01
3.192370000000000232e+02 2.357039949999999919e+02
2.462550050000000113e+02 1.442180020000000127e+02
5.685800199999999904e+01 1.132070010000000053e+02
1.914199999999999946e+01 1.558090060000000108e+02
1.904830019999999990e+02 6.848100300000000118e+01
1.522070009999999911e+02 2.518800050000000113e+02
3.225299799999999806e+01 3.702600100000000083e+01
3.041990049999999997e+02 1.407460020000000043e+02
1.225090030000000070e+02 1.123030009999999947e+02
1.883930049999999881e+02 2.468060000000000116e+02
1.336369929999999897e+02 6.878199800000000153e+01
1.451299999999999990e+01 2.052140049999999860e+02
1.080599979999999931e+02 5.249499899999999997e+01
2.365700070000000039e+02 1.108030009999999947e+02
1.379620060000000024e+02 1.797339939999999956e+02
1.852899899999999889e+01 1.599640049999999860e+02
9.006600199999999745e+01 1.398800050000000113e+02
1.823979950000000088e+02 6.809699999999999420e+01
1.897100100000000111e+01 2.185149989999999889e+02
1.213109970000000004e+02 1.811309970000000078e+02
2.729540099999999825e+02 2.217400049999999965e+02
2.719870000000000232e+02 2.436609950000000140e+02
2.172259980000000041e+02 1.162860029999999938e+02
2.164969940000000008e+02 2.447969970000000046e+02
1.351970059999999876e+02 2.547469940000000008e+02
2.518890079999999898e+02 6.938400300000000698e+01
3.303179930000000013e+02 9.349199699999999780e+01
3.245419919999999934e+02 7.525499700000000303e+01
2.146199999999999974e+01 7.729399899999999946e+01
2.713269960000000083e+02 1.207990039999999965e+02
2.628229979999999841e+02 2.286699979999999925e+02
1.141659999999999968e+02 6.858699799999999414e+01
3.342800100000000185e+01 1.380689999999999884e+02
2.715329899999999839e+02 5.335599899999999707e+01
9.825700399999999490e+01 2.705180050000000165e+02
4.176699800000000096e+01 1.794080050000000028e+02
2.615169980000000010e+02 2.438209990000000005e+02
1.092529980000000052e+02 2.695679930000000013e+02
1.862359920000000102e+02 2.485540009999999995e+02
6.784999799999999937e+01 7.364399699999999882e+01
1.101989970000000056e+02 1.817510069999999871e+02
3.307500000000000000e+02 9.846499599999999930e+01
2.837070009999999911e+02 1.836860049999999944e+02
2.601210019999999759e+02 1.766999969999999962e+02
1.749109950000000140e+02 7.038700099999999793e+01
3.727500200000000063e+01 1.115230030000000028e+02
2.651350100000000225e+02 2.377319950000000119e+02
3.113800000000000168e+01 1.936459959999999967e+02
7.148999799999999993e+01 1.090960010000000011e+02
1.554720000000000084e+02 1.387920070000000123e+02
3.077170100000000161e+02 1.805780029999999954e+02
7.055400099999999952e+01 1.383309940000000040e+02
1.573860019999999906e+02 5.258200099999999821e+01
1.494299999999999962e+01 1.099860000000000042e+02
2.729920040000000085e+02 1.883480069999999955e+02
1.736380000000000052e+02 1.795549929999999961e+02
2.771870119999999815e+02 5.012300100000000214e+01
9.681199599999999350e+01 1.397250060000000076e+02
2.453150019999999927e+02 7.051799800000000573e+01
2.431300050000000113e+02 1.106159969999999930e+02
1.043899990000000031e+02 1.394869999999999948e+02
2.268520049999999912e+02 6.819100199999999745e+01
2.773840030000000070e+02 1.862230069999999955e+02
3.218500060000000076e+02 1.829400019999999927e+02
2.160700070000000039e+02 4.084700000000000131e+01
6.858899700000000621e+01 7.246900200000000325e+01
1.996459959999999967e+02 2.210119929999999897e+02
2.326750030000000038e+02 1.087300029999999964e+02
2.432300000000000040e+01 7.266899899999999946e+01
1.752870029999999986e+02 2.498899989999999889e+02
5.849399900000000230e+01 1.560769960000000083e+02
1.710209959999999967e+02 6.998100300000000118e+01
1.438419949999999972e+02 1.820209959999999967e+02
2.278220059999999876e+02 1.805010069999999871e+02
1.573520049999999912e+02 4.911800000000000210e+01
1.802339939999999956e+02 5.900199899999999786e+01
1.180429989999999947e+02 2.687629999999999768e+02
9.780599999999999739e+01 5.353599899999999678e+01
2.785849910000000023e+02 7.155899800000000255e+01
1.876519930000000045e+02 2.479230039999999917e+02
2.604570009999999911e+02 1.420279999999999916e+02
5.086099999999999710e+01 1.388930049999999881e+02
2.594240110000000072e+02 1.414810029999999870e+02
1.562649989999999889e+02 4.014799899999999866e+01
2.874370119999999815e+02 2.446999969999999962e+02
9.722799700000000200e+01 3.979800000000000182e+01
2.175079959999999915e+02 1.355939940000000092e+02
1.980220030000000122e+02 1.090039979999999957e+02
2.036089939999999956e+02 1.393289949999999919e+02
1.549069979999999873e+02 5.901900100000000293e+01
1.601739959999999883e+02 7.104900399999999649e+01
2.168890079999999898e+02 1.941999969999999962e+02
3.191929930000000013e+02 7.049099699999999302e+01
1.470249939999999924e+02 7.042700200000000166e+01
2.459329989999999952e+02 2.476939999999999884e+02
1.138410030000000006e+02 2.678720089999999914e+02
2.448650049999999965e+02 1.448379970000000014e+02
1.498800050000000113e+02 1.827019960000000083e+02
1.359779969999999878e+02 1.126640009999999990e+02
3.282590030000000070e+02 1.485820009999999911e+02
2.748559880000000248e+02 1.823249969999999962e+02
2.170540009999999995e+02 1.306260069999999871e+02
3.012449950000000172e+02 1.105210040000000049e+02
2.957099900000000048e+01 1.390599980000000073e+02
2.052050020000000075e+02 1.113059999999999974e+02
3.356359860000000026e+02 2.684330140000000142e+02
5.762099800000000016e+01 2.041139980000000094e+02
2.781170040000000085e+02 1.435879970000000014e+02
1.759179990000000089e+02 3.872100100000000111e+01
1.363020019999999874e+02 1.402039949999999919e+02
1.885240019999999959e+02 1.399400019999999927e+02
2.251100010000000111e+02 1.409149930000000097e+02
2.061309970000000078e+02 2.647489929999999845e+02
1.292100069999999903e+02 3.880099899999999735e+01
2.081600039999999865e+02 6.952899899999999889e+01
3.217609860000000026e+02 2.669339899999999943e+02
1.775220030000000122e+02 1.094400020000000069e+02
2.960799870000000169e+02 1.117929989999999947e+02
1.868300100000000086e+01 1.073840030000000070e+02
1.178750000000000000e+02 1.121910019999999975e+02
5.418199899999999758e+01 1.384199979999999925e+02
9.250399799999999573e+01 2.662959900000000175e+02
1.661419980000000010e+02 5.515299999999999869e+01
6.142699799999999755e+01 1.384570009999999911e+02
3.006539920000000166e+02 5.842399999999999949e+01
3.021740110000000072e+02 5.422499799999999937e+01
3.294920040000000085e+02 1.529450070000000039e+02
2.221600000000000108e+01 1.083489990000000063e+02
2.718099980000000073e+02 1.218499979999999994e+02
3.327600100000000083e+01 1.122259980000000041e+02
1.589010010000000079e+02 5.901200099999999793e+01
3.263609920000000102e+02 1.416490019999999959e+02
6.821399700000000621e+01 1.292279969999999878e+02
2.571130069999999819e+02 1.138929980000000057e+02
6.152399799999999885e+01 1.800630040000000065e+02
2.712439880000000016e+02 2.450590060000000108e+02
4.440800099999999873e+01 1.124950029999999970e+02
2.266900100000000151e+01 1.777330019999999990e+02
3.305390009999999847e+02 1.646320039999999949e+02
9.035299700000000200e+01 6.980500000000000682e+01
2.176589969999999994e+02 1.940059970000000078e+02
3.125499900000000153e+01 1.918350069999999903e+02
7.334300199999999847e+01 1.816979980000000126e+02
1.031159969999999930e+02 6.457599600000000351e+01
2.086959990000000005e+02 6.298700000000000188e+01
2.621870119999999815e+02 1.220080030000000022e+02
6.576599899999999366e+01 1.821820069999999987e+02
3.159320069999999987e+02 1.819669949999999972e+02
9.106400299999999959e+01 2.660220029999999838e+02
2.066099900000000034e+01 2.340570069999999987e+02
1.751470030000000122e+02 2.670350040000000149e+02
2.775780030000000238e+02 1.838289949999999919e+02
2.118719940000000008e+02 1.941450040000000001e+02
2.724270020000000159e+02 1.668289949999999919e+02
5.806100099999999742e+01 1.118980030000000028e+02
2.604599910000000023e+02 2.438220059999999876e+02
3.228779910000000086e+02 1.811770019999999874e+02
2.058840030000000070e+02 1.831929930000000013e+02
1.173639979999999952e+02 2.614689940000000092e+02
2.169069979999999873e+02 1.143430019999999985e+02
3.281560059999999908e+02 1.039309999999999974e+02
3.324280089999999745e+02 2.524709929999999929e+02
3.260889890000000264e+02 7.659400200000000325e+01
3.210530089999999745e+02 2.665010070000000155e+02
3.298970029999999838e+02 1.719329989999999952e+02
3.307900089999999977e+02 1.012860029999999938e+02
3.407529910000000086e+02 2.667940060000000244e+02
1.132460020000000043e+02 6.909200300000000539e+01
2.820549930000000245e+02 7.164199800000000096e+01
2.931199950000000172e+02 1.399940029999999922e+02
2.982919919999999934e+02 7.251799800000000573e+01
2.472640079999999898e+02 1.807680049999999881e+02
7.599299600000000510e+01 1.444850010000000111e+02
1.883260040000000117e+02 2.660299989999999752e+02
2.840169980000000010e+02 2.676149899999999775e+02
1.815850069999999903e+02 1.791909939999999892e+02
3.027950129999999831e+02 2.666300049999999828e+02
3.220700099999999821e+01 1.383209990000000005e+02
1.747669980000000010e+02 7.471900200000000325e+01
1.570310059999999908e+02 1.384170070000000123e+02
1.457220000000000084e+02 7.148100300000000118e+01
1.616540070000000071e+02 1.823820039999999949e+02
1.102379990000000021e+02 1.633000030000000038e+02
1.566439970000000130e+02 1.888300020000000075e+02
3.225679930000000013e+02 2.035529940000000124e+02
4.748599999999999710e+01 2.107420040000000085e+02
1.002990039999999965e+02 5.507199899999999815e+01
3.290339969999999994e+02 8.644599900000000048e+01
2.554550020000000075e+02 1.725509950000000003e+02
3.217049870000000169e+02 1.079469990000000053e+02
3.247760010000000079e+02 4.739799899999999866e+01
2.925000000000000000e+01 1.109940030000000064e+02
2.341239930000000129e+02 2.692999879999999848e+02
2.813900150000000053e+02 2.677690119999999752e+02
4.745399900000000315e+01 1.404029999999999916e+02
2.160659939999999892e+02 4.129099999999999682e+01
1.201819990000000047e+02 2.592359920000000102e+02
1.125280000000000058e+02 1.433000030000000038e+02
1.084940030000000064e+02 1.417389980000000094e+02
2.752500000000000000e+02 7.113899999999999579e+01
1.180589980000000025e+02 1.003280029999999954e+02
3.210029910000000086e+02 2.240240019999999959e+02
2.487999900000000153e+01 1.788090060000000108e+02
2.782600100000000225e+02 2.200039979999999957e+02
1.266890029999999996e+02 1.440809940000000040e+02
2.868599849999999947e+02 2.457689970000000130e+02
3.151199899999999943e+01 1.302610019999999906e+02
2.179899999999999949e+01 2.262799990000000037e+02
2.530689999999999884e+02 7.122499799999999937e+01
8.542400399999999649e+01 1.392140049999999860e+02
1.255930019999999985e+02 1.795240019999999959e+02
2.086700099999999836e+01 1.674550020000000075e+02
2.395520019999999874e+02 6.919200100000000475e+01
2.408009950000000003e+02 1.811779940000000124e+02
3.270700069999999755e+02 1.457500000000000000e+02
1.515540009999999995e+02 1.145350040000000007e+02
1.089199980000000068e+02 7.547100100000000111e+01
9.627600099999999372e+01 1.818589939999999956e+02
3.375440060000000244e+02 2.557570039999999949e+02
1.422059940000000040e+02 2.543670040000000085e+02
2.099389950000000056e+02 1.383769990000000121e+02
4.380599999999999739e+01 1.397480009999999879e+02
9.402899899999999889e+01 2.669729919999999765e+02
6.789199800000000096e+01 1.382369999999999948e+02
2.562279970000000162e+02 2.674870000000000232e+02
8.533699799999999414e+01 1.094869999999999948e+02
1.951569979999999873e+02 1.829530029999999954e+02
5.446300099999999844e+01 7.022399900000000628e+01
2.777309880000000248e+02 5.383499900000000338e+01
2.777810059999999908e+02 7.211299900000000207e+01
1.573730009999999879e+02 1.974920040000000085e+02
3.650899900000000287e+01 1.389770049999999912e+02
2.171130070000000103e+02 2.469940029999999922e+02
4.277199900000000099e+01 1.107679980000000057e+02
3.246900200000000325e+01 5.455499999999999972e+01
2.360749969999999962e+02 2.675679930000000013e+02
2.538670040000000085e+02 2.400229950000000088e+02
6.890200000000000102e+01 1.394559940000000040e+02
2.379570009999999911e+02 6.996600300000000061e+01
1.882790070000000071e+02 3.778699900000000156e+01
1.579159999999999968e+02 1.922590030000000070e+02
2.602919919999999934e+02 2.447989959999999883e+02
3.077300100000000072e+01 1.820509950000000003e+02
9.167299699999999518e+01 1.107819980000000015e+02
1.645659939999999892e+02 1.956199949999999887e+02
3.077550049999999828e+02 2.543659969999999930e+02
2.924200099999999836e+01 1.829310000000000116e+02
2.617959900000000175e+02 6.912100200000000427e+01
1.059820019999999943e+02 1.821869959999999935e+02
1.684859920000000102e+02 1.808950040000000001e+02
1.484669949999999972e+02 2.519499969999999962e+02
2.700539860000000090e+02 2.678659969999999930e+02
2.276430049999999881e+02 1.432250060000000076e+02
1.682740019999999959e+02 1.397030029999999954e+02
2.160379939999999976e+02 6.456900000000000261e+01
2.330760040000000117e+02 1.075350040000000007e+02
1.599640049999999860e+02 1.383899989999999889e+02
1.186340030000000070e+02 1.793880000000000052e+02
3.057319949999999835e+02 7.262400100000000691e+01
1.420700070000000039e+02 1.387259980000000041e+02
2.919960019999999759e+02 7.306099700000000041e+01
2.966619870000000105e+02 1.414320069999999987e+02
2.676359860000000026e+02 1.681360019999999906e+02
3.283429869999999937e+02 1.698899989999999889e+02
2.624970089999999914e+02 9.638600200000000484e+01
2.382760010000000079e+02 1.806430049999999881e+02
2.191490019999999959e+02 2.462019960000000083e+02
3.211299900000000207e+01 4.009100000000000108e+01
9.568299899999999525e+01 2.680169980000000010e+02
1.130770030000000048e+02 2.625950010000000248e+02
1.086019969999999972e+02 1.780910030000000006e+02
1.267320019999999943e+02 1.420339969999999994e+02
2.826300000000000168e+01 1.407680049999999881e+02
1.378060000000000116e+02 2.403529969999999878e+02
3.358499900000000338e+01 1.833730009999999879e+02
7.888700099999999793e+01 2.648879999999999768e+02
1.436719970000000046e+02 6.964299800000000573e+01
1.952960050000000081e+02 6.895799999999999841e+01
3.291879880000000185e+02 1.519770049999999912e+02
1.060100020000000001e+02 2.631300049999999828e+02
2.792219850000000179e+02 1.138410030000000006e+02
3.142720029999999838e+02 1.403040009999999995e+02
3.101300000000000168e+01 4.191500099999999662e+01
2.643280030000000238e+02 2.251289979999999957e+02
1.563179930000000013e+02 1.987590030000000070e+02
2.164170070000000123e+02 1.864479980000000126e+02
2.332920070000000123e+02 6.952899899999999889e+01
1.461860049999999944e+02 2.690239869999999769e+02
2.605790099999999825e+02 2.320639950000000056e+02
3.093879999999999768e+02 2.543249969999999962e+02
2.170989989999999921e+02 2.659939880000000016e+02
5.659299899999999894e+01 2.596539920000000166e+02
1.612100069999999903e+02 2.682390139999999974e+02
3.269939880000000016e+02 1.456450040000000001e+02
2.308750000000000000e+02 2.470449979999999925e+02
2.083329929999999877e+02 1.121679989999999947e+02
3.252810059999999908e+02 2.010870060000000024e+02
2.572640079999999898e+02 1.428070069999999987e+02
1.660890049999999860e+02 6.912100200000000427e+01
1.254869999999999948e+02 2.592460019999999759e+02
2.736379999999999768e+02 1.689660030000000006e+02
7.181300400000000650e+01 1.382059940000000040e+02
3.111700099999999836e+01 1.892339939999999956e+02
2.644370119999999815e+02 2.439770049999999912e+02
1.677949979999999925e+02 1.831529999999999916e+02
1.032269969999999972e+02 4.312200200000000194e+01
1.123690030000000064e+02 1.641920010000000048e+02
2.692709960000000251e+02 1.633419949999999972e+02
1.692039949999999919e+02 6.277100000000000080e+01
3.124920040000000085e+02 2.102469940000000008e+02
2.376939999999999884e+02 1.084140009999999990e+02
5.285200100000000134e+01 5.133299999999999841e+01
2.177010040000000117e+02 6.913099699999999359e+01
2.292380070000000103e+02 1.791649930000000097e+02
1.835249939999999924e+02 1.681710050000000081e+02
1.836490019999999959e+02 6.968599700000000041e+01
3.054580080000000066e+02 3.855099899999999735e+01
1.689739989999999921e+02 2.513950040000000001e+02
1.468269960000000083e+02 2.520200040000000001e+02
1.543309940000000040e+02 1.231419980000000010e+02
3.991199900000000156e+01 1.505130000000000052e+02
5.621600000000000108e+01 1.399179990000000089e+02
3.054999899999999968e+01 2.009380040000000065e+02
7.260299700000000200e+01 4.936399800000000226e+01
1.174000020000000006e+02 2.252760010000000079e+02
2.859169919999999934e+02 2.657730099999999993e+02
2.513589939999999956e+02 7.120700100000000532e+01
2.310619959999999935e+02 6.876300000000000523e+01
9.034300199999999847e+01 7.032499699999999621e+01
2.167570039999999949e+02 1.941889950000000056e+02
2.702269900000000007e+02 7.295500199999999325e+01
3.134960019999999759e+02 5.055799900000000235e+01
2.440059970000000078e+02 2.664030149999999821e+02
2.870260010000000079e+02 1.447920070000000123e+02
7.302200299999999800e+01 2.645920100000000161e+02
2.071759950000000003e+02 2.106950070000000039e+02
4.441400099999999895e+01 1.813930049999999881e+02
1.113089980000000025e+02 1.628090060000000108e+02
2.861329959999999915e+02 1.820399930000000097e+02
2.975069889999999759e+02 1.422590030000000070e+02
2.824660030000000006e+02 7.218199900000000468e+01
1.634140010000000132e+02 1.121979979999999983e+02
2.148090060000000108e+02 1.784680020000000127e+02
2.830280149999999821e+02 1.440529940000000124e+02
4.161999899999999997e+01 1.654170070000000123e+02
2.776399999999999935e+01 1.812200009999999963e+02
1.310440059999999960e+02 2.583670040000000085e+02
1.587259980000000041e+02 1.834570009999999911e+02
1.306380000000000052e+02 7.136000099999999691e+01
3.271979979999999841e+02 8.418199900000000468e+01
2.710399999999999920e+01 1.791990049999999997e+02
1.101439969999999988e+02 2.640899959999999851e+02
1.635870060000000024e+02 1.383999939999999924e+02
1.417900000000000027e+01 1.306589969999999994e+02
8.515100099999999372e+01 1.421790009999999995e+02
2.376909939999999892e+02 2.029129939999999976e+02
2.465549929999999961e+02 1.096070019999999943e+02
3.041189880000000016e+02 1.415639950000000056e+02
1.536959990000000005e+02 1.830130000000000052e+02
1.522619929999999897e+02 7.119699900000000525e+01
2.041099900000000034e+01 1.635429990000000089e+02
9.629599799999999732e+01 4.041799900000000179e+01
1.989409939999999892e+02 1.815030059999999992e+02
1.811080019999999990e+02 2.662370000000000232e+02
3.103510130000000231e+02 2.651400150000000053e+02
7.644499999999999318e+01 7.688899999999999579e+01
1.685350039999999865e+02 2.514550020000000075e+02
7.746600300000000061e+01 1.079329989999999952e+02
1.180599979999999931e+02 1.692790070000000071e+02
1.967299959999999999e+02 2.634479979999999841e+02
2.417689970000000130e+02 1.068669969999999978e+02
2.713550109999999904e+02 1.610480039999999917e+02
4.087599900000000019e+01 1.393329929999999877e+02
1.904239959999999883e+02 6.963300300000000220e+01
1.105599979999999931e+02 1.118539959999999951e+02
1.267160030000000006e+02 1.105000000000000000e+02
1.962000099999999847e+01 1.029290009999999995e+02
2.233829959999999915e+02 2.333379970000000014e+02
2.007160030000000006e+02 2.132109989999999868e+02
3.256329959999999915e+02 2.671369930000000181e+02
2.447599950000000035e+02 2.060980069999999955e+02
1.043010029999999944e+02 7.323300199999999904e+01
2.799840090000000146e+02 2.664559939999999756e+02
1.275090030000000070e+02 1.421419980000000010e+02
2.182790070000000071e+02 1.857590030000000070e+02
1.168209990000000005e+02 6.928299699999999461e+01
8.370600100000000054e+01 7.295799999999999841e+01
3.066310119999999984e+02 1.497039949999999919e+02
2.381390079999999898e+02 1.440959929999999929e+02
1.309470059999999876e+02 2.677200010000000248e+02
3.213089899999999943e+02 2.135910030000000006e+02
3.260369870000000105e+02 2.577529910000000086e+02
3.092319949999999835e+02 2.603800049999999828e+02
2.547909999999999968e+02 1.686109920000000102e+02
1.579060059999999908e+02 1.386889950000000056e+02
2.014159999999999968e+02 1.407039949999999919e+02
3.770900000000000318e+01 1.104449999999999932e+02
3.360790099999999825e+02 2.681700129999999831e+02
1.845249939999999924e+02 2.652629999999999768e+02
1.568189999999999884e+02 7.216700000000000159e+01
1.173010029999999944e+02 1.122720029999999980e+02
1.697120060000000024e+02 2.655329899999999839e+02
2.119099999999999895e+01 9.017500300000000379e+01
5.736600099999999713e+01 1.108799970000000030e+02
1.003960040000000049e+02 1.660440059999999960e+02
1.071859970000000004e+02 1.096620029999999986e+02
2.065870060000000024e+02 1.827579959999999915e+02
2.501620029999999986e+02 2.654809880000000248e+02
2.789769900000000007e+02 9.909200300000000539e+01
1.121800000000000068e+02 1.120979999999999990e+02
3.298659969999999930e+02 9.970200300000000482e+01
3.304499799999999965e+01 1.829920040000000085e+02
1.786199949999999887e+02 2.112790070000000071e+02
3.087009889999999928e+02 2.207090000000000032e+02
1.387350010000000111e+02 2.558580019999999990e+02
2.137700099999999992e+01 1.686430049999999881e+02
6.862000299999999697e+01 3.587799799999999806e+01
9.777400199999999586e+01 2.637720029999999838e+02
2.772420040000000085e+02 1.828489989999999921e+02
3.112940060000000244e+02 1.431849980000000073e+02
1.442440029999999922e+02 1.790760040000000117e+02
3.302600100000000225e+02 1.746950070000000039e+02
2.174819950000000119e+02 2.463609920000000102e+02
1.773600010000000111e+02 1.785350039999999865e+02
4.988999900000000309e+01 1.393509980000000041e+02
2.331909939999999892e+02 7.116000400000000070e+01
1.991500100000000018e+01 1.631840060000000108e+02
2.349500099999999847e+01 1.724320069999999987e+02
1.138150020000000069e+02 1.674799959999999999e+02
2.996459960000000251e+02 1.074619979999999941e+02
2.597839969999999994e+02 1.124179989999999947e+02
2.376549990000000037e+02 5.486800000000000210e+01
3.187919919999999934e+02 7.306600199999999745e+01
3.214960019999999759e+02 2.275560000000000116e+02
2.481970059999999876e+02 2.506710050000000081e+02
1.660870060000000024e+02 1.429750060000000076e+02
1.459920040000000085e+02 1.820379939999999976e+02
1.998269960000000083e+02 2.620190119999999752e+02
9.948500099999999691e+01 2.693340150000000222e+02
1.014329989999999952e+02 1.680420070000000123e+02
5.514300200000000274e+01 1.504259950000000003e+02
3.152100000000000080e+01 2.006179960000000051e+02
5.724700200000000194e+01 1.522830050000000028e+02
1.487440029999999922e+02 1.382740019999999959e+02
2.261139980000000094e+02 1.108259960000000035e+02
2.335359950000000140e+02 2.485299990000000037e+02
2.373569950000000119e+02 1.793619999999999948e+02
2.217200100000000162e+01 1.500489959999999883e+02
2.802449950000000172e+02 1.715619959999999935e+02
1.892350010000000111e+02 1.445890049999999860e+02
9.617500300000000379e+01 2.668909909999999854e+02
3.625699999999999790e+01 1.836979980000000126e+02
2.630310059999999908e+02 1.137429960000000051e+02
1.040110020000000048e+02 1.635359950000000140e+02
2.770820009999999911e+02 2.028869929999999897e+02
1.965939940000000092e+02 2.623609920000000102e+02
2.191349950000000035e+02 1.398809970000000078e+02
9.650399799999999573e+01 5.586800000000000210e+01
1.481799929999999961e+02 7.151000200000000007e+01
4.531700099999999765e+01 1.810560000000000116e+02
1.704479980000000126e+02 1.084940030000000064e+02
2.415809940000000040e+02 1.060080030000000022e+02
1.892140049999999860e+02 2.655549930000000245e+02
4.895299899999999838e+01 7.191000400000000070e+01
2.000359950000000140e+02 5.674900099999999981e+01
2.702890009999999847e+02 1.414470059999999876e+02
1.285579989999999952e+02 2.367449949999999887e+02
2.997149959999999851e+02 2.654440000000000168e+02
3.407269900000000007e+02 2.591470029999999838e+02
3.230360109999999736e+02 1.420489959999999883e+02
2.243799999999999883e+01 7.794599900000000048e+01
9.428199800000000153e+01 1.414600069999999903e+02
1.408370060000000024e+02 1.391459959999999967e+02
2.803829959999999915e+02 9.947100100000000111e+01
6.098300199999999904e+01 1.586380000000000052e+02
3.229590150000000222e+02 2.665820009999999911e+02
2.001600099999999927e+01 1.546439970000000130e+02
2.576770020000000159e+02 7.367900099999999952e+01
1.576269990000000121e+02 2.055480039999999917e+02
2.097590030000000070e+02 9.027400199999999586e+01
4.038100099999999770e+01 1.480679930000000013e+02
2.422420040000000085e+02 7.083999599999999930e+01
2.570650019999999927e+02 1.039179989999999947e+02
2.400900100000000137e+01 1.077669980000000010e+02
5.703099799999999675e+01 1.707270049999999912e+02
2.488200070000000039e+02 1.448899989999999889e+02
1.154860000000000042e+02 1.770850069999999903e+02
9.722899599999999509e+01 1.670760040000000117e+02
9.203500400000000070e+01 1.060780029999999954e+02
2.476349950000000035e+02 1.098850020000000001e+02
1.051579969999999946e+02 1.814400019999999927e+02
9.905799899999999525e+01 2.680039980000000241e+02
3.211700100000000191e+01 1.092170030000000054e+02
3.295459900000000175e+02 2.542380070000000103e+02
3.282919919999999934e+02 1.015749969999999962e+02
2.697170100000000161e+02 1.602579959999999915e+02
1.568410030000000006e+02 1.234030000000000058e+02
2.643020020000000159e+02 6.918399800000000255e+01
3.010650019999999927e+02 7.201399999999999579e+01
1.620079959999999915e+02 7.311399799999999516e+01
1.135339969999999994e+02 1.121460040000000049e+02
7.682800299999999538e+01 1.532100069999999903e+02
2.368809970000000078e+02 1.784980009999999879e+02
1.283170010000000048e+02 1.074690020000000032e+02
2.405789949999999919e+02 2.096450040000000001e+02
2.799519960000000083e+02 1.019110029999999938e+02
3.145679930000000013e+02 1.052050019999999932e+02
3.091019900000000007e+02 2.567760010000000079e+02
7.832199900000000525e+01 1.473659969999999930e+02
1.562649989999999889e+02 1.244990010000000069e+02
2.738179930000000013e+02 1.666029969999999878e+02
9.932900200000000268e+01 7.456600199999999745e+01
3.127000120000000152e+02 2.569750060000000076e+02
1.002320019999999943e+02 1.635279999999999916e+02
1.583589939999999956e+02 1.115979999999999990e+02
2.041719970000000046e+02 1.097839969999999994e+02
5.468199899999999758e+01 1.803580019999999990e+02
3.092659909999999854e+02 2.555449979999999925e+02
1.080350040000000007e+02 2.645409849999999778e+02
3.966199900000000156e+01 1.643139950000000056e+02
1.167030029999999954e+02 1.543159939999999892e+02
2.825769960000000083e+02 1.119339980000000025e+02
2.332440029999999922e+02 2.670039980000000241e+02
2.742609860000000026e+02 8.663200399999999490e+01
2.308970030000000122e+02 1.714830019999999990e+02
3.164790039999999749e+02 1.806959990000000005e+02
1.026460040000000049e+02 1.601329959999999915e+02
1.067129970000000014e+02 1.585679930000000013e+02
2.320579989999999952e+02 2.521990049999999997e+02
2.027339939999999956e+02 2.486519930000000045e+02
3.295339969999999994e+02 1.766170040000000085e+02
1.539230039999999917e+02 1.135449980000000068e+02
3.182650150000000053e+02 1.594799959999999999e+02
1.819490049999999997e+02 1.686739959999999883e+02
1.700659939999999892e+02 1.532120060000000024e+02
1.164459990000000005e+02 8.809899900000000628e+01
1.758899989999999889e+02 1.777400049999999965e+02
2.619779970000000162e+02 9.785199699999999723e+01
1.008030009999999947e+02 1.701580050000000028e+02
2.166959990000000005e+02 1.213600009999999969e+02
3.962300100000000214e+01 1.023499979999999994e+02
2.650859990000000153e+02 1.712400049999999965e+02
2.916549989999999752e+02 1.080770030000000048e+02
6.515200000000000102e+01 8.744499999999999318e+01
1.057949980000000068e+02 1.811620029999999986e+02
1.552059940000000040e+02 2.528229980000000126e+02
1.834109950000000140e+02 1.436690059999999960e+02
3.027700000000000102e+01 7.437200199999999484e+01
6.615200000000000102e+01 2.668049930000000245e+02
3.123869930000000181e+02 5.430499999999999972e+01
1.243320010000000053e+02 1.108099979999999931e+02
3.130469969999999762e+02 7.204099999999999682e+01
2.682709960000000251e+02 1.449709929999999929e+02
2.743020020000000159e+02 2.454439999999999884e+02
3.678499999999999659e+01 1.800359950000000140e+02
1.764369959999999935e+02 2.511130070000000103e+02
1.020350040000000007e+02 2.643540039999999749e+02
3.037579959999999915e+02 2.062949979999999925e+02
1.810599980000000073e+02 1.638269960000000083e+02
2.609370119999999815e+02 9.950599699999999359e+01
7.473000299999999640e+01 1.058529970000000020e+02
2.765480039999999917e+02 1.136039959999999951e+02
1.641430049999999881e+02 2.533480069999999955e+02
1.440859989999999868e+02 2.088110049999999944e+02
6.415000200000000063e+01 1.389159999999999968e+02
9.156600199999999745e+01 7.221199799999999414e+01
2.151260069999999871e+02 2.301150049999999965e+02
1.479880070000000103e+02 9.375199899999999786e+01
1.790440059999999960e+02 2.634450069999999755e+02
3.055580140000000142e+02 1.491399989999999889e+02
2.558159939999999892e+02 1.703390049999999860e+02
1.916540070000000071e+02 1.788079989999999952e+02
1.957510069999999871e+02 2.583640139999999974e+02
1.958340000000000032e+02 1.078469999999999942e+02
2.117180020000000127e+02 2.464909969999999930e+02
1.774080050000000028e+02 1.783229980000000126e+02
1.430449979999999925e+02 7.619300099999999532e+01
1.658780059999999992e+02 1.622380070000000103e+02
2.049200099999999836e+01 1.178479999999999990e+02
2.935249939999999924e+02 2.488419949999999972e+02
2.507369999999999948e+02 2.489850010000000111e+02
2.840520020000000159e+02 1.453600010000000111e+02
2.023860019999999906e+02 7.015100099999999372e+01
1.524510040000000117e+02 2.676130069999999819e+02
3.405440060000000244e+02 2.596960139999999910e+02
3.166570130000000063e+02 1.054359970000000004e+02
8.737999700000000303e+01 2.311959990000000005e+02
1.917859950000000140e+02 1.735409999999999968e+02
1.071809999999999974e+02 1.647239989999999921e+02
6.752999900000000366e+01 1.673079989999999952e+02
1.189929960000000051e+02 9.476399999999999579e+01
1.241770020000000017e+02 1.563999939999999924e+02
2.173979950000000088e+02 4.242300000000000182e+01
2.925060119999999984e+02 9.504900399999999649e+01
1.887709959999999967e+02 2.643999939999999924e+02
3.040950010000000248e+02 1.621770019999999874e+02
1.244270020000000017e+02 1.104710010000000011e+02
3.155010070000000155e+02 1.420030059999999992e+02
1.412030029999999954e+02 2.658219910000000255e+02
7.596700300000000539e+01 2.641979979999999841e+02
9.488099699999999359e+01 1.798880000000000052e+02
1.830480039999999917e+02 1.652500000000000000e+02
2.534100039999999865e+02 1.111139979999999952e+02
2.107039949999999919e+02 2.495749969999999962e+02
1.207239990000000063e+02 1.017839969999999994e+02
2.191690059999999960e+02 1.797059940000000040e+02
4.003300099999999873e+01 7.432499699999999621e+01
3.916599999999999682e+01 1.405549929999999961e+02
2.781090090000000146e+02 9.906500200000000689e+01
2.266970059999999876e+02 2.634830019999999990e+02
2.723900150000000053e+02 1.656929930000000013e+02
7.340799699999999461e+01 7.587599899999999309e+01
1.896779940000000124e+02 1.738829959999999915e+02
2.733080140000000142e+02 2.471719970000000046e+02
2.475859989999999868e+02 1.746109920000000102e+02
3.291099849999999947e+02 2.667590030000000070e+02
3.992100099999999685e+01 9.883000199999999325e+01
2.212400099999999981e+01 1.195500030000000038e+02
1.353639980000000094e+02 2.674809880000000248e+02
9.763200399999999490e+01 2.460500030000000038e+02
3.283280030000000238e+02 1.613789979999999957e+02
4.999200100000000191e+01 1.517810059999999908e+02
2.696770020000000159e+02 1.635440059999999960e+02
1.426089939999999956e+02 1.416690059999999960e+02
2.833879999999999768e+02 1.628340000000000032e+02
1.162180019999999985e+02 1.003840030000000070e+02
1.987239989999999921e+02 2.606549989999999752e+02
2.714549870000000169e+02 1.460720059999999876e+02
3.249450069999999755e+02 2.635339969999999994e+02
3.180660100000000057e+02 1.802079929999999877e+02
2.089360049999999944e+02 2.637749939999999924e+02
1.694089969999999994e+02 1.398370060000000024e+02
5.502700000000000102e+01 1.774060059999999908e+02
2.888429869999999937e+02 2.477680049999999881e+02
1.708910060000000044e+02 7.399500299999999697e+01
1.743040009999999995e+02 1.421150049999999965e+02
1.397940059999999960e+02 2.317259980000000041e+02
9.579499800000000675e+01 1.411519930000000045e+02
1.127969970000000046e+02 1.761170040000000085e+02
2.415720059999999876e+02 2.525079959999999915e+02
1.480700070000000039e+02 2.646449890000000096e+02
1.880310059999999908e+02 1.065019989999999979e+02
1.361649930000000097e+02 2.349089969999999994e+02
2.208750000000000000e+02 7.812999700000000303e+01
4.011200000000000188e+01 1.480110019999999906e+02
2.590060119999999984e+02 1.086859970000000004e+02
4.145900000000000318e+01 7.405899800000000255e+01
5.369599900000000048e+01 1.403329929999999877e+02
5.850099900000000019e+01 1.525899960000000135e+02
2.589249879999999848e+02 2.655199890000000096e+02
2.791199950000000172e+02 1.633320009999999911e+02
2.149159999999999968e+02 2.465440059999999960e+02
2.314429930000000013e+02 1.023379970000000014e+02
1.079940030000000064e+02 7.505799899999999525e+01
2.688089899999999943e+02 1.577420040000000085e+02
1.579230039999999917e+02 2.263240049999999997e+02
2.842330019999999990e+02 1.677290040000000033e+02
1.032129970000000014e+02 1.770540009999999995e+02
6.508999599999999930e+01 1.679479980000000126e+02
1.142020030000000048e+02 2.276390079999999898e+02
1.324839939999999956e+02 7.243499799999999311e+01
4.549599800000000016e+01 2.501990049999999997e+02
1.027580030000000022e+02 1.614159999999999968e+02
1.004100040000000007e+02 9.790499900000000366e+01
1.043469999999999942e+02 1.756109920000000102e+02
2.315269930000000045e+02 2.499839939999999956e+02
8.537200199999999484e+01 1.677909999999999968e+02
3.147200010000000248e+02 1.044000020000000006e+02
2.564490049999999997e+02 1.561810000000000116e+02
7.975000000000000000e+01 1.567319950000000119e+02
2.552400049999999965e+02 7.941000400000000070e+01
1.947120060000000024e+02 1.543119959999999935e+02
1.330209959999999967e+02 1.685070039999999949e+02
5.123500099999999691e+01 1.666970059999999876e+02
2.689360050000000228e+02 1.130370029999999986e+02
1.584420010000000048e+02 2.569580080000000066e+02
2.127100069999999903e+02 1.806649930000000097e+02
2.536280059999999992e+02 1.768269960000000083e+02
1.337779999999999916e+02 9.655000300000000379e+01
1.422610019999999906e+02 7.766700000000000159e+01
2.771889949999999772e+02 1.626100010000000111e+02
7.030799899999999525e+01 1.441329959999999915e+02
5.411099999999999710e+01 1.091250000000000000e+02
2.598550109999999904e+02 1.061530000000000058e+02
3.390399899999999889e+01 7.558400000000000318e+01
1.937559970000000078e+02 1.789210050000000081e+02
1.990590060000000108e+02 2.567739869999999769e+02
2.635780030000000238e+02 1.101539989999999989e+02
2.140399930000000097e+02 1.100879970000000014e+02
1.573829959999999915e+02 2.053569950000000119e+02
2.050799900000000164e+01 1.043300019999999932e+02
2.834880069999999819e+02 1.002490010000000069e+02
3.228129880000000185e+02 1.790220030000000122e+02
1.006169969999999978e+02 1.591439970000000130e+02
1.063190000000000026e+02 7.672399900000000628e+01
1.542079929999999877e+02 2.292769930000000045e+02
2.149880070000000103e+02 7.472299999999999898e+01
2.728410030000000006e+02 1.016119999999999948e+02
1.057119979999999941e+02 1.645749969999999962e+02
7.504200000000000159e+01 7.791799899999999468e+01
3.495500200000000035e+01 2.451280059999999992e+02
2.982950129999999831e+02 1.060940020000000032e+02
4.322299999999999898e+01 2.257929990000000089e+02
1.680339969999999994e+02 1.427250060000000076e+02
1.468809970000000078e+02 7.351699800000000096e+01
1.672720030000000122e+02 2.523470000000000084e+02
7.211399799999999516e+01 1.790249939999999924e+02
7.999199699999999780e+01 1.059329989999999952e+02
1.216689989999999995e+02 7.133899700000000621e+01
1.594299929999999961e+02 1.011569980000000015e+02
3.170239869999999769e+02 2.640750120000000152e+02
1.140810010000000005e+02 1.765579989999999952e+02
3.333290099999999825e+02 2.623959960000000251e+02
2.313099980000000073e+02 1.720260010000000079e+02
2.050140079999999898e+02 1.819980009999999879e+02
6.376599900000000076e+01 1.402850039999999865e+02
6.385300099999999901e+01 9.395500199999999325e+01
2.138719940000000008e+02 7.576000200000000007e+01
1.575099950000000035e+02 1.227730030000000028e+02
1.174290009999999995e+02 1.120380020000000059e+02
1.104970019999999948e+02 1.644299929999999961e+02
2.451649930000000097e+02 9.837699899999999786e+01
2.293899899999999903e+01 8.875599699999999359e+01
8.322699699999999723e+01 1.556230009999999879e+02
3.068030089999999745e+02 2.615140079999999898e+02
1.680720059999999876e+02 7.451100200000000484e+01
6.001200099999999793e+01 1.413229980000000126e+02
1.992330019999999990e+02 2.598940119999999752e+02
3.077219850000000179e+02 8.383899700000000621e+01
1.359550020000000075e+02 2.352420040000000085e+02
7.406700100000000475e+01 1.444329989999999952e+02
2.237290040000000033e+02 1.593760069999999871e+02
5.655099899999999735e+01 1.488079989999999952e+02
3.039199999999999946e+01 1.803529969999999878e+02
2.206450040000000001e+02 2.629719850000000179e+02
1.713520049999999912e+02 1.777839969999999994e+02
1.904100039999999865e+02 1.448390049999999860e+02
1.676049959999999999e+02 1.779190059999999960e+02
2.251089939999999956e+02 2.176540070000000071e+02
2.602319949999999835e+02 7.674400300000000641e+01
2.360570069999999987e+02 2.655459900000000175e+02
3.167619930000000181e+02 1.425549929999999961e+02
3.298259889999999928e+02 2.562690119999999752e+02
1.759859920000000102e+02 1.051279980000000052e+02
5.944400000000000261e+01 9.322599800000000414e+01
