6.427150269999999637e+02 2.419500000000000028e+01
5.367559810000000198e+02 8.425299800000000516e+01
3.655450129999999831e+02 2.650300000000000011e+01
6.180390009999999847e+02 2.698689880000000016e+02
3.487290039999999749e+02 2.646910100000000057e+02
4.970599980000000073e+02 2.972400100000000123e+01
4.258460079999999834e+02 7.813200399999999490e+01
5.266030269999999973e+02 6.526599899999999366e+01
5.342000120000000152e+02 2.672940060000000244e+02
3.484150089999999977e+02 1.041309969999999936e+02
4.191329959999999915e+02 1.271989970000000056e+02
3.487229919999999765e+02 2.687200010000000248e+02
5.360430300000000443e+02 8.247199999999999420e+01
6.628800049999999828e+02 1.145820010000000053e+02
4.476040039999999749e+02 5.180400099999999952e+01
3.649970089999999914e+02 2.702799989999999752e+02
6.963250120000000152e+02 8.225000000000000000e+01
6.948610230000000456e+02 1.692140049999999860e+02
3.616000060000000076e+02 2.705589899999999943e+02
5.157680050000000165e+02 2.607439880000000016e+02
6.943709720000000516e+02 2.566379999999999768e+02
6.876380000000000337e+02 3.758700199999999825e+01
4.922399899999999775e+02 1.271670000000000016e+02
4.310400089999999977e+02 6.958899700000000621e+01
4.233179930000000013e+02 1.490149989999999889e+02
6.349719850000000179e+02 2.689410100000000057e+02
5.764990229999999656e+02 1.964310000000000116e+02
3.502680050000000165e+02 2.269929960000000051e+02
4.618670040000000085e+02 4.088799999999999812e+01
6.620830079999999498e+02 1.084400020000000069e+02
6.766209720000000516e+02 1.409889980000000094e+02
6.384290160000000469e+02 6.983299999999999841e+01
4.881539920000000166e+02 1.491510010000000079e+02
4.259559939999999756e+02 7.890599799999999675e+01
4.313980099999999993e+02 6.915499900000000366e+01
4.050289920000000166e+02 1.119810030000000012e+02
5.164530029999999670e+02 2.568450010000000248e+02
6.424409789999999703e+02 6.510299700000000200e+01
6.578239750000000186e+02 2.284409939999999892e+02
4.968179930000000013e+02 3.269200099999999765e+01
4.668110050000000228e+02 3.857000000000000028e+01
5.986950070000000323e+02 2.682839969999999994e+02
6.913060299999999643e+02 2.338959959999999967e+02
6.574010009999999511e+02 2.692099999999999937e+01
4.924509889999999928e+02 1.313849950000000035e+02
5.270250240000000304e+02 1.569680020000000127e+02
5.828389889999999696e+02 2.483240049999999997e+02
4.516719969999999762e+02 4.847700100000000134e+01
4.218049930000000245e+02 9.413300300000000220e+01
5.988380130000000463e+02 2.247640079999999898e+02
6.428720090000000482e+02 2.670220029999999838e+02
3.517760010000000079e+02 2.578670040000000085e+02
6.173419800000000350e+02 8.576899699999999882e+01
4.747810059999999908e+02 3.897700100000000134e+01
4.474010010000000079e+02 5.267999999999999972e+01
6.014429930000000013e+02 2.547500000000000142e+01
4.564179990000000089e+02 1.263580019999999990e+02
4.687460019999999759e+02 2.621449890000000096e+02
3.677099910000000023e+02 2.916900100000000151e+01
6.774279790000000503e+02 3.525799899999999809e+01
4.151189880000000016e+02 1.055400010000000037e+02
3.502430110000000241e+02 1.007170030000000054e+02
6.905560299999999643e+02 1.075339969999999994e+02
4.931029970000000162e+02 2.690220029999999838e+02
5.637529909999999518e+02 2.312319950000000119e+02
4.694190060000000244e+02 1.444550020000000075e+02
4.227040099999999825e+02 1.586040040000000033e+02
5.994349979999999505e+02 1.650910030000000006e+02
4.207370000000000232e+02 1.348439940000000092e+02
3.556040039999999749e+02 2.702090150000000222e+02
4.832919919999999934e+02 2.666120000000000232e+02
6.944390260000000126e+02 1.634120029999999986e+02
3.549549870000000169e+02 1.914069979999999873e+02
6.577999879999999848e+02 2.249389950000000056e+02
5.144340210000000297e+02 2.063950040000000001e+02
4.567290039999999749e+02 1.740829929999999877e+02
3.506950069999999755e+02 2.693859860000000026e+02
4.525509950000000003e+02 2.820999899999999982e+01
4.222980039999999917e+02 1.462559970000000078e+02
4.768519900000000007e+02 1.791410060000000044e+02
6.844140009999999847e+02 2.426549990000000037e+02
4.933110050000000228e+02 1.322799990000000037e+02
4.850060119999999984e+02 2.458229980000000126e+02
5.785520020000000159e+02 1.761759950000000003e+02
6.579479979999999841e+02 2.639169919999999934e+02
5.784970090000000482e+02 1.701959990000000005e+02
4.212000120000000152e+02 2.448399900000000073e+01
5.987180180000000291e+02 2.269869999999999948e+02
6.660640260000000126e+02 2.630109860000000026e+02
6.611489870000000337e+02 1.127730030000000028e+02
4.013919980000000010e+02 2.682709960000000251e+02
4.211300049999999828e+02 4.855400099999999952e+01
6.911719970000000330e+02 6.683599900000000105e+01
3.513689880000000016e+02 2.589079899999999839e+02
5.011730039999999917e+02 2.090489959999999883e+02
5.982689820000000509e+02 2.282899930000000097e+02
4.743940119999999752e+02 9.054399899999999946e+01
4.641849980000000073e+02 2.189739989999999921e+02
4.756229860000000258e+02 4.073599999999999710e+01
4.960920100000000161e+02 2.047830050000000028e+02
4.523450010000000248e+02 1.725989989999999921e+02
4.221809999999999832e+02 1.437940059999999960e+02
6.193649900000000343e+02 8.989900199999999586e+01
4.721740110000000072e+02 2.384279940000000124e+02
4.970029910000000086e+02 1.839929960000000051e+02
5.257500000000000000e+02 9.757299799999999834e+01
6.419119869999999537e+02 6.942199700000000462e+01
4.257810059999999908e+02 2.915299999999999869e+01
5.882100219999999808e+02 2.478370060000000024e+02
6.578629760000000033e+02 6.583699799999999414e+01
4.790539860000000090e+02 1.829830019999999990e+02
6.164680180000000291e+02 9.408499899999999627e+01
6.577719730000000027e+02 2.053549959999999999e+02
4.775209960000000251e+02 2.445740049999999997e+02
4.657409969999999930e+02 4.012699899999999786e+01
6.288950200000000450e+02 7.709699999999999420e+01
6.299509890000000496e+02 2.699530030000000238e+02
5.510100099999999657e+02 2.565339969999999994e+02
4.959630129999999895e+02 1.345919949999999972e+02
6.307390139999999974e+02 7.579399899999999946e+01
4.933269960000000083e+02 1.249130020000000059e+02
6.753179930000000013e+02 1.351109920000000102e+02
5.513229979999999841e+02 3.490000200000000063e+01
4.264500120000000152e+02 5.251699800000000096e+01
3.541329959999999915e+02 2.696530149999999821e+02
4.970679930000000013e+02 3.846900200000000325e+01
3.643020020000000159e+02 2.700239869999999769e+02
5.984240109999999504e+02 2.312250060000000076e+02
5.324050290000000132e+02 2.558650049999999965e+02
5.173439939999999524e+02 2.557570039999999949e+02
4.933190000000000168e+02 1.352599950000000035e+02
4.856340030000000070e+02 4.341999799999999965e+01
3.866740110000000072e+02 2.858200100000000177e+01
4.626990049999999997e+02 1.761730039999999917e+02
6.839470209999999497e+02 7.462000299999999697e+01
6.445189820000000509e+02 2.606170040000000085e+02
6.578850099999999657e+02 1.732420040000000085e+02
6.573809810000000198e+02 2.066860049999999944e+02
3.635020139999999742e+02 1.787749939999999924e+02
6.678419800000000350e+02 8.095500199999999325e+01
4.808590090000000146e+02 2.641709900000000175e+02
4.944580080000000066e+02 1.827839969999999994e+02
4.657380069999999819e+02 2.384709929999999929e+02
4.969010010000000079e+02 2.690039980000000241e+02
5.234390260000000126e+02 1.532209929999999929e+02
6.010330199999999650e+02 2.009450070000000039e+02
6.787080079999999498e+02 1.859629970000000014e+02
5.055029910000000086e+02 1.624499969999999962e+02
4.201570130000000063e+02 1.191029970000000020e+02
4.825610050000000228e+02 4.164300200000000274e+01
3.581369930000000181e+02 2.502680049999999881e+02
6.528109739999999874e+02 2.820599899999999849e+01
6.005869750000000522e+02 2.124810029999999870e+02
5.527490229999999656e+02 2.513000030000000038e+02
4.611719969999999762e+02 2.428209990000000005e+02
3.552770080000000235e+02 7.660099800000000414e+01
5.350000000000000000e+02 1.557460020000000043e+02
3.551130069999999819e+02 1.021699980000000068e+02
5.787490229999999656e+02 1.551580050000000028e+02
5.178959959999999683e+02 5.544599900000000048e+01
3.499989929999999845e+02 2.676099849999999947e+02
5.130859990000000153e+02 5.053799800000000175e+01
6.078790279999999484e+02 2.671929930000000013e+02
6.009019779999999855e+02 2.131959990000000005e+02
3.648680110000000241e+02 2.433269960000000083e+02
5.032780149999999821e+02 4.434799999999999898e+01
4.412539980000000241e+02 1.698189999999999884e+02
6.605440059999999676e+02 9.750900300000000698e+01
4.729590150000000222e+02 1.991920010000000048e+02
6.426149900000000343e+02 7.023600000000000421e+01
5.040329899999999839e+02 2.538609920000000102e+02
3.703370059999999739e+02 1.903979950000000088e+02
6.014660030000000006e+02 1.911219940000000008e+02
5.070820009999999911e+02 1.672209929999999929e+02
5.268020020000000159e+02 9.691500100000000373e+01
5.075329899999999839e+02 4.927100000000000080e+01
6.718939820000000509e+02 4.397299999999999898e+01
4.815960079999999834e+02 1.507469940000000008e+02
4.623739929999999845e+02 1.074970019999999948e+02
6.026790160000000469e+02 1.873370060000000024e+02
5.733389889999999696e+02 1.993699949999999887e+02
4.861669919999999934e+02 1.093479999999999990e+02
5.774379880000000185e+02 2.692420040000000085e+02
6.015759890000000496e+02 1.949470059999999876e+02
6.574910280000000284e+02 1.896939999999999884e+02
6.029190059999999676e+02 1.693099980000000073e+02
4.323250120000000152e+02 4.393199899999999758e+01
3.667890009999999847e+02 2.570840150000000222e+02
6.577340090000000146e+02 1.926029969999999878e+02
5.574559940000000324e+02 2.575199890000000096e+02
4.008590090000000146e+02 2.582650150000000053e+02
6.570789790000000039e+02 2.196089939999999956e+02
4.767730099999999993e+02 2.016820069999999987e+02
6.381329960000000483e+02 2.644309999999999832e+02
5.559739990000000489e+02 2.406649930000000097e+02
4.704809880000000248e+02 1.453459929999999929e+02
4.827569889999999759e+02 1.808240049999999997e+02
5.774630130000000463e+02 1.706309970000000078e+02
3.635740049999999997e+02 2.062539979999999957e+02
4.694469910000000255e+02 2.055390010000000132e+02
3.549389949999999772e+02 1.313780059999999992e+02
5.468779909999999518e+02 1.636810000000000116e+02
5.343070069999999987e+02 2.091139980000000094e+02
5.121569819999999709e+02 1.791080019999999990e+02
4.206629940000000261e+02 1.217249979999999994e+02
5.425640260000000126e+02 2.601090090000000146e+02
6.287109990000000153e+02 2.878399999999999892e+01
6.578339839999999867e+02 7.150700399999999490e+01
4.890889890000000264e+02 2.463399960000000135e+02
5.144660030000000006e+02 1.152590030000000070e+02
6.230369869999999537e+02 8.480500000000000682e+01
3.982460019999999759e+02 2.685549930000000245e+02
4.903890079999999898e+02 4.664899799999999885e+01
6.579589839999999867e+02 7.423999799999999993e+01
6.609849850000000515e+02 9.401100200000000484e+01
5.145640260000000126e+02 2.141799929999999961e+02
6.648380130000000463e+02 1.833200070000000039e+02
5.292500000000000000e+02 7.302999900000000366e+01
5.218489990000000489e+02 4.702299899999999866e+01
4.484670100000000161e+02 1.273310010000000005e+02
5.763159789999999703e+02 1.298750000000000000e+02
5.785709839999999531e+02 1.538890079999999898e+02
5.857479859999999690e+02 2.679930110000000241e+02
6.468729859999999690e+02 7.021900200000000325e+01
6.748449709999999868e+02 9.143599700000000041e+01
5.870729979999999841e+02 2.688630069999999819e+02
3.710929869999999937e+02 2.677049870000000169e+02
5.278989870000000337e+02 7.088999900000000309e+01
5.769000240000000304e+02 1.437949979999999925e+02
5.997369999999999663e+02 2.216399989999999889e+02
5.805289920000000166e+02 1.525800020000000075e+02
6.569000240000000304e+02 2.547449949999999887e+02
4.964939880000000016e+02 1.515789949999999919e+02
3.503519900000000007e+02 2.678410030000000006e+02
4.592890009999999847e+02 1.399739989999999921e+02
4.531749879999999848e+02 2.700960079999999834e+02
6.305430300000000443e+02 2.669060059999999908e+02
5.198699950000000172e+02 5.599200100000000191e+01
4.186690060000000244e+02 2.690119930000000181e+02
4.848959960000000251e+02 2.013320009999999911e+02
4.734949950000000172e+02 4.079499799999999965e+01
4.491239929999999845e+02 1.299889980000000094e+02
5.344010009999999511e+02 1.910180049999999881e+02
6.013170169999999644e+02 1.846810000000000116e+02
4.977290039999999749e+02 1.790099950000000035e+02
5.546890260000000126e+02 2.370959929999999929e+02
6.652000120000000152e+02 1.367500000000000000e+02
3.771409909999999854e+02 3.302999899999999656e+01
5.689219970000000330e+02 2.177689970000000130e+02
3.599700010000000248e+02 1.401510010000000079e+02
4.731849980000000073e+02 2.359029999999999916e+02
4.482560119999999984e+02 2.283189999999999884e+02
5.000199890000000096e+02 1.385200040000000001e+02
4.738460079999999834e+02 1.957839969999999994e+02
6.571259770000000344e+02 2.176589969999999994e+02
6.013060299999999643e+02 1.437859950000000140e+02
6.568969730000000027e+02 1.856690059999999960e+02
6.485599979999999505e+02 2.952199900000000099e+01
6.072440189999999802e+02 1.646250000000000000e+02
6.443060299999999643e+02 2.594280089999999745e+02
6.023770140000000310e+02 2.130639950000000056e+02
4.843850100000000225e+02 2.439029999999999916e+02
4.824559939999999756e+02 4.175400199999999984e+01
5.568800049999999828e+02 1.293800050000000113e+02
5.079930110000000241e+02 2.542879939999999976e+02
4.738099980000000073e+02 1.484960020000000043e+02
4.241300049999999828e+02 9.615000200000000063e+01
6.163519900000000007e+02 1.204369959999999935e+02
4.328290099999999825e+02 1.642879939999999976e+02
6.568270260000000462e+02 1.705740049999999997e+02
4.823099980000000073e+02 2.434179990000000089e+02
4.933070069999999987e+02 2.677090150000000222e+02
5.844600219999999808e+02 2.654710079999999834e+02
4.844790039999999749e+02 2.018079989999999952e+02
6.612899780000000192e+02 1.260650020000000069e+02
6.772399900000000343e+02 1.713240049999999997e+02
5.285689700000000357e+02 1.215019989999999979e+02
3.548150019999999927e+02 2.584039920000000166e+02
4.329200129999999831e+02 1.658049929999999961e+02
5.044110109999999736e+02 1.626929930000000013e+02
3.527810059999999908e+02 2.608229979999999841e+02
5.709810179999999491e+02 1.399159999999999968e+02
5.221459959999999683e+02 4.940399899999999889e+01
4.960929869999999937e+02 2.084830019999999990e+02
5.293289790000000039e+02 3.314099900000000076e+01
5.306530149999999821e+02 1.967079929999999877e+02
3.644939880000000016e+02 5.726299999999999812e+01
3.582210079999999834e+02 2.569429930000000013e+02
5.726680300000000443e+02 2.702200010000000248e+02
5.048510130000000231e+02 2.532610019999999906e+02
6.604409789999999703e+02 9.757599600000000351e+01
5.903419800000000350e+02 2.497140049999999860e+02
4.316910100000000057e+02 1.616829989999999952e+02
4.219230039999999917e+02 1.111490019999999959e+02
4.436239929999999845e+02 2.201589969999999994e+02
4.327409969999999930e+02 2.603800049999999828e+02
6.143449709999999868e+02 3.615499899999999656e+01
6.025300290000000132e+02 1.605010069999999871e+02
4.262420040000000085e+02 1.925269930000000045e+02
5.964990229999999656e+02 1.039479979999999983e+02
5.555109860000000026e+02 2.363189999999999884e+02
5.487410280000000284e+02 1.851410060000000044e+02
6.691229859999999690e+02 2.524109950000000140e+02
5.062900089999999977e+02 1.413569950000000119e+02
4.453389890000000264e+02 5.729399899999999946e+01
5.322340090000000146e+02 2.106119999999999948e+02
5.364500120000000152e+02 9.065899699999999939e+01
4.770050049999999828e+02 1.791199949999999887e+02
6.012160030000000006e+02 1.189550019999999932e+02
6.543640139999999974e+02 1.645700070000000039e+02
5.322030029999999670e+02 9.601799800000000573e+01
6.505679930000000013e+02 2.455370029999999986e+02
3.723160100000000057e+02 3.548599999999999710e+01
5.560170289999999795e+02 1.290359950000000140e+02
5.177650149999999485e+02 1.825290070000000071e+02
6.371560060000000476e+02 7.119400000000000261e+01
6.605780029999999670e+02 1.186829989999999952e+02
6.565629880000000185e+02 1.795910030000000006e+02
6.157210079999999834e+02 1.015370029999999986e+02
5.052600100000000225e+02 1.150240019999999959e+02
5.199110110000000304e+02 1.483049929999999961e+02
5.101830140000000142e+02 1.422819979999999873e+02
5.519829710000000205e+02 3.824000199999999694e+01
6.302670289999999795e+02 2.667669980000000010e+02
4.972690119999999752e+02 2.538220059999999876e+02
4.797019960000000083e+02 2.411560059999999908e+02
5.902369999999999663e+02 2.531250000000000000e+02
6.016710209999999961e+02 1.931659999999999968e+02
4.208970029999999838e+02 1.276569980000000015e+02
4.932839969999999994e+02 1.296130070000000103e+02
6.574660030000000006e+02 2.470260010000000079e+02
6.766779790000000503e+02 1.500890049999999860e+02
4.239760130000000231e+02 1.445379939999999976e+02
4.467439880000000016e+02 1.691340030000000070e+02
5.064970089999999914e+02 1.713910060000000044e+02
5.208259890000000496e+02 9.470600100000000054e+01
6.507130130000000463e+02 7.252400199999999586e+01
5.025119930000000181e+02 1.598840030000000070e+02
6.574299929999999677e+02 1.873359989999999868e+02
4.311820069999999987e+02 5.020999900000000338e+01
4.261029970000000162e+02 1.708910060000000044e+02
5.236519779999999855e+02 1.156380000000000052e+02
6.157760009999999511e+02 1.235289989999999989e+02
6.060629880000000185e+02 1.388000030000000038e+02
4.242940060000000244e+02 9.750900300000000698e+01
5.443980099999999993e+02 2.020370029999999986e+02
5.751530149999999821e+02 1.666849980000000073e+02
6.569520260000000462e+02 1.505229950000000088e+02
4.974070130000000063e+02 2.583859860000000026e+02
5.357680050000000165e+02 8.793199900000000468e+01
6.438140260000000126e+02 7.036199999999999477e+01
4.257489929999999845e+02 8.565300000000000580e+01
4.636449890000000096e+02 2.154459990000000005e+02
6.593959959999999683e+02 8.901899699999999882e+01
4.964349980000000073e+02 1.240149990000000031e+02
6.606489870000000337e+02 1.460570069999999987e+02
6.010720209999999497e+02 1.088209990000000005e+02
5.594869999999999663e+02 2.305119929999999897e+02
6.135650020000000495e+02 2.645710139999999910e+02
4.966289980000000241e+02 1.502090000000000032e+02
6.028590090000000146e+02 1.070100020000000001e+02
5.652570190000000139e+02 2.252039949999999919e+02
4.319920040000000085e+02 5.060499999999999687e+01
6.029719850000000179e+02 1.507630000000000052e+02
4.409920040000000085e+02 6.282600000000000051e+01
5.061189880000000016e+02 9.278399699999999939e+01
5.720380249999999478e+02 1.959700009999999963e+02
4.856149899999999775e+02 9.612599899999999309e+01
4.473649899999999775e+02 1.036679989999999947e+02
6.026320190000000139e+02 2.134019930000000045e+02
5.040159909999999854e+02 1.644530029999999954e+02
4.327590030000000070e+02 7.350499700000000303e+01
6.593410030000000006e+02 9.680999799999999311e+01
4.210750120000000152e+02 1.238929980000000057e+02
6.621459959999999683e+02 1.652400049999999965e+02
5.045679930000000013e+02 1.727909999999999968e+02
5.932730099999999993e+02 9.179799699999999518e+01
5.743640139999999974e+02 1.795099950000000035e+02
4.365650019999999927e+02 6.922399900000000628e+01
5.059129940000000261e+02 1.389230039999999917e+02
6.021890260000000126e+02 1.741900019999999927e+02
3.769020080000000235e+02 2.492169949999999972e+02
6.062839969999999994e+02 2.663389890000000264e+02
6.568889769999999544e+02 1.837400049999999965e+02
6.178670039999999517e+02 1.225630040000000065e+02
6.574780269999999973e+02 7.572399900000000628e+01
5.457919920000000502e+02 1.982920070000000123e+02
5.518460079999999834e+02 1.258949970000000036e+02
4.451679990000000089e+02 1.210360029999999938e+02
3.756440119999999752e+02 2.487850039999999865e+02
5.175889889999999696e+02 5.582199899999999815e+01
6.016959839999999531e+02 2.853500000000000014e+01
6.608229979999999841e+02 1.353470000000000084e+02
5.101040039999999749e+02 1.179779970000000020e+02
3.653559880000000248e+02 1.414250030000000038e+02
5.142210079999999834e+02 1.808099980000000073e+02
4.602409969999999930e+02 2.063780059999999992e+02
6.562869869999999537e+02 2.291519930000000045e+02
4.257579959999999915e+02 1.443670040000000085e+02
4.584549870000000169e+02 1.717230069999999955e+02
4.683869930000000181e+02 1.744490049999999997e+02
5.667789920000000166e+02 2.701409909999999854e+02
6.105360110000000304e+02 1.327409969999999930e+02
4.222669980000000010e+02 1.018990019999999959e+02
3.778840030000000070e+02 2.526139980000000094e+02
4.497500000000000000e+02 1.321609950000000140e+02
4.498559880000000248e+02 9.900800300000000220e+01
4.882890009999999847e+02 1.539170070000000123e+02
5.037629999999999768e+02 1.735229950000000088e+02
6.124539790000000039e+02 2.676340030000000070e+02
6.763170169999999644e+02 1.720039979999999957e+02
3.659620059999999739e+02 2.678340150000000222e+02
3.805180050000000165e+02 2.700679930000000013e+02
4.960409849999999778e+02 1.128700029999999970e+02
3.675150150000000053e+02 2.587009889999999928e+02
3.942260130000000231e+02 1.973110049999999944e+02
6.204140009999999847e+02 9.215000200000000063e+01
5.599010009999999511e+02 4.668800000000000239e+01
6.237230220000000145e+02 8.680500000000000682e+01
3.955979919999999765e+02 2.685539860000000090e+02
4.864030149999999821e+02 1.524270019999999874e+02
5.643720090000000482e+02 1.186520000000000010e+02
6.489390260000000126e+02 7.088400300000000698e+01
5.273670039999999517e+02 1.197249979999999994e+02
6.589039920000000166e+02 3.254700100000000162e+01
6.501840210000000297e+02 8.712899799999999573e+01
4.921659849999999778e+02 8.623300199999999904e+01
6.250720209999999497e+02 5.906199999999999761e+01
3.514679869999999937e+02 2.672829899999999839e+02
4.216019900000000007e+02 1.177170030000000054e+02
5.129580079999999498e+02 2.544149930000000097e+02
5.384420169999999644e+02 1.206520000000000010e+02
6.599730220000000145e+02 9.918800400000000650e+01
4.304599910000000023e+02 8.172899599999999509e+01
6.731550290000000132e+02 1.490840000000000032e+02
6.190570069999999987e+02 1.191829989999999952e+02
5.383809810000000198e+02 9.141799899999999468e+01
5.493750000000000000e+02 1.856199949999999887e+02
4.653859860000000026e+02 2.114680020000000127e+02
4.965010070000000155e+02 4.489400100000000293e+01
6.117269900000000007e+02 2.641270139999999742e+02
6.626500240000000304e+02 1.368990019999999959e+02
5.413989870000000337e+02 2.545549929999999961e+02
5.510650020000000495e+02 2.425469970000000046e+02
5.422609860000000026e+02 1.213229979999999983e+02
5.545800169999999980e+02 9.503199800000000153e+01
6.541760249999999814e+02 1.688520049999999912e+02
6.528309940000000324e+02 2.022700040000000001e+02
4.912380069999999819e+02 8.573600000000000421e+01
5.906640009999999847e+02 2.673439940000000092e+02
6.252860110000000304e+02 6.130199799999999755e+01
3.903110050000000228e+02 2.666279910000000086e+02
6.324819949999999835e+02 2.669989929999999845e+02
5.285759890000000496e+02 9.406400299999999959e+01
6.477239990000000489e+02 7.080200200000000166e+01
5.444039920000000166e+02 1.973750000000000000e+02
6.150739750000000186e+02 1.218919980000000010e+02
4.993569949999999835e+02 1.770829929999999877e+02
4.972879940000000261e+02 1.168619999999999948e+02
5.004500120000000152e+02 1.187809979999999968e+02
4.418559880000000248e+02 1.665119929999999897e+02
5.301170039999999517e+02 2.533979950000000088e+02
4.668879999999999768e+02 2.184779969999999878e+02
6.047349850000000515e+02 1.508609920000000102e+02
4.295000000000000000e+02 1.578320009999999911e+02
5.504890139999999974e+02 1.693430020000000127e+02
4.231279910000000086e+02 1.358350069999999903e+02
6.534580079999999498e+02 7.761499799999999993e+01
6.074160160000000133e+02 1.883769990000000121e+02
6.024130249999999478e+02 1.942689970000000130e+02
3.622380069999999819e+02 2.677160030000000006e+02
5.046839899999999943e+02 1.185640029999999996e+02
5.405850219999999808e+02 1.561399989999999889e+02
6.127379760000000033e+02 1.378329929999999877e+02
4.785549930000000245e+02 1.761549990000000037e+02
5.786909789999999703e+02 2.157790070000000071e+02
4.677739869999999769e+02 2.082250060000000076e+02
5.080350040000000149e+02 2.153280029999999954e+02
5.043859860000000026e+02 1.172929989999999947e+02
4.638219910000000255e+02 1.440950009999999963e+02
5.523419800000000350e+02 8.667500300000000379e+01
3.665610050000000228e+02 2.524080050000000028e+02
6.622949830000000020e+02 1.384620060000000024e+02
6.101749879999999848e+02 1.642590030000000070e+02
6.514660030000000006e+02 2.125370029999999986e+02
5.487789920000000166e+02 1.869609989999999868e+02
4.908049930000000245e+02 2.079019930000000045e+02
6.560570069999999987e+02 2.431569979999999873e+02
6.418939820000000509e+02 2.608980099999999993e+02
5.289680180000000291e+02 1.227139970000000062e+02
5.401019900000000007e+02 2.522570039999999949e+02
5.457429809999999861e+02 1.222570039999999949e+02
5.528619999999999663e+02 4.133200099999999821e+01
6.044089969999999994e+02 1.932489930000000129e+02
6.051939700000000357e+02 1.987290040000000033e+02
6.008779909999999518e+02 2.187169949999999972e+02
4.947409969999999930e+02 1.768489989999999921e+02
4.290029910000000086e+02 8.412000299999999697e+01
3.763980099999999993e+02 2.515740049999999997e+02
5.080499879999999848e+02 5.253799800000000175e+01
5.364600219999999808e+02 2.528840030000000070e+02
5.646229859999999690e+02 3.900099900000000019e+01
5.125009770000000344e+02 1.188219990000000053e+02
4.862460019999999759e+02 4.444300100000000242e+01
4.853510130000000231e+02 1.542400049999999965e+02
5.279379880000000185e+02 3.636099999999999710e+01
6.576500240000000304e+02 1.606020049999999912e+02
4.501679990000000089e+02 1.336580050000000028e+02
5.741849979999999505e+02 1.615930020000000127e+02
5.858939820000000509e+02 2.628859860000000026e+02
5.687500000000000000e+02 1.905220030000000122e+02
3.616690060000000244e+02 1.104219970000000046e+02
4.476489869999999769e+02 1.138919980000000010e+02
6.198950200000000450e+02 1.073140029999999996e+02
5.723020020000000159e+02 2.058289949999999919e+02
5.970999759999999696e+02 1.461360019999999906e+02
5.135980220000000145e+02 2.151049959999999999e+02
6.023569949999999835e+02 7.393399800000000255e+01
5.960280149999999821e+02 2.649289860000000090e+02
4.328779910000000086e+02 2.137100069999999903e+02
5.405510249999999814e+02 2.085099950000000035e+02
6.081229859999999690e+02 1.542550050000000113e+02
6.205869750000000522e+02 9.295799999999999841e+01
4.774710079999999834e+02 1.517799990000000037e+02
4.889849849999999947e+02 4.641899899999999946e+01
4.599890139999999974e+02 4.806199999999999761e+01
5.742340090000000146e+02 1.919040070000000071e+02
3.676990049999999997e+02 1.427160030000000006e+02
5.854169920000000502e+02 1.541199949999999887e+02
5.352269900000000007e+02 8.510299700000000200e+01
6.280100099999999657e+02 7.984799999999999898e+01
5.222039790000000039e+02 2.151419980000000010e+02
5.376060179999999491e+02 9.182800299999999538e+01
5.200770260000000462e+02 2.154819950000000119e+02
5.053970029999999838e+02 1.184059979999999968e+02
4.914989929999999845e+02 1.550560000000000116e+02
6.371589969999999994e+02 7.338099699999999359e+01
4.727489929999999845e+02 1.484299929999999961e+02
3.767250060000000076e+02 2.506580050000000028e+02
5.052269900000000007e+02 9.538300300000000220e+01
5.923690189999999802e+02 2.494649960000000135e+02
4.482890009999999847e+02 1.681770019999999874e+02
6.058679809999999861e+02 2.660050049999999828e+02
4.475639949999999772e+02 9.745099600000000351e+01
6.403909909999999854e+02 7.183699799999999414e+01
4.313240049999999997e+02 2.137740019999999959e+02
5.354559940000000324e+02 8.744799799999999834e+01
6.042890009999999847e+02 2.427369999999999948e+02
6.218779909999999518e+02 6.782199900000000525e+01
6.506259770000000344e+02 7.438400300000000698e+01
3.868500060000000076e+02 2.682080080000000066e+02
3.680010070000000155e+02 2.402420040000000085e+02
6.303300169999999980e+02 2.665499879999999848e+02
5.446329960000000483e+02 1.574369959999999935e+02
6.026989750000000186e+02 1.402100069999999903e+02
4.949899899999999775e+02 1.289210050000000081e+02
6.019279790000000503e+02 2.054980009999999879e+02
6.022689820000000509e+02 1.088820039999999949e+02
5.952349850000000515e+02 2.419210050000000081e+02
6.122180180000000291e+02 1.347579959999999915e+02
5.723410030000000006e+02 1.837949979999999925e+02
5.516690059999999676e+02 1.199400020000000069e+02
5.983829960000000483e+02 1.251790009999999995e+02
3.653269960000000083e+02 1.389559940000000040e+02
4.708670040000000085e+02 1.739259950000000003e+02
4.328190000000000168e+02 2.290099950000000035e+02
5.757999879999999848e+02 1.450809940000000040e+02
6.312290040000000317e+02 2.347640079999999898e+02
5.445230099999999993e+02 2.032469940000000008e+02
6.305150149999999485e+02 8.143900299999999959e+01
5.498980099999999993e+02 1.829360049999999944e+02
5.926309810000000198e+02 2.528650049999999965e+02
4.726040039999999749e+02 4.175199899999999786e+01
4.623689880000000016e+02 1.726909939999999892e+02
5.245930180000000291e+02 2.549649960000000135e+02
6.162890009999999847e+02 1.024779970000000020e+02
6.405089719999999716e+02 2.609830019999999990e+02
5.770960079999999834e+02 1.535610049999999944e+02
4.652739869999999769e+02 2.129920040000000085e+02
4.421650089999999977e+02 6.216599999999999682e+01
5.896489870000000337e+02 2.624140009999999847e+02
4.323169859999999858e+02 1.606620029999999986e+02
5.515549929999999677e+02 9.520099600000000351e+01
3.970220029999999838e+02 2.664830019999999990e+02
6.008590090000000146e+02 2.354219970000000046e+02
6.508800049999999828e+02 7.918599700000000041e+01
4.453120119999999815e+02 1.337729950000000088e+02
3.682239989999999921e+02 8.312500000000000000e+01
6.013040160000000469e+02 8.780500000000000682e+01
6.428439939999999524e+02 1.726139980000000094e+02
5.672180180000000291e+02 1.461380000000000052e+02
4.474259950000000003e+02 5.831900000000000261e+01
5.419559940000000324e+02 1.256139979999999952e+02
6.024899900000000343e+02 1.156930009999999953e+02
5.011430050000000165e+02 1.184349979999999931e+02
5.514569699999999557e+02 2.391320039999999949e+02
5.512219850000000179e+02 1.010630040000000065e+02
6.097009890000000496e+02 1.712270049999999912e+02
6.616199950000000172e+02 1.504069979999999873e+02
5.234660030000000006e+02 6.777300300000000277e+01
4.946289980000000241e+02 9.307599600000000351e+01
3.886789860000000090e+02 1.999210050000000081e+02
4.846359860000000026e+02 2.431589969999999994e+02
5.332949830000000020e+02 1.527929990000000089e+02
4.578680110000000241e+02 2.128350069999999903e+02
5.275109860000000026e+02 9.364299800000000573e+01
6.384910280000000284e+02 2.634580080000000066e+02
3.823879999999999768e+02 1.674299929999999961e+02
5.339840090000000146e+02 1.225469970000000046e+02
4.884739989999999921e+02 8.305400099999999952e+01
5.291459959999999683e+02 2.133739930000000129e+02
5.921270140000000310e+02 2.537129970000000014e+02
4.578760070000000155e+02 5.003599899999999678e+01
5.518530269999999973e+02 4.310800199999999904e+01
5.259949950000000172e+02 1.189530029999999954e+02
5.356270140000000310e+02 1.408560029999999870e+02
5.034590150000000222e+02 9.005400099999999952e+01
3.946640009999999847e+02 2.312989959999999883e+02
4.274620059999999739e+02 2.266250000000000000e+02
4.480180050000000165e+02 1.954120029999999986e+02
6.582680050000000165e+02 1.003759989999999931e+02
5.146389769999999544e+02 2.169420010000000048e+02
5.410889889999999696e+02 2.498480069999999955e+02
5.473480220000000145e+02 2.161499939999999924e+02
6.574959720000000516e+02 1.139509960000000035e+02
4.901669919999999934e+02 1.796620029999999986e+02
4.940260010000000079e+02 1.558209990000000005e+02
4.259309999999999832e+02 9.965399899999999889e+01
5.747760009999999511e+02 1.496659999999999968e+02
5.705949709999999868e+02 2.089060059999999908e+02
4.542059939999999756e+02 8.878800200000000586e+01
4.523160100000000057e+02 9.441599999999999682e+01
5.204949950000000172e+02 6.069699899999999815e+01
3.541640009999999847e+02 2.617489929999999845e+02
6.024990229999999656e+02 2.323350069999999903e+02
6.252509770000000344e+02 2.297940059999999960e+02
5.585020140000000310e+02 1.316840060000000108e+02
6.508759770000000344e+02 1.654040070000000071e+02
6.307310179999999491e+02 2.660840150000000222e+02
5.134270020000000159e+02 5.435300099999999901e+01
5.303309940000000324e+02 2.137160030000000006e+02
5.607990109999999504e+02 1.368829959999999915e+02
5.104689940000000092e+02 1.392100069999999903e+02
4.263110050000000228e+02 1.789210050000000081e+02
4.405409849999999778e+02 1.474429930000000013e+02
4.822550049999999828e+02 8.278500400000000070e+01
5.785800169999999980e+02 2.190429990000000089e+02
4.500069889999999759e+02 2.040319979999999873e+02
4.698810119999999984e+02 1.583399960000000135e+02
5.063250120000000152e+02 2.162640079999999898e+02
5.419899900000000343e+02 1.210609970000000004e+02
6.336250000000000000e+02 2.337709959999999967e+02
4.690350040000000149e+02 1.558079989999999952e+02
5.433540040000000317e+02 1.271230010000000021e+02
5.384489750000000186e+02 1.236659999999999968e+02
5.208380130000000463e+02 2.542559970000000078e+02
5.349860230000000456e+02 2.518240049999999997e+02
4.302929990000000089e+02 1.522420040000000085e+02
6.120300290000000132e+02 1.472769930000000045e+02
4.304419859999999858e+02 1.578739930000000129e+02
5.004609990000000153e+02 1.586000060000000076e+02
6.512390139999999974e+02 1.717709959999999967e+02
6.131430050000000165e+02 2.374159999999999968e+02
6.083189700000000357e+02 1.876750030000000038e+02
6.227189939999999524e+02 1.038050000000000068e+02
4.316780089999999745e+02 7.841200299999999856e+01
5.630170289999999795e+02 6.269599900000000048e+01
6.422410280000000284e+02 1.766109920000000102e+02
5.341160280000000284e+02 1.545140079999999898e+02
6.099450070000000323e+02 1.586529999999999916e+02
4.494200129999999831e+02 1.333430020000000127e+02
5.600000000000000000e+02 4.034400200000000325e+01
3.880440060000000244e+02 6.729499800000000675e+01
3.777009889999999928e+02 4.173099899999999707e+01
4.574389949999999772e+02 1.410480039999999917e+02
6.544219970000000330e+02 2.313769990000000121e+02
5.474760129999999663e+02 1.620959929999999929e+02
4.702160030000000006e+02 8.218299899999999525e+01
4.870539860000000090e+02 2.439869999999999948e+02
4.606499939999999924e+02 8.826000200000000007e+01
5.163020020000000159e+02 9.234100300000000061e+01
5.347059940000000324e+02 1.117979969999999952e+02
6.529739990000000489e+02 1.986020049999999912e+02
6.467340090000000146e+02 2.343500060000000076e+02
6.590219730000000027e+02 1.474439999999999884e+02
6.021840210000000297e+02 6.496399700000000621e+01
5.330449830000000020e+02 3.497800099999999901e+01
4.633359990000000153e+02 1.717619929999999897e+02
5.330079960000000483e+02 9.139800300000000277e+01
5.884299929999999677e+02 1.179260029999999944e+02
6.595319819999999709e+02 5.280300100000000185e+01
5.289810179999999491e+02 7.667400399999999649e+01
4.740610050000000228e+02 8.321900200000000325e+01
6.434349979999999505e+02 2.548260040000000117e+02
4.767370000000000232e+02 8.414800300000000277e+01
4.711700129999999831e+02 8.228099799999999675e+01
6.041550290000000132e+02 1.972400049999999965e+02
4.748309939999999756e+02 2.067149960000000135e+02
6.028870239999999967e+02 2.383130040000000065e+02
6.487440189999999802e+02 2.396759950000000003e+02
5.157999879999999848e+02 1.423399960000000135e+02
6.138959959999999683e+02 1.171190030000000064e+02
4.514970089999999914e+02 9.414199800000000096e+01
3.863909909999999854e+02 2.668779910000000086e+02
6.027059940000000324e+02 2.432160030000000006e+02
3.799379880000000185e+02 9.718900299999999959e+01
6.284190059999999676e+02 1.738170010000000048e+02
4.625849910000000023e+02 4.692300000000000182e+01
4.660899959999999851e+02 1.544779969999999878e+02
5.523319699999999557e+02 1.707649989999999889e+02
4.603330080000000066e+02 8.726399999999999579e+01
5.024519960000000083e+02 1.350840000000000032e+02
6.137299799999999550e+02 1.807270049999999912e+02
4.975820009999999911e+02 1.571230009999999879e+02
4.231730039999999917e+02 1.236039959999999951e+02
3.913879999999999768e+02 2.113569950000000119e+02
4.469890139999999974e+02 6.066799900000000179e+01
4.970480039999999917e+02 8.824700199999999484e+01
3.705239869999999769e+02 2.595809939999999756e+02
5.363359990000000153e+02 1.253590010000000063e+02
5.089479979999999841e+02 2.157830050000000028e+02
3.542760010000000079e+02 2.660989989999999921e+02
5.136069949999999835e+02 1.200240019999999959e+02
6.050549929999999677e+02 6.533499899999999627e+01
4.846530149999999821e+02 7.814700299999999800e+01
3.677149959999999851e+02 2.611510010000000079e+02
6.538699950000000172e+02 1.941699979999999925e+02
4.310270080000000235e+02 1.980610049999999944e+02
5.172739870000000337e+02 9.057099900000000048e+01
4.535159909999999854e+02 1.502420040000000085e+02
5.751760249999999814e+02 1.533820039999999949e+02
4.772900089999999977e+02 8.231800099999999532e+01
4.277869870000000105e+02 1.012969970000000046e+02
6.174710079999999834e+02 1.279209979999999973e+02
4.925350040000000149e+02 5.623500099999999691e+01
4.933309939999999756e+02 1.570339969999999994e+02
4.755369870000000105e+02 1.513840030000000070e+02
6.513369750000000522e+02 8.252800000000000580e+01
5.208499759999999696e+02 7.785600300000000118e+01
6.598660280000000284e+02 1.456360019999999906e+02
4.678280030000000238e+02 1.467920070000000123e+02
5.273969730000000027e+02 7.547100100000000111e+01
4.490599980000000073e+02 9.628600299999999379e+01
4.567439880000000016e+02 1.705619959999999935e+02
3.529270020000000159e+02 2.623869930000000181e+02
6.264699709999999868e+02 1.286329959999999915e+02
5.063370059999999739e+02 5.581199999999999761e+01
5.088150019999999927e+02 5.448300199999999904e+01
3.855039980000000241e+02 2.631860050000000228e+02
5.373690189999999802e+02 1.354049990000000037e+02
6.276040040000000317e+02 1.291759950000000003e+02
6.332479859999999690e+02 2.636799930000000245e+02
4.934209900000000175e+02 1.573820039999999949e+02
3.773410030000000006e+02 2.592340090000000146e+02
4.769609990000000153e+02 1.726699979999999925e+02
6.077420039999999517e+02 1.802039949999999919e+02
6.204790040000000317e+02 1.232519989999999979e+02
6.023889769999999544e+02 7.478399699999999939e+01
6.479699709999999868e+02 2.353630070000000103e+02
6.029970090000000482e+02 2.240619959999999935e+02
3.620440060000000244e+02 2.668439940000000092e+02
6.149299929999999677e+02 1.396130070000000103e+02
6.071209720000000516e+02 2.458009950000000003e+02
4.417269900000000007e+02 2.184199979999999925e+02
5.712880249999999478e+02 1.865910030000000006e+02
4.635610050000000228e+02 8.395099600000000351e+01
5.690369869999999537e+02 1.896369929999999897e+02
4.526520080000000235e+02 1.559689940000000092e+02
6.490289920000000166e+02 1.989810029999999870e+02
4.445700069999999755e+02 1.015739970000000056e+02
5.096789860000000090e+02 5.501499900000000309e+01
6.321160280000000284e+02 9.524500299999999697e+01
6.589359739999999874e+02 1.454559940000000040e+02
3.888120119999999815e+02 2.378480069999999955e+02
5.333649900000000343e+02 2.527799990000000037e+02
6.385729979999999841e+02 2.614710079999999834e+02
3.587210079999999834e+02 2.599119870000000105e+02
4.231130069999999819e+02 1.336750030000000038e+02
5.907860110000000304e+02 2.599010010000000079e+02
6.291259770000000344e+02 1.737899930000000097e+02
4.977460019999999759e+02 8.690699800000000153e+01
3.918489989999999921e+02 6.987500000000000000e+01
5.542719730000000027e+02 2.350850069999999903e+02
6.471539920000000166e+02 2.450390010000000132e+02
4.314819949999999835e+02 2.098000030000000038e+02
4.226940000000000168e+02 2.173569950000000119e+02
4.983489989999999921e+02 1.322270049999999912e+02
4.233110050000000228e+02 2.012980039999999917e+02
3.634379880000000185e+02 2.607019960000000083e+02
6.170029909999999518e+02 2.398650049999999965e+02
5.607390139999999974e+02 1.376750030000000038e+02
5.511630249999999478e+02 9.969000200000000689e+01
5.205460209999999961e+02 1.421139980000000094e+02
5.110109860000000026e+02 2.183540040000000033e+02
4.976109920000000102e+02 2.119700009999999963e+02
4.932609860000000026e+02 5.864300200000000274e+01
4.387929990000000089e+02 7.657099900000000048e+01
5.480239870000000337e+02 1.954929960000000051e+02
4.583999939999999924e+02 2.149579929999999877e+02
4.624790039999999749e+02 7.937799800000000516e+01
4.640780030000000238e+02 1.615859989999999868e+02
4.288550109999999904e+02 1.089919969999999978e+02
5.283850099999999657e+02 1.490930020000000127e+02
5.725520020000000159e+02 1.557359920000000102e+02
4.622380069999999819e+02 7.064299800000000573e+01
4.710000000000000000e+02 4.233299999999999841e+01
5.657150269999999637e+02 1.395650019999999927e+02
6.136060179999999491e+02 2.221040040000000033e+02
5.597039790000000039e+02 1.337500000000000000e+02
6.178150020000000495e+02 2.257050020000000075e+02
6.511320190000000139e+02 1.742019960000000083e+02
5.497949830000000020e+02 1.661470030000000122e+02
4.410830080000000066e+02 1.651139980000000094e+02
6.519580079999999498e+02 1.929029999999999916e+02
6.509140009999999847e+02 2.148880000000000052e+02
5.521140139999999974e+02 1.747740019999999959e+02
4.773829959999999915e+02 2.064620060000000024e+02
5.267919920000000502e+02 1.835859989999999868e+02
5.663829960000000483e+02 1.045630040000000065e+02
3.791700129999999831e+02 2.646229860000000258e+02
5.552180180000000291e+02 1.556979980000000126e+02
5.655739750000000186e+02 2.198829959999999915e+02
4.290079959999999915e+02 1.476430049999999881e+02
6.054899900000000343e+02 2.046860049999999944e+02
5.546040040000000317e+02 1.564980009999999879e+02
4.556900019999999927e+02 1.399299929999999961e+02
4.462390139999999974e+02 6.536499799999999993e+01
6.579260249999999814e+02 1.109159999999999968e+02
5.201010129999999663e+02 5.917499899999999968e+01
5.050140079999999898e+02 1.342010040000000117e+02
4.678129880000000185e+02 6.447899599999999509e+01
5.491279909999999518e+02 1.941620029999999986e+02
5.461500240000000304e+02 2.026970059999999876e+02
4.961319889999999759e+02 1.090759960000000035e+02
5.700219730000000027e+02 2.099029999999999916e+02
5.042090150000000222e+02 5.449000199999999694e+01
4.313389890000000264e+02 1.494049990000000037e+02
4.445929869999999937e+02 1.021859970000000004e+02
6.438880000000000337e+02 9.006099700000000041e+01
5.737639769999999544e+02 1.611519930000000045e+02
4.672370000000000232e+02 1.630149989999999889e+02
4.505289920000000166e+02 7.952899899999999889e+01
3.737980039999999917e+02 5.431499900000000025e+01
4.905499879999999848e+02 1.752059940000000040e+02
6.309329830000000356e+02 2.610740049999999997e+02
3.922739869999999769e+02 2.139490049999999997e+02
5.345939939999999524e+02 2.521690059999999960e+02
3.823070069999999987e+02 1.707109989999999868e+02
4.561199950000000172e+02 5.219300100000000242e+01
6.379920039999999517e+02 1.129420010000000048e+02
5.407280269999999973e+02 1.542180020000000127e+02
4.890790099999999825e+02 9.698500099999999691e+01
5.203640139999999974e+02 2.177969970000000046e+02
5.513720090000000482e+02 1.068180009999999953e+02
5.320549929999999677e+02 1.227239990000000063e+02
5.430729979999999841e+02 2.076900019999999927e+02
4.970509950000000003e+02 1.081110000000000042e+02
4.792179869999999937e+02 1.533359989999999868e+02
3.853640139999999974e+02 2.676589969999999994e+02
4.647860109999999736e+02 1.451419980000000010e+02
4.762200010000000248e+02 1.554199979999999925e+02
4.352659909999999854e+02 1.583489989999999921e+02
6.399609990000000153e+02 2.565390009999999847e+02
6.122940059999999676e+02 1.731920010000000048e+02
5.219580079999999498e+02 8.982800299999999538e+01
4.547120059999999739e+02 1.410619959999999935e+02
3.813890079999999898e+02 2.643620000000000232e+02
6.595770260000000462e+02 1.018939969999999988e+02
5.719970090000000482e+02 1.852550050000000113e+02
6.566480099999999993e+02 1.236179960000000051e+02
6.585230099999999993e+02 1.253389970000000062e+02
4.392569889999999759e+02 7.456099700000000041e+01
6.253010249999999814e+02 2.320529940000000124e+02
6.428679809999999861e+02 2.213540040000000033e+02
6.233720090000000482e+02 1.125619959999999935e+02
5.133449709999999868e+02 1.535729980000000126e+02
3.579299930000000245e+02 2.620039980000000241e+02
4.286430050000000165e+02 1.465509950000000003e+02
4.274670100000000161e+02 1.056289979999999957e+02
6.365440059999999676e+02 2.507530059999999992e+02
5.185989990000000489e+02 2.438789979999999957e+02
6.569219970000000330e+02 1.302969970000000046e+02
4.526940000000000168e+02 5.814899799999999885e+01
3.844060059999999908e+02 2.254109950000000140e+02
4.419580080000000066e+02 1.968070069999999987e+02
5.692520140000000310e+02 1.504499969999999962e+02
5.693400269999999637e+02 1.664759980000000041e+02
5.357199709999999868e+02 1.343040009999999995e+02
6.575250240000000304e+02 1.207350009999999969e+02
6.491669920000000502e+02 7.449500299999999697e+01
6.380520020000000159e+02 2.492689970000000130e+02
3.693540039999999749e+02 7.185800199999999904e+01
4.264150089999999977e+02 1.386089939999999956e+02
3.682919919999999934e+02 2.665480039999999917e+02
6.247219850000000179e+02 1.073809969999999936e+02
5.707969970000000330e+02 1.595319979999999873e+02
5.063810119999999984e+02 5.586299900000000207e+01
5.640440059999999676e+02 1.595460050000000081e+02
6.097700200000000450e+02 2.271569979999999873e+02
6.120839839999999867e+02 1.653350069999999903e+02
3.863599849999999947e+02 2.402440029999999922e+02
4.685710139999999910e+02 1.546609950000000140e+02
4.862659909999999854e+02 2.259709929999999929e+02
4.654960019999999759e+02 1.715220030000000122e+02
5.285100099999999657e+02 1.455939940000000092e+02
6.576439820000000509e+02 4.418500099999999975e+01
6.539190059999999676e+02 1.797460020000000043e+02
4.997799989999999752e+02 1.618959959999999967e+02
6.346240229999999656e+02 9.268499799999999311e+01
5.297500000000000000e+02 9.108499899999999627e+01
4.970469969999999762e+02 9.581900000000000261e+01
4.886560059999999908e+02 4.990999999999999659e+01
6.234879760000000033e+02 2.171620029999999986e+02
4.615679930000000013e+02 7.237000299999999697e+01
4.583699950000000172e+02 8.600499700000000303e+01
6.336589969999999994e+02 7.955500000000000682e+01
4.822869870000000105e+02 7.229699700000000462e+01
5.670289920000000166e+02 1.555639950000000056e+02
5.287340090000000146e+02 1.232160030000000006e+02
4.871329959999999915e+02 2.054470059999999876e+02
6.361900020000000495e+02 2.369040070000000071e+02
