6.534689939999999524e+02 3.707279970000000162e+02
5.786300049999999828e+02 4.559469910000000255e+02
5.614650269999999637e+02 3.971929930000000013e+02
5.452529909999999518e+02 3.967219850000000179e+02
5.893989870000000337e+02 4.537529910000000086e+02
5.649769900000000007e+02 4.058089899999999943e+02
6.414580079999999498e+02 4.024270020000000159e+02
6.265969850000000179e+02 4.087430110000000241e+02
6.000560299999999643e+02 4.274620059999999739e+02
5.472999879999999848e+02 4.545060119999999984e+02
6.788699950000000172e+02 4.399849849999999947e+02
6.685209959999999683e+02 4.412149959999999851e+02
5.849899900000000343e+02 4.018609920000000102e+02
6.051580199999999650e+02 3.940750120000000152e+02
6.066640009999999847e+02 4.279739989999999921e+02
6.579539790000000039e+02 3.808460079999999834e+02
6.521840210000000297e+02 3.695889890000000264e+02
6.066729739999999538e+02 3.937900089999999977e+02
5.984660030000000006e+02 3.755369870000000105e+02
6.233140260000000126e+02 4.167850040000000149e+02
6.030789790000000039e+02 4.045939940000000092e+02
6.571170039999999517e+02 4.526650089999999977e+02
5.838670039999999517e+02 4.538529970000000162e+02
6.310109860000000026e+02 4.439620059999999739e+02
6.320939939999999524e+02 4.268290099999999825e+02
6.657769779999999855e+02 4.416860050000000228e+02
6.735949709999999868e+02 4.150849910000000023e+02
6.533449709999999868e+02 4.396679990000000089e+02
6.107830199999999650e+02 4.205069889999999759e+02
6.668250120000000152e+02 4.305190119999999752e+02
6.063889769999999544e+02 3.743359990000000153e+02
6.811630249999999478e+02 4.333580019999999990e+02
6.836710209999999961e+02 4.225050049999999828e+02
5.950159909999999854e+02 4.364119870000000105e+02
6.750219730000000027e+02 4.419039920000000166e+02
6.081719970000000330e+02 4.523370059999999739e+02
5.930780029999999670e+02 4.033169859999999858e+02
5.786950070000000323e+02 4.108919980000000010e+02
5.978820190000000139e+02 4.435039980000000241e+02
5.724260249999999814e+02 4.625109860000000026e+02
6.180750120000000152e+02 4.560740049999999997e+02
6.247020260000000462e+02 4.136120000000000232e+02
5.484799799999999550e+02 4.163139949999999772e+02
5.658599850000000515e+02 4.594540099999999825e+02
5.490659789999999703e+02 3.855969850000000179e+02
5.606649780000000192e+02 4.226870119999999815e+02
5.765380249999999478e+02 4.066319889999999759e+02
5.652899780000000192e+02 4.115589899999999943e+02
5.715239870000000337e+02 4.130350040000000149e+02
5.880250240000000304e+02 4.197720029999999838e+02
6.376810299999999643e+02 4.063559880000000248e+02
6.201450200000000450e+02 3.948659969999999930e+02
6.540869750000000522e+02 4.650329899999999839e+02
5.706480099999999993e+02 4.622319949999999835e+02
5.663389889999999696e+02 4.523299870000000169e+02
5.603800049999999828e+02 4.292239989999999921e+02
5.564199830000000020e+02 4.424649959999999851e+02
6.514669800000000350e+02 4.394419859999999858e+02
6.425460209999999961e+02 4.078349910000000023e+02
5.615130000000000337e+02 4.073439940000000092e+02
6.537910160000000133e+02 4.539150089999999977e+02
5.662520140000000310e+02 3.760060119999999984e+02
5.746909789999999703e+02 4.369819949999999835e+02
6.624130249999999478e+02 4.186690060000000244e+02
6.137940059999999676e+02 4.285650019999999927e+02
6.199760129999999663e+02 3.903919980000000010e+02
5.833339839999999867e+02 4.341960139999999910e+02
5.572930300000000443e+02 4.657520139999999742e+02
5.704899900000000343e+02 3.815400089999999977e+02
5.695910030000000006e+02 3.678800049999999828e+02
5.649849850000000515e+02 4.660100100000000225e+02
6.722780149999999821e+02 4.388640139999999974e+02
5.659970090000000482e+02 4.419909969999999930e+02
6.488549799999999550e+02 4.548139949999999772e+02
5.634500120000000152e+02 4.333030089999999745e+02
6.705079960000000483e+02 4.283099980000000073e+02
6.450269779999999855e+02 4.435650019999999927e+02
6.589240109999999504e+02 3.980669859999999858e+02
6.023729859999999690e+02 4.534719850000000179e+02
6.272139889999999696e+02 4.241860050000000228e+02
6.204730220000000145e+02 3.830620119999999815e+02
6.597559810000000198e+02 4.278290099999999825e+02
5.736630249999999478e+02 4.627049870000000169e+02
6.169010009999999511e+02 4.558469850000000179e+02
6.075709839999999531e+02 4.338429869999999937e+02
5.929160160000000133e+02 4.044809880000000248e+02
5.536480099999999993e+02 3.953959960000000251e+02
5.517169800000000350e+02 4.536530149999999821e+02
5.742399900000000343e+02 3.914379880000000185e+02
5.881950070000000323e+02 4.559389949999999772e+02
5.457969970000000330e+02 4.260660100000000057e+02
6.159420169999999644e+02 4.207479860000000258e+02
5.644229739999999538e+02 4.253750000000000000e+02
6.196820069999999987e+02 3.962619930000000181e+02
5.612769779999999855e+02 4.634509889999999928e+02
6.446040040000000317e+02 4.403710019999999759e+02
5.587509770000000344e+02 4.169159849999999778e+02
6.153750000000000000e+02 4.448479919999999765e+02
5.584390260000000126e+02 4.120910030000000006e+02
6.415000000000000000e+02 4.097860109999999736e+02
5.838140260000000126e+02 4.551159969999999930e+02
5.681019900000000007e+02 4.320060119999999984e+02
6.621480099999999993e+02 4.333590090000000146e+02
6.170280149999999821e+02 3.905700069999999755e+02
5.548079830000000356e+02 3.828770139999999742e+02
6.559719850000000179e+02 4.411390079999999898e+02
5.767340090000000146e+02 4.416250000000000000e+02
5.570540160000000469e+02 4.108169859999999858e+02
5.899130249999999478e+02 4.109689940000000092e+02
6.109509890000000496e+02 4.471279910000000086e+02
6.560219730000000027e+02 3.774920040000000085e+02
6.331309810000000198e+02 3.966180110000000241e+02
6.502230220000000145e+02 3.917070009999999911e+02
5.465809940000000324e+02 3.950499879999999848e+02
6.385020140000000310e+02 3.958500060000000076e+02
5.484390260000000126e+02 4.011180110000000241e+02
5.834470209999999497e+02 3.915669859999999858e+02
5.918590090000000146e+02 4.280010070000000155e+02
6.021630249999999478e+02 3.937810059999999908e+02
5.656149900000000343e+02 3.768030089999999745e+02
6.104000240000000304e+02 4.478080140000000142e+02
5.738020020000000159e+02 4.064230039999999917e+02
5.762579960000000483e+02 4.575650019999999927e+02
5.724699709999999868e+02 3.856329959999999915e+02
6.670729979999999841e+02 4.255899959999999851e+02
6.044390260000000126e+02 4.402219850000000179e+02
5.598569949999999835e+02 3.776210019999999759e+02
6.471640009999999847e+02 3.695100100000000225e+02
6.383289790000000039e+02 4.146010130000000231e+02
6.025120239999999967e+02 4.348439940000000092e+02
6.512089839999999867e+02 4.159270020000000159e+02
6.878599850000000515e+02 4.713659969999999930e+02
6.753679809999999861e+02 4.688750000000000000e+02
6.212080079999999498e+02 4.513840030000000070e+02
6.332999879999999848e+02 4.195580140000000142e+02
5.504069819999999709e+02 4.296279910000000086e+02
6.500540160000000469e+02 4.376359860000000026e+02
5.789479979999999841e+02 4.126379999999999768e+02
6.077910160000000133e+02 3.671400150000000053e+02
5.947700200000000450e+02 4.133500060000000076e+02
6.378519900000000007e+02 4.408800049999999828e+02
5.598809810000000198e+02 4.459299930000000245e+02
6.136580199999999650e+02 4.456010130000000231e+02
6.544799799999999550e+02 4.271319889999999759e+02
6.468750000000000000e+02 4.449930110000000241e+02
5.953839719999999716e+02 4.480409849999999778e+02
6.558740229999999656e+02 4.200820009999999911e+02
6.545200200000000450e+02 3.733479919999999765e+02
5.640100099999999657e+02 4.327300109999999904e+02
5.911300049999999828e+02 4.042739869999999769e+02
5.646010129999999663e+02 3.664429930000000013e+02
5.468590090000000146e+02 4.415199890000000096e+02
5.961300049999999828e+02 4.378919980000000010e+02
5.554769900000000007e+02 4.220299989999999752e+02
6.112839969999999994e+02 4.328940119999999752e+02
6.745750120000000152e+02 4.103299870000000169e+02
6.137369999999999663e+02 4.282049870000000169e+02
6.193959959999999683e+02 4.209240110000000072e+02
6.142429809999999861e+02 4.045129999999999768e+02
5.525460209999999961e+02 4.316629940000000261e+02
5.611959839999999531e+02 3.892049870000000169e+02
6.256939700000000357e+02 4.593779910000000086e+02
5.921610110000000304e+02 4.078540039999999749e+02
5.498519900000000007e+02 4.564089969999999994e+02
6.399210209999999961e+02 4.164849849999999947e+02
6.536259770000000344e+02 4.309700010000000248e+02
5.589580079999999498e+02 4.392690119999999752e+02
6.234739990000000489e+02 3.913529970000000162e+02
6.317760009999999511e+02 4.021690060000000244e+02
5.993740229999999656e+02 4.132929990000000089e+02
5.497100219999999808e+02 4.117929990000000089e+02
6.337680050000000165e+02 4.387179869999999937e+02
6.246599730000000363e+02 4.585440060000000244e+02
6.545269779999999855e+02 4.152139890000000264e+02
6.497990109999999504e+02 4.195729979999999841e+02
6.341140139999999974e+02 4.334500120000000152e+02
6.448170169999999644e+02 4.554010010000000079e+02
5.531380000000000337e+02 3.679620059999999739e+02
6.326370239999999967e+02 3.928349910000000023e+02
6.297440189999999802e+02 4.222390139999999974e+02
6.455750120000000152e+02 4.237919919999999934e+02
6.150490109999999504e+02 4.243640139999999974e+02
5.640880130000000463e+02 3.731610109999999736e+02
6.586010129999999663e+02 4.003399959999999851e+02
6.614299929999999677e+02 3.722760010000000079e+02
6.380759890000000496e+02 3.955190119999999752e+02
5.453640139999999974e+02 4.346489869999999769e+02
5.639660030000000006e+02 4.417890009999999847e+02
5.781909789999999703e+02 3.933819889999999759e+02
5.570139769999999544e+02 3.864880069999999819e+02
6.410590210000000297e+02 4.221019900000000007e+02
5.646370239999999967e+02 3.827239989999999921e+02
6.048070069999999987e+02 3.874240110000000072e+02
6.126719970000000330e+02 4.541499939999999924e+02
6.114920039999999517e+02 4.020350040000000149e+02
5.468959959999999683e+02 4.032629999999999768e+02
5.467420039999999517e+02 4.123049930000000245e+02
6.336580199999999650e+02 3.724490049999999997e+02
5.790180050000000165e+02 4.334630129999999895e+02
6.720750120000000152e+02 4.619280089999999745e+02
6.367869869999999537e+02 4.002609860000000026e+02
6.193070069999999987e+02 4.070140079999999898e+02
6.060390009999999847e+02 4.572380069999999819e+02
6.379219970000000330e+02 3.962600100000000225e+02
5.457429809999999861e+02 4.464330140000000142e+02
6.583220209999999497e+02 4.271059880000000248e+02
6.179680180000000291e+02 4.395499879999999848e+02
5.861820069999999987e+02 4.185650019999999927e+02
5.932860110000000304e+02 4.450379940000000261e+02
6.598079830000000356e+02 4.376860050000000228e+02
5.716140139999999974e+02 4.533309939999999756e+02
6.381229859999999690e+02 4.029479979999999841e+02
6.514000240000000304e+02 3.694230039999999917e+02
5.500729979999999841e+02 3.972720029999999838e+02
6.533619999999999663e+02 4.453770139999999742e+02
5.591820069999999987e+02 4.526820069999999987e+02
6.205590210000000297e+02 3.831549989999999752e+02
5.470089719999999716e+02 3.685239869999999769e+02
6.775889889999999696e+02 4.314809880000000248e+02
6.047579960000000483e+02 4.053129880000000185e+02
5.905850219999999808e+02 4.394790039999999749e+02
5.639010009999999511e+02 3.852629999999999768e+02
6.013270260000000462e+02 4.172430110000000241e+02
6.396209720000000516e+02 4.228840030000000070e+02
5.587830199999999650e+02 4.122579959999999915e+02
5.823079830000000356e+02 4.318269960000000083e+02
5.819130249999999478e+02 3.933959960000000251e+02
6.385590210000000297e+02 4.481350100000000225e+02
5.492890009999999847e+02 3.962869870000000105e+02
6.398880000000000337e+02 3.942449950000000172e+02
6.277260129999999663e+02 4.501499939999999924e+02
5.596459959999999683e+02 4.324530030000000238e+02
6.299260249999999814e+02 4.104970089999999914e+02
5.689019779999999855e+02 4.450929869999999937e+02
6.304169920000000502e+02 3.908699950000000172e+02
5.730109860000000026e+02 4.442969969999999762e+02
6.446290279999999484e+02 4.145950010000000248e+02
5.685609739999999874e+02 3.843080140000000142e+02
5.601030269999999973e+02 3.839849849999999947e+02
6.056599730000000363e+02 4.124920040000000085e+02
6.424210209999999961e+02 4.475249939999999924e+02
6.489110110000000304e+02 4.060320130000000063e+02
6.630499879999999848e+02 4.226369930000000181e+02
6.477559810000000198e+02 3.971130069999999819e+02
6.328930050000000165e+02 4.422600100000000225e+02
5.614509890000000496e+02 3.817370000000000232e+02
5.667169800000000350e+02 3.830339969999999994e+02
5.891480099999999993e+02 3.903930050000000165e+02
5.967849730000000363e+02 3.951910100000000057e+02
5.512150269999999637e+02 4.081919859999999858e+02
5.737890009999999847e+02 4.413729860000000258e+02
6.426430050000000165e+02 4.011510010000000079e+02
5.848469850000000179e+02 4.365650019999999927e+02
5.547160030000000006e+02 4.609079899999999839e+02
6.873449709999999868e+02 4.145440060000000244e+02
5.461119999999999663e+02 3.873900150000000053e+02
6.183239750000000186e+02 4.475790099999999825e+02
6.462730099999999993e+02 3.936679990000000089e+02
5.901979979999999841e+02 3.916619870000000105e+02
6.596539920000000166e+02 4.003349910000000023e+02
5.596400149999999485e+02 4.100299989999999752e+02
5.813300169999999980e+02 4.358720089999999914e+02
5.482869869999999537e+02 3.845469969999999762e+02
5.572280269999999973e+02 3.946270139999999742e+02
6.674299929999999677e+02 4.126759950000000003e+02
6.641799929999999677e+02 4.425129999999999768e+02
6.525120239999999967e+02 4.493439940000000092e+02
5.939630130000000463e+02 4.142609860000000026e+02
6.657730099999999993e+02 4.513330080000000066e+02
6.943120119999999815e+02 3.892149959999999851e+02
5.503770140000000310e+02 4.087940060000000244e+02
5.678449709999999868e+02 4.145469969999999762e+02
5.664719850000000179e+02 3.955899959999999851e+02
5.917080079999999498e+02 4.350750120000000152e+02
6.451760249999999814e+02 4.282550049999999828e+02
6.351510009999999511e+02 4.420690000000000168e+02
6.499290160000000469e+02 4.314089969999999994e+02
6.064420169999999644e+02 4.518779910000000086e+02
6.483400269999999637e+02 4.153760070000000155e+02
6.213439939999999524e+02 4.288569949999999835e+02
6.214580079999999498e+02 3.921740110000000072e+02
5.878280029999999670e+02 4.484899899999999775e+02
6.160969850000000179e+02 4.416480099999999993e+02
5.770819699999999557e+02 4.617309880000000248e+02
5.604769900000000007e+02 4.547409969999999930e+02
6.277219850000000179e+02 4.164760130000000231e+02
5.844349979999999505e+02 4.554790039999999749e+02
5.563159789999999703e+02 3.953020020000000159e+02
6.349899900000000343e+02 4.490280149999999821e+02
5.935590210000000297e+02 3.935409849999999778e+02
6.445939939999999524e+02 4.366099849999999947e+02
6.123759770000000344e+02 4.110289920000000166e+02
5.577800290000000132e+02 4.252070009999999911e+02
6.438540040000000317e+02 4.090220029999999838e+02
6.014479979999999841e+02 4.428439940000000092e+02
5.889479979999999841e+02 4.362940060000000244e+02
6.815319819999999709e+02 4.302850040000000149e+02
5.692210079999999834e+02 4.623489989999999921e+02
6.292230220000000145e+02 4.173699950000000172e+02
6.018880000000000337e+02 4.373020020000000159e+02
6.400830079999999498e+02 4.227359920000000102e+02
5.807399900000000343e+02 3.938370059999999739e+02
6.326170039999999517e+02 3.894500120000000152e+02
6.645059810000000198e+02 4.020440060000000244e+02
5.726229859999999690e+02 4.506069949999999835e+02
6.071649780000000192e+02 4.378330080000000066e+02
6.889039920000000166e+02 4.002650150000000053e+02
6.287189939999999524e+02 3.940899959999999851e+02
5.825430300000000443e+02 3.780209960000000251e+02
5.807930300000000443e+02 4.009150089999999977e+02
6.020520020000000159e+02 3.850700069999999755e+02
5.487399900000000343e+02 4.571950069999999755e+02
6.718270260000000462e+02 4.405369870000000105e+02
5.879349979999999505e+02 4.114750060000000076e+02
6.187429809999999861e+02 4.158150019999999927e+02
6.197230220000000145e+02 4.203250120000000152e+02
5.611890260000000126e+02 3.800960079999999834e+02
6.566389769999999544e+02 4.359679869999999937e+02
6.093209839999999531e+02 4.112969969999999762e+02
6.018159789999999703e+02 4.463049930000000245e+02
6.556350099999999657e+02 4.270060119999999984e+02
5.521920169999999644e+02 4.231510010000000079e+02
6.569699709999999868e+02 4.443089899999999943e+02
6.602269900000000007e+02 4.345899959999999851e+02
6.709099730000000363e+02 4.334330140000000142e+02
6.426950070000000323e+02 3.853219910000000255e+02
6.807009890000000496e+02 4.169370119999999815e+02
5.737500000000000000e+02 4.589240110000000072e+02
6.664249879999999848e+02 4.030100100000000225e+02
5.948679809999999861e+02 3.985119930000000181e+02
6.021680300000000443e+02 4.227250060000000076e+02
5.711779790000000503e+02 4.340440060000000244e+02
6.460949709999999868e+02 4.402739869999999769e+02
6.338350219999999808e+02 4.451159969999999930e+02
5.644749759999999696e+02 4.612479860000000258e+02
5.529390260000000126e+02 3.982120059999999739e+02
6.411179809999999861e+02 4.532370000000000232e+02
6.691510009999999511e+02 4.106730039999999917e+02
5.613040160000000469e+02 4.599309999999999832e+02
5.573699950000000172e+02 3.827829899999999839e+02
5.982500000000000000e+02 4.380700069999999755e+02
6.120469970000000330e+02 4.429400019999999927e+02
5.763809810000000198e+02 4.090950010000000248e+02
5.518939820000000509e+02 4.417000120000000152e+02
5.952100219999999808e+02 4.236650089999999977e+02
6.314240109999999504e+02 3.676159969999999930e+02
5.622180180000000291e+02 3.801510010000000079e+02
6.287630000000000337e+02 4.241059880000000248e+02
5.783499759999999696e+02 4.556900019999999927e+02
6.414660030000000006e+02 3.844679869999999937e+02
5.572369999999999663e+02 3.732699890000000096e+02
5.800750120000000152e+02 4.555809939999999756e+02
6.149320069999999987e+02 4.245759889999999928e+02
5.461060179999999491e+02 4.486919859999999858e+02
6.202100219999999808e+02 4.038670040000000085e+02
6.277739870000000337e+02 4.420020139999999742e+02
6.351040040000000317e+02 4.328280030000000238e+02
6.339249879999999848e+02 4.419309999999999832e+02
6.366929930000000013e+02 4.239639890000000264e+02
5.596430050000000165e+02 4.262130129999999895e+02
5.542490229999999656e+02 3.730989989999999921e+02
6.318430180000000291e+02 3.944270020000000159e+02
6.011270140000000310e+02 4.309010010000000079e+02
6.835399780000000192e+02 4.232609860000000026e+02
6.526560060000000476e+02 3.970469969999999762e+02
6.450070190000000139e+02 3.970960079999999834e+02
5.958430180000000291e+02 4.511109920000000102e+02
6.624609990000000153e+02 4.259590150000000222e+02
5.663330079999999498e+02 4.463689880000000016e+02
5.801770020000000159e+02 4.372579959999999915e+02
5.556560060000000476e+02 4.213879999999999768e+02
5.646140139999999974e+02 4.403120119999999815e+02
5.764749759999999696e+02 4.080790099999999825e+02
6.493590090000000146e+02 4.457839969999999994e+02
6.711760249999999814e+02 4.294729919999999765e+02
5.825310060000000476e+02 4.541109920000000102e+02
5.487429809999999861e+02 4.514719850000000179e+02
6.516049799999999550e+02 4.330260010000000079e+02
5.638120119999999815e+02 3.736589969999999994e+02
6.082470090000000482e+02 4.389540099999999825e+02
5.548109739999999874e+02 4.639289860000000090e+02
6.239290160000000469e+02 3.920629880000000185e+02
5.786699830000000020e+02 4.606099849999999947e+02
6.551220090000000482e+02 4.420060119999999984e+02
5.682589719999999716e+02 4.266770020000000159e+02
5.562020260000000462e+02 4.211530149999999821e+02
5.613430180000000291e+02 3.802770080000000235e+02
5.815910030000000006e+02 4.018869930000000181e+02
6.251010129999999663e+02 4.146900019999999927e+02
6.013369750000000522e+02 4.152130129999999895e+02
6.563040160000000469e+02 3.889010010000000079e+02
5.485469970000000330e+02 4.319049989999999752e+02
6.293179930000000013e+02 4.526610109999999736e+02
5.622459720000000516e+02 4.672720029999999838e+02
6.614790040000000317e+02 4.016650089999999977e+02
5.694860230000000456e+02 3.982539980000000241e+02
6.164450070000000323e+02 3.887000120000000152e+02
6.425579830000000356e+02 3.952160030000000006e+02
6.806300049999999828e+02 4.298590090000000146e+02
6.561040040000000317e+02 3.803380129999999895e+02
6.052299799999999550e+02 3.748999939999999924e+02
5.535859990000000153e+02 4.534620059999999739e+02
5.734609990000000153e+02 3.763640139999999974e+02
5.642689820000000509e+02 4.463460079999999834e+02
5.893220209999999497e+02 4.124830019999999990e+02
5.961770020000000159e+02 4.021830140000000142e+02
5.627039790000000039e+02 4.063240049999999997e+02
5.940910030000000006e+02 4.598559880000000248e+02
5.644569699999999557e+02 4.101919859999999858e+02
6.429370119999999815e+02 4.361239929999999845e+02
6.229819949999999835e+02 4.163989869999999769e+02
6.134039920000000166e+02 3.943909909999999854e+02
6.540859990000000153e+02 4.145820009999999911e+02
6.377390139999999974e+02 4.474219969999999762e+02
5.750700070000000323e+02 4.514570009999999911e+02
5.468880000000000337e+02 3.770320130000000063e+02
5.596950070000000323e+02 4.417090150000000222e+02
5.582189939999999524e+02 4.543099980000000073e+02
5.688159789999999703e+02 4.434920040000000085e+02
6.730889889999999696e+02 3.665369870000000105e+02
6.046370239999999967e+02 4.377000120000000152e+02
6.261829830000000356e+02 3.854630129999999895e+02
6.679219970000000330e+02 4.252799989999999752e+02
6.203549799999999550e+02 3.969440000000000168e+02
6.581069949999999835e+02 3.989419859999999858e+02
6.566589969999999994e+02 4.005230099999999993e+02
6.024719850000000179e+02 4.458460079999999834e+02
6.589489750000000186e+02 4.308989869999999769e+02
5.733179930000000013e+02 4.049710079999999834e+02
6.055960079999999834e+02 4.343190000000000168e+02
5.451300049999999828e+02 4.276289980000000241e+02
5.984279790000000503e+02 4.336589969999999994e+02
6.474400020000000495e+02 4.409689940000000092e+02
5.728829960000000483e+02 3.804899899999999775e+02
6.540700070000000323e+02 4.331059880000000248e+02
5.804890139999999974e+02 4.003869930000000181e+02
6.317369999999999663e+02 4.333330080000000066e+02
5.603900149999999485e+02 4.135769960000000083e+02
5.869749759999999696e+02 3.959880069999999819e+02
5.515590210000000297e+02 3.920840150000000222e+02
5.587069699999999557e+02 3.693919980000000010e+02
6.389080199999999650e+02 4.127999879999999848e+02
5.764550169999999980e+02 3.823110050000000228e+02
6.624260249999999814e+02 4.353879999999999768e+02
6.582449950000000172e+02 4.519540099999999825e+02
6.190260009999999511e+02 4.226440119999999752e+02
6.504299929999999677e+02 3.715719910000000255e+02
5.946560060000000476e+02 4.542839969999999994e+02
6.670339969999999994e+02 4.216619870000000105e+02
5.489899900000000343e+02 4.450559999999999832e+02
6.220700070000000323e+02 4.356919859999999858e+02
5.823920289999999795e+02 4.476659849999999778e+02
6.292020260000000462e+02 4.485400089999999977e+02
6.807780149999999821e+02 4.256740110000000072e+02
5.471950070000000323e+02 4.244320069999999987e+02
6.343189700000000357e+02 4.054270020000000159e+02
5.825889889999999696e+02 3.941260070000000155e+02
5.451079710000000205e+02 4.045929869999999937e+02
5.756939700000000357e+02 4.022860109999999736e+02
6.332299799999999550e+02 4.238320009999999911e+02
6.377249759999999696e+02 4.095629880000000185e+02
6.040449830000000020e+02 4.209020080000000235e+02
6.133499759999999696e+02 4.395580140000000142e+02
6.574349979999999505e+02 3.867359920000000102e+02
6.662540279999999484e+02 3.667380069999999819e+02
5.613419800000000350e+02 4.351679990000000089e+02
6.664379880000000185e+02 4.158009950000000003e+02
6.414929809999999861e+02 4.391130069999999819e+02
6.526030269999999973e+02 4.491029970000000162e+02
6.525850219999999808e+02 4.011120000000000232e+02
6.245269779999999855e+02 3.935260010000000079e+02
6.286849979999999505e+02 3.720000000000000000e+02
6.179619750000000522e+02 4.575509950000000003e+02
6.327760009999999511e+02 4.380669859999999858e+02
6.615800169999999980e+02 4.655830080000000066e+02
6.709400020000000495e+02 4.420769960000000083e+02
6.533010249999999814e+02 4.011419980000000010e+02
5.479080199999999650e+02 3.736109920000000102e+02
5.600839839999999867e+02 4.442319949999999835e+02
6.495170289999999795e+02 3.729800109999999904e+02
5.733389889999999696e+02 3.795140079999999898e+02
6.806699830000000020e+02 3.870360109999999736e+02
6.565419920000000502e+02 4.008179930000000013e+02
5.794669800000000350e+02 4.007959900000000175e+02
6.649390260000000126e+02 4.273020020000000159e+02
5.552550049999999828e+02 4.450100100000000225e+02
6.738339839999999867e+02 4.352539980000000241e+02
5.647589719999999716e+02 4.061619870000000105e+02
5.775659789999999703e+02 4.183399959999999851e+02
6.090130000000000337e+02 4.466530149999999821e+02
5.477739870000000337e+02 3.816289980000000241e+02
5.862659909999999854e+02 4.559249879999999848e+02
5.491439820000000509e+02 4.069540099999999825e+02
6.495629880000000185e+02 4.453689880000000016e+02
5.455889889999999696e+02 4.527210079999999834e+02
5.834829710000000205e+02 4.098460079999999834e+02
5.460040279999999484e+02 4.059549870000000169e+02
6.289080199999999650e+02 4.263370059999999739e+02
6.408330079999999498e+02 4.137990110000000072e+02
5.566900020000000495e+02 4.132510070000000155e+02
6.426160280000000284e+02 3.910029910000000086e+02
6.262890009999999847e+02 4.254849849999999947e+02
6.379160160000000133e+02 4.570039980000000241e+02
5.603939820000000509e+02 4.618689880000000016e+02
6.228629760000000033e+02 4.394140009999999847e+02
6.689069819999999709e+02 4.122090150000000222e+02
6.505120239999999967e+02 4.344909969999999930e+02
6.408720090000000482e+02 3.969540099999999825e+02
5.494379880000000185e+02 3.688150019999999927e+02
6.522650149999999485e+02 4.471029970000000162e+02
6.304509890000000496e+02 4.061669919999999934e+02
6.168980099999999993e+02 3.867179869999999937e+02
6.042940059999999676e+02 3.976700129999999831e+02
6.765819699999999557e+02 4.379930110000000241e+02
6.347650149999999485e+02 4.008729860000000258e+02
5.689840090000000146e+02 3.936400150000000053e+02
5.493300169999999980e+02 4.375700069999999755e+02
6.057570190000000139e+02 4.163299870000000169e+02
6.109069819999999709e+02 4.054039920000000166e+02
6.104849850000000515e+02 4.237590030000000070e+02
6.398099979999999505e+02 4.400119930000000181e+02
5.944819949999999835e+02 4.432219850000000179e+02
5.520120239999999967e+02 4.409890139999999974e+02
6.169110110000000304e+02 3.894920040000000085e+02
5.831179809999999861e+02 3.969209900000000175e+02
6.583729859999999690e+02 4.330799870000000169e+02
5.953939820000000509e+02 4.226419980000000010e+02
5.534639889999999696e+02 4.503569949999999835e+02
6.647119750000000522e+02 4.369129940000000261e+02
5.814160160000000133e+02 4.076679990000000089e+02
5.563259890000000496e+02 4.366379999999999768e+02
6.219829710000000205e+02 4.318269960000000083e+02
6.489060060000000476e+02 3.671480099999999993e+02
5.702930300000000443e+02 4.355729979999999841e+02
5.702760009999999511e+02 3.748900150000000053e+02
6.629210209999999961e+02 4.435650019999999927e+02
6.219030149999999821e+02 4.559920040000000085e+02
5.859730220000000145e+02 4.297059939999999756e+02
5.590310060000000476e+02 4.135710139999999910e+02
5.849279790000000503e+02 4.327619930000000181e+02
6.052979739999999538e+02 4.086759950000000003e+02
6.914630130000000463e+02 4.681759950000000003e+02
5.919099730000000363e+02 4.159909969999999930e+02
6.064559940000000324e+02 4.216159969999999930e+02
6.578079830000000356e+02 4.062860109999999736e+02
6.493679809999999861e+02 4.294500120000000152e+02
6.652399900000000343e+02 4.095950010000000248e+02
5.913209839999999531e+02 3.962890009999999847e+02
6.131060179999999491e+02 3.858150019999999927e+02
6.481489870000000337e+02 3.901390079999999898e+02
5.743530269999999973e+02 3.947929990000000089e+02
6.090399780000000192e+02 4.108670040000000085e+02
5.860709839999999531e+02 4.479299930000000245e+02
5.509160160000000133e+02 3.841059880000000248e+02
5.930570069999999987e+02 4.493620000000000232e+02
6.420050049999999828e+02 4.229460139999999910e+02
6.059520260000000462e+02 3.734700010000000248e+02
6.135300290000000132e+02 4.563789980000000241e+02
6.176400149999999485e+02 4.418479919999999765e+02
5.614140009999999847e+02 4.284660030000000006e+02
5.493549799999999550e+02 4.104750060000000076e+02
5.660739750000000186e+02 4.391969910000000255e+02
5.706879880000000185e+02 4.501319889999999759e+02
5.685590210000000297e+02 3.729410100000000057e+02
5.596569819999999709e+02 4.286690060000000244e+02
6.189190059999999676e+02 4.075809939999999756e+02
6.177260129999999663e+02 4.127149959999999851e+02
5.686539920000000166e+02 4.369280089999999745e+02
5.755529790000000503e+02 3.911459960000000251e+02
6.047119750000000522e+02 3.879419859999999858e+02
5.865789790000000039e+02 3.980100100000000225e+02
5.626690059999999676e+02 4.300239869999999769e+02
6.347160030000000006e+02 4.012439880000000016e+02
6.640789790000000039e+02 4.037019960000000083e+02
6.772630000000000337e+02 4.322349849999999947e+02
6.073369750000000522e+02 4.143190000000000168e+02
6.293020020000000159e+02 4.357869870000000105e+02
5.992299799999999550e+02 4.303789980000000241e+02
6.727540279999999484e+02 4.435849910000000023e+02
5.845339969999999994e+02 4.208179930000000013e+02
5.593829960000000483e+02 4.573340150000000222e+02
5.987700200000000450e+02 3.934440000000000168e+02
6.476129760000000033e+02 4.384700010000000248e+02
6.000800169999999980e+02 4.490629880000000185e+02
6.272420039999999517e+02 4.176759950000000003e+02
6.568889769999999544e+02 4.096149899999999775e+02
6.320440059999999676e+02 4.533739929999999845e+02
6.000109860000000026e+02 4.013670040000000085e+02
6.600000000000000000e+02 4.476130069999999819e+02
6.090889889999999696e+02 4.381510010000000079e+02
5.826209720000000516e+02 4.564490049999999997e+02
6.441090090000000146e+02 4.337430110000000241e+02
5.597119750000000522e+02 4.336940000000000168e+02
6.581500240000000304e+02 4.291310119999999984e+02
6.427160030000000006e+02 4.318269960000000083e+02
6.578170169999999644e+02 4.080700069999999755e+02
5.578939820000000509e+02 4.451969910000000255e+02
6.188140260000000126e+02 4.369230039999999917e+02
6.319329830000000356e+02 4.381839899999999943e+02
5.889790040000000317e+02 4.031929930000000013e+02
6.129879760000000033e+02 4.577560119999999984e+02
6.479769900000000007e+02 4.527619930000000181e+02
5.675570069999999987e+02 3.874750060000000076e+02
5.982979739999999538e+02 4.302090150000000222e+02
5.705050049999999828e+02 3.702749939999999924e+02
6.404769900000000007e+02 3.702999879999999848e+02
6.503599850000000515e+02 4.182479860000000258e+02
5.527609860000000026e+02 3.691799930000000245e+02
6.401160280000000284e+02 4.025280149999999821e+02
6.288200070000000323e+02 3.972260130000000231e+02
6.022849730000000363e+02 3.734500120000000152e+02
5.757109990000000153e+02 3.803909909999999854e+02
6.618759770000000344e+02 4.198739929999999845e+02
6.815789790000000039e+02 4.106979979999999841e+02
6.344110110000000304e+02 4.072600100000000225e+02
6.571240229999999656e+02 4.504809880000000248e+02
6.473460079999999834e+02 4.417470089999999914e+02
5.960789790000000039e+02 4.183640139999999974e+02
6.576630249999999478e+02 3.770620119999999815e+02
6.547399900000000343e+02 3.981780089999999745e+02
6.195170289999999795e+02 4.407149959999999851e+02
5.474769900000000007e+02 3.754460139999999910e+02
5.850100099999999657e+02 3.912479860000000258e+02
6.722680050000000165e+02 4.128039860000000090e+02
6.020729979999999841e+02 4.455969850000000179e+02
5.615440059999999676e+02 4.189630129999999895e+02
6.520280149999999821e+02 4.326539920000000166e+02
6.324190059999999676e+02 4.095020139999999742e+02
6.097379760000000033e+02 4.089060059999999908e+02
5.843839719999999716e+02 4.366749879999999848e+02
5.961539920000000166e+02 3.989570009999999911e+02
5.580930180000000291e+02 3.751010130000000231e+02
5.467940059999999676e+02 4.359249879999999848e+02
6.007760009999999511e+02 4.469689940000000092e+02
5.887299799999999550e+02 4.561759950000000003e+02
6.618449709999999868e+02 4.454460139999999910e+02
6.090449830000000020e+02 4.375029910000000086e+02
6.377810060000000476e+02 4.072099910000000023e+02
5.849769900000000007e+02 3.807049870000000169e+02
5.719710079999999834e+02 4.517510070000000155e+02
5.472609860000000026e+02 4.237229919999999765e+02
6.490599979999999505e+02 4.420050049999999828e+02
5.600529790000000503e+02 4.472720029999999838e+02
6.048599850000000515e+02 4.060950010000000248e+02
6.646480099999999993e+02 4.180400089999999977e+02
5.601320190000000139e+02 4.447000120000000152e+02
6.327000120000000152e+02 3.687139890000000264e+02
6.390079960000000483e+02 4.050920100000000161e+02
6.309030149999999821e+02 4.359460139999999910e+02
6.430280149999999821e+02 4.475929869999999937e+02
6.143549799999999550e+02 4.479630129999999895e+02
6.664500120000000152e+02 4.302330019999999990e+02
6.017990109999999504e+02 3.751619870000000105e+02
5.947800290000000132e+02 3.900050049999999828e+02
5.550709839999999531e+02 4.270390009999999847e+02
5.822880249999999478e+02 4.127850040000000149e+02
5.989119869999999537e+02 3.926050109999999904e+02
5.728909909999999854e+02 3.846250000000000000e+02
5.552369999999999663e+02 4.408930050000000165e+02
5.620800169999999980e+02 4.563959960000000251e+02
6.267780149999999821e+02 4.341369930000000181e+02
6.030319819999999709e+02 4.444630129999999895e+02
5.570729979999999841e+02 4.094700010000000248e+02
5.586630249999999478e+02 4.452600100000000225e+02
5.846469730000000027e+02 3.987520139999999742e+02
5.501119999999999663e+02 4.462850040000000149e+02
6.220289920000000166e+02 4.200979919999999765e+02
5.939450070000000323e+02 4.037950129999999831e+02
5.941870119999999815e+02 4.106050109999999904e+02
6.655689700000000357e+02 3.689679869999999937e+02
6.578759770000000344e+02 3.873540039999999749e+02
6.757689820000000509e+02 4.241979979999999841e+02
5.672780149999999821e+02 4.001570130000000063e+02
5.624910280000000284e+02 3.826440119999999752e+02
6.217030029999999670e+02 4.292470089999999914e+02
6.669940189999999802e+02 4.415859990000000153e+02
6.237449950000000172e+02 4.076510010000000079e+02
5.483480220000000145e+02 4.153169859999999858e+02
6.028090210000000297e+02 4.494299930000000245e+02
6.091959839999999531e+02 4.193620000000000232e+02
5.562830199999999650e+02 3.930419919999999934e+02
6.111069949999999835e+02 4.137120059999999739e+02
5.597150269999999637e+02 4.112999879999999848e+02
6.361480099999999993e+02 4.228640139999999974e+02
6.355520020000000159e+02 4.580379940000000261e+02
6.180490109999999504e+02 4.104630129999999895e+02
6.094479979999999841e+02 3.922170100000000161e+02
5.524149780000000192e+02 4.405759889999999928e+02
6.209760129999999663e+02 4.089739989999999921e+02
5.839199830000000020e+02 4.197860109999999736e+02
6.546649780000000192e+02 4.186480099999999993e+02
5.543889769999999544e+02 4.422900089999999977e+02
6.363040160000000469e+02 4.441099849999999947e+02
6.449940189999999802e+02 4.115100100000000225e+02
5.767609860000000026e+02 3.888309939999999756e+02
6.078850099999999657e+02 4.381960139999999910e+02
5.769190059999999676e+02 4.203649899999999775e+02
6.567960209999999961e+02 4.161109920000000102e+02
5.566359860000000026e+02 4.647579959999999915e+02
5.849730220000000145e+02 4.426279910000000086e+02
5.615319819999999709e+02 4.411919859999999858e+02
6.326879880000000185e+02 4.530490110000000072e+02
5.705180050000000165e+02 4.411990049999999997e+02
5.564639889999999696e+02 3.757160030000000006e+02
6.189899900000000343e+02 4.336619870000000105e+02
6.275159909999999854e+02 3.922049870000000169e+02
5.683900149999999485e+02 4.577550049999999828e+02
5.840449830000000020e+02 4.602950129999999831e+02
6.048740229999999656e+02 4.278479919999999765e+02
6.651909789999999703e+02 4.243150019999999927e+02
6.376770020000000159e+02 4.300710139999999910e+02
6.358099979999999505e+02 4.377650150000000053e+02
5.694959720000000516e+02 4.035539860000000090e+02
5.795239870000000337e+02 4.406340030000000070e+02
5.649479979999999841e+02 3.882510070000000155e+02
5.621640009999999847e+02 4.221210019999999759e+02
6.236339719999999716e+02 3.864660030000000006e+02
5.686779790000000503e+02 4.598869930000000181e+02
6.076939700000000357e+02 4.020759889999999928e+02
6.239229739999999538e+02 4.569599910000000023e+02
5.845499879999999848e+02 3.983139949999999772e+02
6.558159789999999703e+02 4.128320009999999911e+02
6.126309810000000198e+02 4.080039980000000241e+02
5.911950070000000323e+02 4.454140009999999847e+02
5.823859860000000026e+02 3.846099849999999947e+02
5.517910160000000133e+02 4.485859990000000153e+02
6.147650149999999485e+02 3.932690119999999752e+02
6.100640260000000126e+02 4.352460019999999759e+02
6.026820069999999987e+02 4.496749879999999848e+02
6.093099979999999505e+02 4.010000000000000000e+02
5.529219970000000330e+02 3.951799930000000245e+02
6.367000120000000152e+02 4.057420040000000085e+02
6.125349730000000363e+02 4.556229860000000258e+02
6.186820069999999987e+02 4.130899959999999851e+02
6.058930050000000165e+02 4.567699890000000096e+02
5.911719970000000330e+02 4.072070009999999911e+02
5.543380130000000463e+02 3.888429869999999937e+02
6.207470090000000482e+02 3.955000000000000000e+02
5.760339969999999994e+02 4.305310059999999908e+02
5.577509770000000344e+02 4.541830140000000142e+02
5.803870239999999967e+02 4.193169859999999858e+02
5.459879760000000033e+02 4.379639890000000264e+02
