1.160989990000000063e+02 2.963829959999999915e+02
8.683999599999999930e+01 3.078980099999999993e+02
1.371119999999999948e+02 2.896889949999999772e+02
4.727600100000000083e+01 3.380639949999999772e+02
1.645859989999999868e+02 2.868229979999999841e+02
1.700980069999999955e+02 2.786319889999999759e+02
1.638079989999999952e+02 3.594450069999999755e+02
1.545879970000000014e+02 3.421239929999999845e+02
2.112800000000000011e+01 3.115979919999999765e+02
1.356999969999999962e+02 2.722950129999999831e+02
1.609709929999999929e+02 3.354710079999999834e+02
4.344200099999999765e+01 3.457009889999999928e+02
1.546380000000000052e+02 3.577529910000000086e+02
1.256210020000000043e+02 3.236640009999999847e+02
2.985600099999999912e+01 3.501910100000000057e+02
7.931099700000000041e+01 2.848829959999999915e+02
1.638630070000000103e+02 2.726879880000000185e+02
1.522920070000000123e+02 3.476489869999999769e+02
1.267630000000000052e+02 2.727370000000000232e+02
1.651210020000000043e+02 3.455129999999999768e+02
1.280359950000000140e+02 3.609519960000000083e+02
1.371369929999999897e+02 2.818479919999999765e+02
6.746600300000000061e+01 2.768439940000000092e+02
3.015200000000000102e+01 3.022629999999999768e+02
3.611099999999999710e+01 2.993469850000000179e+02
1.536360019999999906e+02 3.098670040000000085e+02
6.595799999999999841e+01 2.866369930000000181e+02
1.000690000000000026e+02 2.807950129999999831e+02
1.284320069999999987e+02 2.902690119999999752e+02
7.798000000000000043e+00 3.353179930000000013e+02
5.262200200000000194e+01 2.890369870000000105e+02
1.447270049999999912e+02 3.634100040000000149e+02
6.935399599999999509e+01 2.760350040000000149e+02
1.045670010000000048e+02 2.880740049999999997e+02
1.560639950000000056e+02 3.345759889999999928e+02
2.745299899999999838e+01 3.031589969999999994e+02
1.602270049999999912e+02 3.270490110000000072e+02
6.305899800000000255e+01 2.889949950000000172e+02
2.980400099999999952e+01 3.071350100000000225e+02
1.567709959999999967e+02 2.964100040000000149e+02
1.279680019999999985e+02 2.868340150000000222e+02
1.686759950000000003e+02 2.808269960000000083e+02
6.974600200000000427e+01 3.027959900000000175e+02
4.681300000000000239e+01 3.523850100000000225e+02
1.183259960000000035e+02 2.926730039999999917e+02
6.102700000000000102e+01 3.221629940000000261e+02
4.858599900000000105e+01 3.040100100000000225e+02
9.406900000000000261e+01 2.858810119999999984e+02
1.090179980000000057e+02 2.825000000000000000e+02
1.427510069999999871e+02 2.905060119999999984e+02
1.565229950000000088e+02 3.554809880000000248e+02
1.118489990000000063e+02 2.773550109999999904e+02
1.680919949999999972e+02 3.318299870000000169e+02
3.221600000000000108e+01 3.036950069999999755e+02
3.512699899999999786e+01 3.200639949999999772e+02
1.436219940000000008e+02 3.572489929999999845e+02
1.295500030000000038e+02 3.455520020000000159e+02
1.543679960000000051e+02 2.821010130000000231e+02
1.313309940000000040e+02 3.620409849999999778e+02
1.638350069999999903e+02 3.197529910000000086e+02
1.110650020000000069e+02 2.839249879999999848e+02
3.233299999999999841e+01 2.747309880000000248e+02
1.320619959999999935e+02 3.388320009999999911e+02
1.538659969999999930e+02 3.600559999999999832e+02
2.308699999999999974e+01 3.317470089999999914e+02
4.385499999999999687e+01 3.021499939999999924e+02
1.603359989999999868e+02 2.752170100000000161e+02
1.930199999999999960e+01 3.369200129999999831e+02
1.550610049999999944e+02 3.192179869999999937e+02
1.583269960000000083e+02 3.251419980000000010e+02
1.964100099999999927e+01 3.342799989999999752e+02
6.490300000000000580e+01 3.055020139999999742e+02
2.986700099999999836e+01 3.103959960000000251e+02
1.627070009999999911e+02 3.468980099999999993e+02
2.789600000000000080e+01 3.253510130000000231e+02
7.436299900000000207e+01 3.163399959999999851e+02
9.444300099999999532e+01 2.906969910000000255e+02
6.331100099999999742e+01 3.206220089999999914e+02
1.060589980000000025e+02 2.891239929999999845e+02
2.117200100000000162e+01 3.118299870000000169e+02
1.659000000000000030e+00 2.949259950000000003e+02
1.482480009999999879e+02 2.904859920000000102e+02
4.562599900000000019e+01 3.422680050000000165e+02
1.335659939999999892e+02 3.241919859999999858e+02
2.215099899999999877e+01 3.589779970000000162e+02
5.043199899999999758e+01 2.993909909999999854e+02
1.054369959999999935e+02 2.943810119999999984e+02
5.809100000000000108e+01 2.985589899999999943e+02
1.487640079999999898e+02 3.339960019999999759e+02
1.333370060000000024e+02 2.860180050000000165e+02
1.062460020000000043e+02 2.983729860000000258e+02
1.285579989999999952e+02 2.878059999999999832e+02
1.327800000000000047e+01 3.306140139999999974e+02
5.190000200000000063e+01 2.862179869999999937e+02
5.840499899999999656e+01 3.323710019999999759e+02
5.047999999999999687e+01 3.191740110000000072e+02
1.504490049999999997e+02 3.228900150000000053e+02
1.596950070000000039e+02 2.767059939999999756e+02
7.104399899999999946e+01 3.023609920000000102e+02
1.608569950000000119e+02 3.218779910000000086e+02
1.812000099999999847e+01 3.396860050000000228e+02
1.592899930000000097e+02 3.252810059999999908e+02
1.326560059999999908e+02 3.311849980000000073e+02
1.327960050000000081e+02 3.433590090000000146e+02
2.661100000000000065e+01 3.593290099999999825e+02
1.515339969999999994e+02 3.152139890000000264e+02
1.416679990000000089e+02 3.577319949999999835e+02
3.715299999999999869e+01 3.300010070000000155e+02
1.618000030000000038e+02 3.426459960000000251e+02
1.358849950000000035e+02 3.226690060000000244e+02
1.470409999999999968e+02 3.182359920000000102e+02
8.936100000000000421e+01 3.030989989999999921e+02
7.354299899999999468e+01 3.026570130000000063e+02
3.012999900000000153e+01 3.359249879999999848e+02
2.560500000000000043e+01 3.253909909999999854e+02
1.193570019999999943e+02 2.711489869999999769e+02
1.632830050000000028e+02 3.571589969999999994e+02
5.436600099999999713e+01 3.116010130000000231e+02
5.275199899999999786e+01 3.265169980000000010e+02
1.034430009999999953e+02 2.751130069999999819e+02
1.621820069999999987e+02 3.345620119999999815e+02
5.718099999999999739e+01 2.880859990000000153e+02
9.535099800000000414e+01 3.023909909999999854e+02
1.261719970000000046e+02 3.294989929999999845e+02
1.486580050000000028e+02 3.108980099999999993e+02
7.230100299999999436e+01 3.101440119999999752e+02
1.494869999999999948e+02 3.508620000000000232e+02
3.572700100000000134e+01 2.953259889999999928e+02
7.420799999999999841e+01 2.745629880000000185e+02
1.338699949999999887e+02 3.350199890000000096e+02
1.645220030000000122e+02 2.806799930000000245e+02
1.003649979999999999e+02 3.185050049999999828e+02
4.782600000000000051e+01 3.277829899999999839e+02
4.008200099999999821e+01 3.084899899999999775e+02
1.613829959999999915e+02 3.469540099999999825e+02
2.795599899999999849e+01 3.360459900000000175e+02
1.371040040000000033e+02 2.716969910000000255e+02
5.425600099999999770e+01 3.019920040000000085e+02
3.748199799999999726e+01 3.219580080000000066e+02
5.686600099999999713e+01 2.904809880000000248e+02
3.607699999999999818e+01 3.593020020000000159e+02
1.511289979999999957e+02 3.295129999999999768e+02
1.334530029999999954e+02 2.890199890000000096e+02
1.333260040000000117e+02 3.612709960000000251e+02
1.587660060000000044e+02 3.510599980000000073e+02
1.588730009999999879e+02 3.046659849999999778e+02
9.714099899999999366e+01 3.040580140000000142e+02
1.247929989999999947e+02 3.487950129999999831e+02
1.340189970000000130e+02 2.829179990000000089e+02
1.299360049999999944e+02 2.906870119999999815e+02
2.851800000000000068e+01 3.238859860000000026e+02
2.288699899999999943e+01 3.151799930000000245e+02
4.170799999999999841e+01 3.470809939999999756e+02
2.417200100000000162e+01 3.438410030000000006e+02
9.228600299999999379e+01 2.953580019999999990e+02
4.995799999999999841e+01 3.076090090000000146e+02
7.941000400000000070e+01 3.123850100000000225e+02
1.465379939999999976e+02 2.734150089999999977e+02
1.469629970000000014e+02 3.438120119999999815e+02
4.897899999999999920e+01 3.231489869999999769e+02
2.139800100000000072e+01 3.109230039999999917e+02
2.436899899999999874e+01 3.470339969999999994e+02
8.497100100000000111e+01 2.937950129999999831e+02
4.366799900000000179e+01 2.913989869999999769e+02
1.601099999999999923e+01 3.500450129999999831e+02
9.275800300000000220e+01 2.793569949999999835e+02
6.167300000000000182e+01 2.885979919999999765e+02
1.298979950000000088e+02 3.261069949999999835e+02
1.198150020000000069e+02 2.965450129999999831e+02
4.370199999999999818e+01 3.256340030000000070e+02
1.545659939999999892e+02 3.577260130000000231e+02
3.494800200000000245e+01 3.251000060000000076e+02
1.421459959999999967e+02 3.322090150000000222e+02
7.634400200000000325e+01 2.815109860000000026e+02
4.109899899999999917e+01 3.393420100000000161e+02
6.615000000000000213e+00 3.553030089999999745e+02
1.446109920000000102e+02 2.758529970000000162e+02
6.903600299999999379e+01 2.797539980000000241e+02
1.162890009999999990e+02 2.987760010000000079e+02
1.035640029999999996e+02 3.502600100000000225e+02
1.543459929999999929e+02 2.964790039999999749e+02
5.138100099999999770e+01 3.093389890000000264e+02
6.379499799999999965e+01 3.634790039999999749e+02
4.724700200000000194e+01 3.346090090000000146e+02
1.445229950000000088e+02 2.760570069999999987e+02
1.011019969999999972e+02 2.929060059999999908e+02
1.166259989999999931e+02 2.985580140000000142e+02
9.616300200000000586e+01 3.325060119999999984e+02
1.854700100000000162e+01 3.557489929999999845e+02
1.524649960000000135e+02 3.526239929999999845e+02
1.528860019999999906e+02 2.936900019999999927e+02
1.602279969999999878e+02 2.842489929999999845e+02
1.120250020000000006e+02 2.719419859999999858e+02
5.497299999999999898e+01 3.086180110000000241e+02
4.230199799999999755e+01 3.032260130000000231e+02
5.524300000000000210e+01 3.275880129999999895e+02
7.548799900000000207e+01 2.899970089999999914e+02
5.716099899999999678e+01 3.069670100000000161e+02
4.027299899999999866e+01 3.613770139999999742e+02
1.408549959999999999e+02 3.275830080000000066e+02
8.468699599999999350e+01 3.016170040000000085e+02
3.488600199999999774e+01 3.418160100000000057e+02
1.832099900000000048e+01 3.454899899999999775e+02
5.192999999999999972e+01 2.794790039999999749e+02
2.852100000000000080e+01 3.015060119999999984e+02
2.198100099999999912e+01 3.101809999999999832e+02
1.296000060000000076e+02 3.336099849999999947e+02
1.085100000000000087e+01 3.354280089999999745e+02
1.534100039999999865e+02 3.091220089999999914e+02
4.596300099999999844e+01 3.107030030000000238e+02
1.656199949999999887e+02 3.406589969999999994e+02
5.037200200000000194e+01 3.082019960000000083e+02
1.464120029999999986e+02 3.465280149999999821e+02
1.115829999999999984e+02 2.896040039999999749e+02
1.840099899999999877e+01 3.165060119999999984e+02
1.715610049999999944e+02 2.800299989999999752e+02
1.897200000000000131e+01 3.583900150000000053e+02
1.640859989999999868e+02 3.122109990000000153e+02
9.483000199999999325e+01 2.861669919999999934e+02
3.572499799999999937e+01 3.552820130000000063e+02
1.668379970000000014e+02 3.084849849999999947e+02
3.084499900000000139e+01 3.627399899999999775e+02
5.786000099999999691e+01 2.931579899999999839e+02
9.522000000000000242e+00 3.417539980000000241e+02
5.011299900000000207e+01 3.136440119999999752e+02
6.924400300000000641e+01 2.890310059999999908e+02
8.110700199999999427e+01 2.933469850000000179e+02
2.759400000000000119e+01 3.601950069999999755e+02
6.419000200000000689e+01 2.836570130000000063e+02
1.692129970000000014e+02 3.383370059999999739e+02
7.862100200000000427e+01 2.888020020000000159e+02
1.554420010000000048e+02 3.215440060000000244e+02
1.675180049999999881e+02 2.783710019999999759e+02
7.217400399999999649e+01 2.934970089999999914e+02
1.248750000000000000e+02 3.331520080000000235e+02
1.284839939999999956e+02 3.304679869999999937e+02
1.081699980000000068e+02 2.712080080000000066e+02
2.592000000000000171e+01 3.431929930000000013e+02
5.903099799999999675e+01 3.031220089999999914e+02
3.082099900000000048e+01 3.117260130000000231e+02
1.098679960000000051e+02 2.928620000000000232e+02
1.315600000000000058e+01 3.440620119999999815e+02
1.633099980000000073e+02 3.522160030000000006e+02
1.589600069999999903e+02 2.847569889999999759e+02
4.933100100000000054e+01 3.605350040000000149e+02
1.572890010000000132e+02 3.343609920000000102e+02
7.014099899999999366e+01 3.124440000000000168e+02
1.287389980000000094e+02 3.475090030000000070e+02
1.620339969999999994e+02 3.459970089999999914e+02
1.199039989999999989e+02 2.859370119999999815e+02
1.258229979999999983e+02 3.286839899999999943e+02
1.554310000000000116e+02 3.374419859999999858e+02
1.345359950000000140e+02 2.861400150000000053e+02
1.579450070000000039e+02 3.134790039999999749e+02
1.058300000000000018e+01 3.456000060000000076e+02
1.711599899999999863e+01 3.637189940000000092e+02
2.567900099999999952e+01 3.340069889999999759e+02
1.710989989999999921e+02 2.738729860000000258e+02
4.093099999999999739e+01 3.542619930000000181e+02
1.706320039999999949e+02 3.141820069999999987e+02
3.547100100000000111e+01 3.113659969999999930e+02
1.296580050000000028e+02 3.423580019999999990e+02
4.020199999999999818e+01 3.240150150000000053e+02
1.228560030000000012e+02 2.898439940000000092e+02
9.585099800000000414e+01 2.857149959999999851e+02
1.383959959999999967e+02 2.711390079999999898e+02
1.497350010000000111e+02 3.349819949999999835e+02
1.275080030000000022e+02 3.504649959999999851e+02
7.354299899999999468e+01 2.920559999999999832e+02
6.480200200000000166e+01 3.119440000000000168e+02
5.404000099999999662e+01 3.098190000000000168e+02
2.561000100000000046e+01 3.195780030000000238e+02
6.208299999999999841e+01 3.198320009999999911e+02
1.560299990000000037e+02 3.306950069999999755e+02
3.374000199999999694e+01 3.218959960000000251e+02
8.175299800000000516e+01 3.005989989999999921e+02
6.312099800000000016e+01 3.047179869999999937e+02
1.423060000000000116e+02 3.232669980000000010e+02
1.917900099999999952e+01 3.477000120000000152e+02
1.642630000000000052e+02 3.183779910000000086e+02
1.474920040000000085e+02 2.772680050000000165e+02
1.454649960000000135e+02 2.790849910000000023e+02
1.349299929999999961e+02 2.727650150000000053e+02
6.630599999999999739e+01 3.007999879999999848e+02
6.247399899999999917e+01 2.819729919999999765e+02
1.627250060000000076e+02 3.399150089999999977e+02
1.685820009999999911e+02 3.610599980000000073e+02
3.800299799999999806e+01 3.169530030000000238e+02
6.233499900000000338e+01 3.088190000000000168e+02
6.986900300000000641e+01 2.866749879999999848e+02
1.567799990000000037e+02 3.454400019999999927e+02
6.770200300000000482e+01 3.154200129999999831e+02
1.631649930000000097e+02 3.606520080000000235e+02
7.077100400000000491e+01 3.051589969999999994e+02
1.617729950000000088e+02 3.504039920000000166e+02
1.059909969999999930e+02 2.865230099999999993e+02
1.708300020000000075e+02 3.117770080000000235e+02
4.734799999999999898e+01 3.222399899999999775e+02
3.544699899999999815e+01 3.308120119999999815e+02
6.354600099999999685e+01 3.045520020000000159e+02
1.935000000000000142e+01 3.354679869999999937e+02
5.371699900000000127e+01 2.908919980000000010e+02
3.601599900000000076e+01 3.570150150000000053e+02
7.894799799999999834e+01 2.824010010000000079e+02
2.600900100000000137e+01 3.104660030000000006e+02
9.058999999999999275e+00 3.499890139999999974e+02
2.646999900000000139e+01 3.537560119999999984e+02
4.999700200000000194e+01 3.236390079999999898e+02
1.789499999999999957e+01 3.247550049999999828e+02
1.077129970000000014e+02 2.794500120000000152e+02
1.021770020000000017e+02 2.920400089999999977e+02
5.406800100000000242e+01 3.218080140000000142e+02
1.643170010000000048e+02 3.359700010000000248e+02
3.824700200000000194e+01 3.593729860000000258e+02
1.538789979999999957e+02 3.080639949999999772e+02
1.425030059999999992e+02 2.866239929999999845e+02
3.732000000000000028e+01 3.524689940000000092e+02
9.573400100000000634e+01 2.845320130000000063e+02
9.631800099999999532e+01 3.224270020000000159e+02
1.320350039999999865e+02 3.173710019999999759e+02
4.134400200000000325e+01 3.057090150000000222e+02
1.336009980000000041e+02 2.912909849999999778e+02
1.439170070000000123e+02 2.815650019999999927e+02
1.598410030000000006e+02 3.600220029999999838e+02
1.251520000000000010e+02 2.885880129999999895e+02
1.305339969999999994e+02 2.889509889999999928e+02
1.508820039999999949e+02 3.167239989999999921e+02
1.645579989999999952e+02 3.619750060000000076e+02
1.604999899999999968e+01 3.401870119999999815e+02
1.194030000000000058e+02 2.878750000000000000e+02
1.561219940000000008e+02 2.907439880000000016e+02
1.696210020000000043e+02 3.111919859999999858e+02
1.639210050000000081e+02 3.283399959999999851e+02
4.549399900000000230e+01 3.039830019999999990e+02
8.150000000000000000e+01 2.845889890000000264e+02
1.302610019999999906e+02 3.362739869999999769e+02
1.662079929999999877e+02 3.567609860000000026e+02
5.791599999999999682e+01 3.228620000000000232e+02
1.085230030000000028e+02 2.828699950000000172e+02
7.793499799999999311e+01 2.971830140000000142e+02
1.365050050000000113e+02 3.588800049999999828e+02
6.571499599999999930e+01 2.933219910000000255e+02
7.318900299999999959e+01 2.830249939999999924e+02
9.633100100000000054e+01 3.384219969999999762e+02
5.804899999999999949e+01 2.830249939999999924e+02
1.004329989999999952e+02 2.933330080000000066e+02
5.241500099999999662e+01 3.224289860000000090e+02
5.162200200000000194e+01 3.062629999999999768e+02
6.101699800000000096e+01 2.797330019999999990e+02
4.707300200000000245e+01 3.042170100000000161e+02
7.001000000000000334e+00 3.406650089999999977e+02
1.076389999999999958e+02 2.878959960000000251e+02
6.778600299999999379e+01 2.972539980000000241e+02
1.482899930000000097e+02 3.159240110000000072e+02
1.072079999999999984e+02 2.727409969999999930e+02
1.477830050000000028e+02 3.223380129999999895e+02
1.536080019999999990e+02 3.123489989999999921e+02
1.195530009999999947e+02 2.848649899999999775e+02
1.342720030000000122e+02 2.914339899999999943e+02
1.416679990000000089e+02 3.442380069999999819e+02
4.742900099999999952e+01 3.185929869999999937e+02
1.427100069999999903e+02 3.251940000000000168e+02
1.556430049999999881e+02 3.429880069999999819e+02
1.336560059999999908e+02 2.850260010000000079e+02
1.252060010000000005e+02 3.469620059999999739e+02
1.613739930000000129e+02 3.069559939999999756e+02
1.324010010000000079e+02 3.227349849999999947e+02
1.409040070000000071e+02 2.773219910000000255e+02
1.631609950000000140e+02 3.245809939999999756e+02
3.753599899999999678e+01 3.329150089999999977e+02
8.581099700000000041e+01 2.737909849999999778e+02
3.999700200000000194e+01 3.463450010000000248e+02
6.763099699999999359e+01 2.819649959999999851e+02
1.315050050000000113e+02 3.189930110000000241e+02
3.246900200000000325e+01 3.508179930000000013e+02
1.597640079999999898e+02 2.880520020000000159e+02
1.677590030000000070e+02 3.404760130000000231e+02
1.636519930000000045e+02 3.406050109999999904e+02
1.372799999999999976e+01 3.519240110000000072e+02
4.302199900000000099e+01 3.381000060000000076e+02
1.441329959999999915e+02 3.561560059999999908e+02
1.297070009999999911e+02 2.894590150000000222e+02
6.414099899999999366e+01 3.092179869999999937e+02
2.190200000000000102e+01 3.282770080000000235e+02
1.232200009999999963e+02 3.387940060000000244e+02
1.179970019999999948e+02 2.863110050000000228e+02
5.289300200000000274e+01 3.162420040000000085e+02
1.298860019999999906e+02 3.215690000000000168e+02
1.478309940000000040e+02 2.850220029999999838e+02
1.653079989999999952e+02 3.466449890000000096e+02
4.798799900000000207e+01 3.248659969999999930e+02
1.092860029999999938e+02 2.782290039999999749e+02
5.500600099999999770e+01 3.140880129999999895e+02
1.517019960000000083e+02 2.868280030000000238e+02
1.322720030000000122e+02 3.176600040000000149e+02
1.381410060000000044e+02 2.800409849999999778e+02
3.413100099999999770e+01 3.387000120000000152e+02
3.738000100000000003e+01 2.951860050000000228e+02
1.591810000000000116e+02 3.544469910000000255e+02
5.235900099999999924e+01 3.323349910000000023e+02
1.634600100000000111e+01 3.446900019999999927e+02
6.145999900000000338e+01 3.206040039999999749e+02
5.613900000000000290e+01 3.157260130000000231e+02
1.464510040000000117e+02 3.594159849999999778e+02
1.423560029999999870e+02 2.847810059999999908e+02
3.240299999999999869e+01 3.049689940000000092e+02
3.582400100000000265e+01 3.108729860000000258e+02
1.702760010000000079e+02 3.562390139999999974e+02
1.528919980000000010e+02 2.719479979999999841e+02
1.688229980000000126e+02 3.508840030000000070e+02
5.594699899999999815e+01 3.534360050000000228e+02
4.971799899999999894e+01 3.452730099999999993e+02
2.139399900000000088e+01 3.266080019999999990e+02
1.028069990000000047e+02 2.753999939999999924e+02
1.683009950000000003e+02 3.419890139999999974e+02
1.574389950000000056e+02 3.024790039999999749e+02
2.893100000000000094e+01 3.161459960000000251e+02
1.476029969999999878e+02 2.801919859999999858e+02
1.549450070000000039e+02 3.294159849999999778e+02
2.484499900000000139e+01 3.141029970000000162e+02
1.119199980000000068e+02 2.730589899999999943e+02
9.538200399999999490e+01 2.830429990000000089e+02
1.273270030000000048e+02 3.509079899999999839e+02
7.196800199999999847e+01 3.127449950000000172e+02
1.398170010000000048e+02 3.380429990000000089e+02
6.088000100000000003e+01 2.933689880000000016e+02
1.552209929999999929e+02 3.519079899999999839e+02
8.893499799999999311e+01 3.415350040000000149e+02
9.778600299999999379e+01 2.862739869999999769e+02
1.625729980000000126e+02 3.471539920000000166e+02
4.310499999999999687e+01 3.538800049999999828e+02
6.238199999999999790e+01 2.915539860000000090e+02
1.702530059999999992e+02 3.548609920000000102e+02
2.833499899999999982e+01 3.249419859999999858e+02
9.219699900000000525e+01 2.988269960000000083e+02
1.525050050000000113e+02 3.360329899999999839e+02
8.298999999999999488e+00 3.538259889999999928e+02
1.078529970000000020e+02 2.770260010000000079e+02
1.175810010000000005e+02 2.995629880000000185e+02
1.517640079999999898e+02 3.467009889999999928e+02
6.019800200000000245e+01 3.090459900000000175e+02
1.546580050000000028e+02 2.787780149999999821e+02
5.768600099999999742e+01 3.195090030000000070e+02
9.872499799999999937e+01 2.804440000000000168e+02
1.566929930000000013e+02 3.026210019999999759e+02
3.284700000000000131e+01 2.972500000000000000e+02
1.113229979999999983e+02 2.715549930000000245e+02
4.823599999999999710e+01 3.470350040000000149e+02
1.712810059999999908e+02 3.359979860000000258e+02
9.490499900000000366e+01 2.933580019999999990e+02
4.620799999999999841e+01 3.296229860000000258e+02
1.671739959999999883e+02 3.282629999999999768e+02
1.525729980000000126e+02 3.401530149999999821e+02
1.427810059999999908e+02 3.163620000000000232e+02
6.298500099999999691e+01 2.893710019999999759e+02
5.306300000000000239e+01 3.265140079999999898e+02
1.447109989999999868e+02 3.595369870000000105e+02
1.628549959999999999e+02 3.189920040000000085e+02
8.490899699999999939e+01 3.050759889999999928e+02
1.395099950000000035e+02 3.633200069999999755e+02
4.342999999999999972e+01 3.230369870000000105e+02
1.236200000000000010e+01 3.363829959999999915e+02
1.520720059999999876e+02 3.424039920000000166e+02
1.429779969999999878e+02 3.619500120000000152e+02
1.137500000000000000e+02 2.771919859999999858e+02
1.574320069999999987e+02 3.500820009999999911e+02
1.587010040000000117e+02 3.089289860000000090e+02
3.116300000000000026e+01 3.588789980000000241e+02
1.526549990000000037e+02 3.451820069999999987e+02
1.569029999999999916e+02 3.187739869999999769e+02
1.446139980000000094e+02 3.209490049999999997e+02
5.446900200000000325e+01 3.213460079999999834e+02
1.325269930000000045e+02 3.421400150000000053e+02
1.275699999999999967e+01 3.446809999999999832e+02
1.691040040000000033e+02 2.746629940000000261e+02
6.620900000000000318e+01 2.848210139999999910e+02
1.987099999999999866e+01 3.127439880000000016e+02
1.383560029999999870e+02 3.229280089999999745e+02
9.666799899999999468e+01 3.260759889999999928e+02
2.978800000000000026e+01 3.561919859999999858e+02
6.273799900000000207e+01 3.611329959999999915e+02
1.293869929999999897e+02 3.497430110000000241e+02
1.837500000000000000e+01 3.146530149999999821e+02
1.674259950000000003e+02 2.805249939999999924e+02
1.257580030000000022e+02 2.899509889999999928e+02
2.236899899999999874e+01 3.553009950000000003e+02
3.615399899999999889e+01 3.160950010000000248e+02
1.367299959999999999e+02 2.786889949999999772e+02
1.592850039999999865e+02 2.830480039999999917e+02
9.071199799999999414e+01 3.403850100000000225e+02
9.634699999999999420e+01 2.898949890000000096e+02
9.495900000000000318e+01 2.835849910000000023e+02
1.469609989999999868e+02 2.933940119999999752e+02
1.016920010000000048e+02 2.800969850000000179e+02
1.341770019999999874e+02 3.321059880000000248e+02
1.449539949999999919e+02 3.121459960000000251e+02
1.344429930000000013e+02 3.619549870000000169e+02
5.839099900000000076e+01 3.144389949999999772e+02
3.929700100000000162e+01 3.174209900000000175e+02
1.061760029999999944e+02 2.924559939999999756e+02
1.052099989999999963e+02 2.863439940000000092e+02
7.256600199999999745e+01 3.122460019999999759e+02
5.464099900000000076e+01 3.328110050000000228e+02
2.149599999999999866e+01 3.386019900000000007e+02
1.717640079999999898e+02 2.747839969999999994e+02
9.960500299999999640e+01 2.887829899999999839e+02
7.419599900000000048e+01 2.995159909999999854e+02
1.291069950000000119e+02 3.320220029999999838e+02
7.859200300000000539e+01 2.838340150000000222e+02
1.456609950000000140e+02 3.591629940000000261e+02
1.295039979999999957e+02 3.105809939999999756e+02
1.571089939999999956e+02 2.806889949999999772e+02
1.718289949999999919e+02 3.199590150000000222e+02
6.979200000000000159e+01 3.373089899999999943e+02
1.738200000000000145e+01 3.531910100000000057e+02
1.567689970000000130e+02 2.917090150000000222e+02
1.624389950000000056e+02 3.304020080000000235e+02
9.808000199999999325e+01 2.842470089999999914e+02
9.128299699999999461e+01 2.957890009999999847e+02
1.520390010000000132e+02 3.478840030000000070e+02
4.846799899999999894e+01 3.509070130000000063e+02
7.893000000000000682e+01 2.787390139999999974e+02
1.212899999999999956e+01 3.333299870000000169e+02
3.125499900000000153e+01 3.352680050000000165e+02
1.306820069999999987e+02 2.812349849999999947e+02
1.363329929999999877e+02 3.403280030000000238e+02
9.787599899999999309e+01 3.484429930000000013e+02
5.940999999999999659e+01 2.809060059999999908e+02
1.259680019999999985e+02 3.180299989999999752e+02
4.320399900000000315e+01 3.558949890000000096e+02
1.404900049999999965e+02 3.566069949999999835e+02
4.163299899999999809e+01 3.004729919999999765e+02
4.367300000000000182e+01 3.225820009999999911e+02
1.493320009999999911e+02 3.220960079999999834e+02
3.513199999999999790e+01 3.106510010000000079e+02
2.036799999999999855e+01 3.515759889999999928e+02
1.222000000000000064e+01 3.600939940000000092e+02
4.520799999999999841e+01 3.124379880000000185e+02
1.579519960000000083e+02 2.920150150000000053e+02
5.650899900000000287e+01 2.998380129999999895e+02
7.970000000000000417e-01 2.900090030000000070e+02
9.899800100000000214e+01 2.752149959999999851e+02
2.264800100000000072e+01 3.018450010000000248e+02
5.869300100000000242e+01 3.077980039999999917e+02
1.534210050000000081e+02 2.711019900000000007e+02
8.636100000000000421e+01 2.808280030000000238e+02
8.576599899999999366e+01 2.979200129999999831e+02
1.591670070000000123e+02 3.612969969999999762e+02
1.676170040000000085e+02 3.561480099999999993e+02
1.535509950000000003e+02 3.416770020000000159e+02
8.662200199999999484e+01 2.917990110000000072e+02
6.652300300000000277e+01 2.837990110000000072e+02
2.572200000000000131e+01 3.159030149999999821e+02
6.460199699999999723e+01 2.809599910000000023e+02
1.424940029999999922e+02 3.366499939999999924e+02
2.550700000000000145e+01 3.178840030000000070e+02
7.036399799999999516e+01 2.870960079999999834e+02
8.247399900000000628e+01 3.568689880000000016e+02
1.234899979999999999e+02 2.860329899999999839e+02
1.022870029999999986e+02 2.726969910000000255e+02
4.195600100000000054e+01 3.370280149999999821e+02
8.717199700000000462e+01 2.841340030000000070e+02
1.616799899999999823e+01 3.269729919999999765e+02
1.090139999999999958e+02 2.975360109999999736e+02
9.637200199999999484e+01 3.178139949999999772e+02
1.443240049999999997e+02 2.742619930000000181e+02
5.156900000000000261e+01 3.210820009999999911e+02
7.227500200000000063e+01 2.896289980000000241e+02
1.598529969999999878e+02 3.423309939999999756e+02
3.848300199999999904e+01 3.090530089999999745e+02
1.576490019999999959e+02 3.254010010000000079e+02
4.339500000000000313e+01 3.001359860000000026e+02
1.594609989999999868e+02 2.728710019999999759e+02
4.492599899999999735e+01 3.053900150000000053e+02
1.715110019999999906e+02 2.819930110000000241e+02
5.333200099999999821e+01 3.317149959999999851e+02
5.992300000000000182e+01 3.570079959999999915e+02
1.264000000000000057e+01 3.404240110000000072e+02
3.320500200000000035e+01 3.251499939999999924e+02
9.339199800000000096e+01 2.893640139999999974e+02
6.942199700000000462e+01 3.112789920000000166e+02
1.458970030000000122e+02 3.285580140000000142e+02
3.243899900000000258e+01 2.830109860000000026e+02
8.950199899999999786e+01 3.025060119999999984e+02
1.647799990000000037e+02 2.726340030000000070e+02
1.290260010000000079e+02 3.536650089999999977e+02
1.254609990000000010e+02 3.315719910000000255e+02
3.162299900000000008e+01 3.263460079999999834e+02
1.452399999999999913e+01 3.536029970000000162e+02
1.582339939999999956e+02 3.169419859999999858e+02
3.125600100000000126e+01 2.832560119999999984e+02
1.663209990000000005e+02 3.421289980000000241e+02
2.388800000000000168e+01 3.522510070000000155e+02
1.697740019999999959e+02 3.346619870000000105e+02
8.743000000000000327e+00 3.389750060000000076e+02
2.662999900000000153e+01 3.380159909999999854e+02
7.636599699999999302e+01 2.964169919999999934e+02
1.321549990000000037e+02 2.886809999999999832e+02
8.375000000000000000e+00 3.441640009999999847e+02
1.317929990000000089e+02 2.866960139999999910e+02
1.518970030000000122e+02 3.245719910000000255e+02
1.315050050000000113e+02 3.576539920000000166e+02
1.035559999999999974e+02 2.815790099999999825e+02
5.201599900000000076e+01 3.086470029999999838e+02
1.661369929999999897e+02 3.242520139999999742e+02
2.481100100000000097e+01 3.558219910000000255e+02
5.042200100000000162e+01 3.150159909999999854e+02
7.715200000000000102e+01 3.106400150000000053e+02
1.261969990000000053e+02 2.907999879999999848e+02
3.468699999999999761e+01 2.986449890000000096e+02
1.412030029999999954e+02 2.869989929999999845e+02
1.587129970000000014e+02 3.343410030000000006e+02
1.477319950000000119e+02 3.391560059999999908e+02
1.010869979999999941e+02 2.869899899999999775e+02
1.147720029999999980e+02 2.910509950000000003e+02
1.564660030000000006e+02 3.542780149999999821e+02
1.663309940000000040e+02 3.484039920000000166e+02
3.578599899999999678e+01 3.504719850000000179e+02
8.497499799999999937e+01 2.999949950000000172e+02
3.636800000000000210e+01 3.033229979999999841e+02
