2.692709960000000251e+02 1.633419949999999972e+02
2.970209960000000251e+02 2.617919919999999934e+02
2.114559940000000040e+02 1.694439999999999884e+02
2.058439940000000092e+02 1.561349950000000035e+02
2.277539979999999957e+02 1.617220000000000084e+02
2.014159999999999968e+02 1.637879939999999976e+02
3.124920040000000085e+02 2.102469940000000008e+02
2.604599910000000023e+02 2.438220059999999876e+02
2.473419949999999972e+02 1.626609950000000140e+02
3.248840030000000070e+02 1.708189999999999884e+02
2.107530059999999992e+02 2.537859950000000140e+02
2.292380070000000103e+02 1.791649930000000097e+02
1.835249939999999924e+02 1.681710050000000081e+02
3.228779910000000086e+02 1.811770019999999874e+02
2.058840030000000070e+02 1.831929930000000013e+02
3.218009950000000003e+02 2.532640079999999898e+02
2.618020020000000159e+02 2.582189940000000092e+02
2.887969969999999762e+02 1.613829959999999915e+02
2.354660030000000006e+02 2.543899989999999889e+02
2.339649960000000135e+02 1.727819979999999873e+02
2.537239989999999921e+02 2.631180110000000241e+02
2.313480069999999955e+02 1.494080050000000028e+02
2.493540040000000033e+02 1.831139980000000094e+02
3.280270080000000235e+02 2.583850100000000225e+02
2.108020019999999874e+02 1.715260010000000079e+02
2.583540039999999749e+02 1.601060029999999870e+02
2.388240049999999997e+02 2.173659969999999930e+02
2.806919859999999858e+02 2.651700129999999831e+02
2.561279910000000086e+02 2.516430049999999881e+02
2.627049870000000169e+02 2.627560119999999984e+02
2.912390139999999974e+02 2.675669859999999858e+02
2.610329899999999839e+02 2.579460139999999910e+02
2.737869870000000105e+02 1.711629939999999976e+02
2.589249879999999848e+02 2.655199890000000096e+02
2.811430050000000165e+02 1.696150049999999965e+02
1.849049990000000037e+02 2.645679930000000013e+02
3.324280089999999745e+02 2.524709929999999929e+02
2.791199950000000172e+02 1.633320009999999911e+02
2.628229979999999841e+02 2.286699979999999925e+02
2.050939940000000092e+02 2.453359989999999868e+02
2.859169919999999934e+02 2.657730099999999993e+02
2.149159999999999968e+02 2.465440059999999960e+02
2.822479860000000258e+02 2.649509889999999928e+02
3.311390079999999898e+02 2.700790099999999825e+02
3.295459900000000175e+02 2.542380070000000103e+02
3.151279910000000086e+02 1.650420070000000123e+02
2.697170100000000161e+02 1.602579959999999915e+02
2.167570039999999949e+02 1.941889950000000056e+02
3.210530089999999745e+02 2.665010070000000155e+02
3.298970029999999838e+02 1.719329989999999952e+02
2.669249879999999848e+02 2.530030059999999992e+02
3.015620119999999815e+02 2.557510069999999871e+02
2.688089899999999943e+02 1.577420040000000085e+02
2.762479860000000258e+02 2.530260010000000079e+02
3.326979979999999841e+02 2.608729860000000258e+02
2.936979979999999841e+02 1.744429930000000013e+02
1.828200070000000039e+02 2.628599849999999947e+02
2.446329959999999915e+02 1.646150049999999965e+02
3.407529910000000086e+02 2.667940060000000244e+02
2.218890079999999898e+02 2.494839939999999956e+02
2.818919980000000010e+02 2.468040009999999995e+02
1.882389980000000094e+02 2.581470029999999838e+02
2.357180020000000127e+02 1.684270019999999874e+02
2.842330019999999990e+02 1.677290040000000033e+02
2.440059970000000078e+02 2.664030149999999821e+02
2.218679960000000051e+02 1.756179960000000051e+02
3.314790039999999749e+02 1.584730069999999955e+02
2.332129970000000014e+02 1.816549990000000037e+02
2.736839899999999943e+02 1.646490019999999959e+02
2.851140139999999974e+02 1.771190029999999922e+02
2.495330050000000028e+02 2.601180110000000241e+02
2.457530059999999992e+02 2.696619870000000105e+02
2.071759950000000003e+02 2.106950070000000039e+02
2.615169980000000010e+02 2.438209990000000005e+02
2.368809970000000078e+02 1.784980009999999879e+02
3.050409849999999778e+02 2.504980009999999879e+02
2.204159999999999968e+02 2.563510130000000231e+02
2.213569950000000119e+02 2.573129880000000185e+02
2.861329959999999915e+02 1.820399930000000097e+02
1.888150019999999927e+02 1.588860019999999906e+02
2.063699949999999887e+02 1.804530029999999954e+02
2.405789949999999919e+02 2.096450040000000001e+02
2.503549959999999999e+02 1.759790040000000033e+02
1.862359920000000102e+02 2.485540009999999995e+02
2.826770020000000159e+02 1.730050050000000113e+02
3.091019900000000007e+02 2.567760010000000079e+02
1.960220030000000122e+02 2.505240019999999959e+02
2.472640079999999898e+02 1.807680049999999881e+02
3.164830019999999990e+02 1.743240049999999997e+02
2.833670040000000085e+02 2.495059970000000078e+02
2.148090060000000108e+02 1.784680020000000127e+02
3.248970029999999838e+02 2.622380069999999819e+02
2.804739989999999921e+02 1.526600039999999865e+02
3.089140009999999847e+02 1.764550020000000075e+02
1.868730009999999879e+02 1.742129970000000014e+02
2.563030089999999745e+02 1.486600039999999865e+02
2.315269930000000045e+02 2.499839939999999956e+02
2.869760130000000231e+02 2.593349910000000023e+02
2.669100040000000149e+02 2.473719940000000008e+02
3.228989869999999769e+02 2.456710050000000081e+02
2.230409999999999968e+02 1.494819950000000119e+02
2.936359860000000026e+02 2.543919980000000010e+02
1.972290040000000033e+02 2.440200040000000001e+02
1.883260040000000117e+02 2.660299989999999752e+02
2.837070009999999911e+02 1.836860049999999944e+02
2.840169980000000010e+02 2.676149899999999775e+02
2.185749969999999962e+02 1.521900019999999927e+02
3.027950129999999831e+02 2.666300049999999828e+02
3.243710019999999759e+02 1.569060059999999908e+02
2.738179930000000013e+02 1.666029969999999878e+02
2.462109989999999868e+02 2.570039980000000241e+02
1.921150049999999965e+02 1.518139950000000056e+02
2.418309940000000040e+02 2.578299870000000169e+02
2.601210019999999759e+02 1.766999969999999962e+02
3.215079959999999915e+02 2.415119929999999897e+02
3.235820009999999911e+02 1.746300050000000113e+02
2.564490049999999997e+02 1.561810000000000116e+02
2.551640010000000132e+02 2.634330140000000142e+02
3.258500060000000076e+02 1.568699949999999887e+02
3.227170100000000161e+02 1.782339939999999956e+02
2.519720000000000084e+02 1.700859989999999868e+02
2.655360109999999736e+02 1.581300050000000113e+02
2.785239869999999769e+02 1.659909969999999930e+02
3.138890079999999898e+02 1.656329959999999915e+02
2.651350100000000225e+02 2.377319950000000119e+02
3.127000120000000152e+02 2.569750060000000076e+02
2.659360050000000228e+02 2.582130129999999895e+02
3.035849910000000023e+02 1.806289979999999957e+02
2.170729980000000126e+02 1.669869999999999948e+02
1.947120060000000024e+02 1.543119959999999935e+02
2.108070069999999987e+02 2.587529910000000086e+02
2.161069950000000119e+02 2.147480009999999879e+02
2.480379939999999976e+02 1.787579959999999915e+02
2.113880000000000052e+02 2.671430050000000165e+02
2.376909939999999892e+02 2.029129939999999976e+02
2.396999969999999962e+02 1.649759980000000041e+02
3.225679930000000013e+02 2.035529940000000124e+02
3.077170100000000161e+02 1.805780029999999954e+02
1.838450009999999963e+02 2.540689999999999884e+02
2.723059999999999832e+02 1.628549959999999999e+02
1.914750060000000076e+02 2.489790040000000033e+02
2.581090090000000146e+02 2.701379999999999768e+02
2.127100069999999903e+02 1.806649930000000097e+02
3.092659909999999854e+02 2.555449979999999925e+02
2.536280059999999992e+02 1.768269960000000083e+02
2.941319889999999759e+02 1.737870029999999986e+02
2.804630129999999895e+02 1.531580050000000028e+02
3.041159969999999930e+02 2.571780089999999745e+02
3.080249939999999924e+02 1.647350010000000111e+02
2.905230099999999993e+02 1.574100039999999865e+02
3.307879940000000261e+02 1.800820009999999911e+02
2.771889949999999772e+02 1.626100010000000111e+02
2.100090030000000070e+02 1.713450009999999963e+02
2.686799930000000245e+02 2.607229919999999765e+02
3.308210139999999910e+02 1.742779999999999916e+02
2.471280059999999992e+02 2.636120000000000232e+02
2.299830019999999990e+02 2.707529910000000086e+02
2.763890079999999898e+02 1.637189940000000092e+02
2.777210079999999834e+02 2.559499969999999962e+02
2.332440029999999922e+02 2.670039980000000241e+02
2.957810059999999908e+02 2.638559880000000248e+02
1.937559970000000078e+02 1.789210050000000081e+02
2.343809970000000078e+02 2.617890009999999847e+02
2.383880000000000052e+02 2.581669919999999934e+02
1.989409939999999892e+02 1.815030059999999992e+02
3.311570130000000063e+02 1.776289979999999957e+02
2.407660060000000044e+02 2.588259889999999928e+02
2.483009950000000003e+02 1.678359989999999868e+02
2.729920040000000085e+02 1.883480069999999955e+02
2.583359990000000153e+02 1.536340030000000070e+02
2.308970030000000122e+02 1.714830019999999990e+02
1.990590060000000108e+02 2.567739869999999769e+02
2.892940060000000244e+02 1.521950070000000039e+02
3.164790039999999749e+02 1.806959990000000005e+02
1.841589969999999994e+02 1.813939970000000130e+02
2.384799959999999999e+02 2.606709900000000175e+02
2.245529940000000124e+02 1.721640010000000132e+02
2.223029940000000124e+02 1.618480069999999955e+02
2.554550020000000075e+02 1.725509950000000003e+02
2.718210139999999910e+02 1.856210020000000043e+02
2.392550050000000113e+02 2.281320039999999949e+02
1.931479950000000088e+02 2.465700070000000039e+02
2.378200070000000039e+02 1.680249939999999924e+02
2.678680110000000241e+02 1.490330050000000028e+02
2.411170040000000085e+02 2.650100100000000225e+02
2.741549989999999752e+02 1.511210020000000043e+02
2.077019960000000083e+02 1.647409969999999930e+02
1.844559940000000040e+02 2.636340030000000070e+02
2.320579989999999952e+02 2.521990049999999997e+02
3.411789860000000090e+02 2.707049870000000169e+02
2.341239930000000129e+02 2.692999879999999848e+02
2.800719910000000255e+02 1.916779940000000124e+02
2.407330019999999990e+02 1.516199949999999887e+02
3.228129880000000185e+02 1.790220030000000122e+02
3.103510130000000231e+02 2.651400150000000053e+02
1.944709929999999929e+02 1.573869929999999897e+02
2.789989929999999845e+02 2.641449890000000096e+02
2.813900150000000053e+02 2.677690119999999752e+02
1.909880070000000103e+02 1.757870029999999986e+02
2.255789949999999919e+02 1.488410030000000006e+02
1.958410030000000006e+02 2.590899959999999851e+02
2.348430020000000127e+02 1.704069979999999873e+02
2.773840030000000070e+02 1.862230069999999955e+02
2.609790039999999749e+02 2.703519900000000007e+02
3.130459900000000175e+02 1.578450009999999963e+02
2.027339939999999956e+02 2.486519930000000045e+02
2.999859920000000102e+02 2.589259950000000003e+02
2.784339899999999943e+02 2.629410100000000057e+02
2.677900089999999977e+02 2.585459900000000175e+02
2.975369870000000105e+02 2.475399930000000097e+02
3.295339969999999994e+02 1.766170040000000085e+02
3.145639949999999772e+02 1.657230069999999955e+02
3.020039980000000241e+02 1.734700009999999963e+02
2.567890009999999847e+02 1.511759950000000003e+02
2.166470030000000122e+02 2.393959959999999967e+02
2.787260130000000231e+02 1.541260069999999871e+02
2.539989930000000129e+02 1.504519960000000083e+02
2.355310059999999908e+02 1.722550050000000113e+02
2.747479860000000258e+02 1.656069950000000119e+02
1.967299959999999999e+02 2.634479979999999841e+02
2.590620119999999815e+02 2.598469850000000179e+02
3.182650150000000053e+02 1.594799959999999999e+02
2.713550109999999904e+02 1.610480039999999917e+02
1.900119929999999897e+02 1.816770019999999874e+02
2.459539949999999919e+02 1.627500000000000000e+02
3.009830019999999990e+02 1.820709990000000005e+02
2.427149960000000135e+02 1.567680049999999881e+02
3.240119930000000181e+02 1.665670010000000048e+02
2.443280029999999954e+02 1.745209959999999967e+02
2.526139980000000094e+02 1.572839969999999994e+02
3.268890079999999898e+02 1.815679930000000013e+02
3.021929930000000013e+02 1.632230069999999955e+02
1.842230069999999955e+02 2.688699950000000172e+02
2.464880070000000103e+02 1.534730069999999955e+02
3.218500060000000076e+02 1.829400019999999927e+02
2.610050049999999828e+02 2.513650049999999965e+02
1.977070009999999911e+02 2.695559999999999832e+02
2.985939940000000092e+02 1.747640079999999898e+02
2.842950129999999831e+02 1.791549990000000037e+02
2.428480069999999955e+02 2.461869959999999935e+02
3.279620059999999739e+02 1.811260069999999871e+02
2.304159999999999968e+02 1.567429960000000051e+02
3.062590030000000070e+02 2.694530030000000238e+02
3.411659849999999778e+02 2.564899899999999775e+02
2.963720089999999914e+02 1.668899989999999889e+02
2.359040070000000071e+02 1.671450040000000001e+02
2.991319889999999759e+02 2.479880070000000103e+02
2.768240049999999997e+02 2.538979950000000088e+02
3.170239869999999769e+02 2.640750120000000152e+02
2.233829959999999915e+02 2.333379970000000014e+02
3.333290099999999825e+02 2.623959960000000251e+02
2.007160030000000006e+02 2.132109989999999868e+02
2.313099980000000073e+02 1.720260010000000079e+02
2.050140079999999898e+02 1.819980009999999879e+02
3.256329959999999915e+02 2.671369930000000181e+02
2.965429990000000089e+02 2.645190119999999752e+02
2.627850040000000149e+02 1.493730009999999879e+02
2.447599950000000035e+02 2.060980069999999955e+02
3.210029910000000086e+02 2.240240019999999959e+02
2.222160030000000006e+02 2.627739869999999769e+02
2.650859990000000153e+02 1.712400049999999965e+02
3.363359990000000153e+02 2.528150019999999927e+02
2.034439999999999884e+02 2.442230069999999955e+02
2.546869959999999935e+02 2.563229979999999841e+02
1.954459990000000005e+02 2.592749939999999924e+02
1.996459959999999967e+02 2.210119929999999897e+02
2.652359920000000102e+02 1.512879939999999976e+02
2.782600100000000225e+02 2.200039979999999957e+02
1.894089969999999994e+02 1.611329959999999915e+02
2.378690029999999922e+02 1.546609950000000140e+02
2.916830140000000142e+02 2.490939940000000092e+02
2.815400089999999977e+02 1.489270019999999874e+02
2.799840090000000146e+02 2.664559939999999756e+02
2.226750030000000038e+02 2.024960020000000043e+02
3.068030089999999745e+02 2.615140079999999898e+02
2.461049959999999999e+02 1.551230009999999879e+02
2.536349950000000035e+02 2.597149959999999851e+02
2.868599849999999947e+02 2.457689970000000130e+02
2.510279999999999916e+02 1.802440029999999922e+02
2.102030029999999954e+02 1.544830019999999990e+02
2.237949979999999925e+02 2.597799989999999752e+02
1.992330019999999990e+02 2.598940119999999752e+02
2.932650150000000053e+02 1.520850069999999903e+02
3.335620119999999815e+02 2.612959900000000175e+02
2.713580019999999990e+02 2.691069949999999835e+02
3.038139949999999772e+02 2.542120060000000024e+02
2.893299870000000169e+02 2.691220089999999914e+02
3.219679869999999937e+02 1.663070069999999987e+02
2.237290040000000033e+02 1.593760069999999871e+02
2.182790070000000071e+02 1.857590030000000070e+02
1.973769990000000121e+02 2.559429930000000013e+02
2.206450040000000001e+02 2.629719850000000179e+02
2.254889980000000094e+02 1.674739989999999921e+02
3.072539980000000241e+02 1.722839969999999994e+02
3.068609920000000102e+02 1.740749969999999962e+02
3.066310119999999984e+02 1.497039949999999919e+02
3.089590150000000222e+02 1.707019960000000083e+02
2.743020020000000159e+02 2.454439999999999884e+02
3.278599849999999947e+02 1.743340000000000032e+02
2.278220059999999876e+02 1.805010069999999871e+02
3.059429930000000013e+02 1.680599980000000073e+02
1.846159969999999930e+02 1.550679930000000013e+02
3.228080140000000142e+02 1.677310029999999870e+02
2.796709900000000175e+02 1.676419980000000010e+02
1.842429960000000051e+02 2.692749939999999924e+02
2.854039920000000166e+02 2.537039949999999919e+02
2.021239930000000129e+02 1.546459959999999967e+02
3.002130129999999895e+02 1.648489989999999921e+02
2.251089939999999956e+02 2.176540070000000071e+02
2.407169949999999972e+02 1.787550050000000113e+02
2.408009950000000003e+02 1.811779940000000124e+02
3.037579959999999915e+02 2.062949979999999925e+02
1.895919949999999972e+02 1.830370029999999986e+02
2.360570069999999987e+02 2.655459900000000175e+02
2.827699890000000096e+02 2.487610019999999906e+02
3.472009889999999928e+02 2.606090090000000146e+02
2.974020080000000235e+02 2.462830050000000028e+02
2.725989989999999921e+02 2.061860049999999944e+02
3.213089899999999943e+02 2.135910030000000006e+02
3.298259889999999928e+02 2.562690119999999752e+02
3.470270080000000235e+02 2.694840090000000146e+02
3.375440060000000244e+02 2.557570039999999949e+02
2.869089969999999994e+02 1.549859920000000102e+02
2.382319950000000119e+02 1.557109989999999868e+02
3.260369870000000105e+02 2.577529910000000086e+02
1.984069979999999873e+02 1.722129970000000014e+02
2.235409999999999968e+02 2.580169980000000010e+02
2.395939940000000092e+02 1.739880070000000103e+02
2.841640009999999847e+02 1.736109920000000102e+02
2.941250000000000000e+02 2.692080080000000066e+02
3.306289980000000241e+02 1.732200009999999963e+02
2.655299989999999752e+02 2.299120029999999986e+02
2.570520020000000159e+02 2.612090150000000222e+02
3.092319949999999835e+02 2.603800049999999828e+02
2.254779969999999878e+02 1.571410060000000044e+02
3.225220029999999838e+02 2.554810029999999870e+02
2.547909999999999968e+02 1.686109920000000102e+02
2.974689940000000092e+02 2.622969969999999762e+02
2.599960019999999759e+02 1.572709959999999967e+02
2.261210020000000043e+02 2.598810119999999984e+02
2.311609950000000140e+02 2.551439970000000130e+02
2.995010070000000155e+02 1.731790009999999995e+02
1.876519930000000045e+02 2.479230039999999917e+02
2.562279970000000162e+02 2.674870000000000232e+02
3.360790099999999825e+02 2.681700129999999831e+02
2.468359989999999868e+02 1.760440059999999960e+02
2.513609920000000102e+02 1.722369999999999948e+02
1.873950040000000001e+02 1.520989989999999921e+02
2.170679930000000013e+02 1.716399989999999889e+02
2.889140009999999847e+02 2.622309880000000248e+02
2.864330140000000142e+02 2.575050049999999828e+02
1.845249939999999924e+02 2.652629999999999768e+02
1.855820009999999911e+02 1.599810029999999870e+02
1.951569979999999873e+02 1.829530029999999954e+02
2.672929990000000089e+02 2.649639890000000264e+02
2.874370119999999815e+02 2.446999969999999962e+02
1.845540009999999995e+02 1.575260010000000079e+02
2.972359920000000102e+02 2.506649930000000097e+02
2.444660030000000006e+02 1.762879939999999976e+02
2.151260069999999871e+02 2.301150049999999965e+02
3.317539980000000241e+02 1.788679960000000051e+02
1.954839939999999956e+02 2.687380069999999819e+02
2.343990019999999959e+02 1.733999939999999924e+02
2.267010040000000117e+02 2.430689999999999884e+02
2.617879940000000261e+02 2.535749969999999962e+02
2.102400049999999965e+02 2.518679960000000051e+02
1.920899960000000135e+02 1.600399930000000097e+02
2.229369959999999935e+02 2.558480069999999955e+02
2.433049929999999961e+02 1.579640049999999860e+02
2.526510010000000079e+02 1.811269990000000121e+02
1.859439999999999884e+02 1.738470000000000084e+02
2.659169919999999934e+02 2.523450009999999963e+02
3.092850040000000149e+02 1.722720030000000122e+02
3.055000000000000000e+02 2.545529940000000124e+02
2.281719970000000046e+02 2.594970089999999914e+02
2.308159939999999892e+02 1.744989930000000129e+02
2.300829929999999877e+02 2.570780030000000238e+02
1.828060000000000116e+02 1.774389950000000056e+02
2.948909909999999854e+02 2.706679990000000089e+02
3.480840150000000222e+02 2.562980039999999917e+02
3.055580140000000142e+02 1.491399989999999889e+02
2.096779940000000124e+02 1.598710020000000043e+02
3.013489989999999921e+02 1.556799929999999961e+02
2.473950040000000001e+02 2.544660030000000006e+02
2.871369930000000181e+02 1.685760040000000117e+02
2.558159939999999892e+02 1.703390049999999860e+02
1.916540070000000071e+02 1.788079989999999952e+02
1.957510069999999871e+02 2.583640139999999974e+02
2.168890079999999898e+02 1.941999969999999962e+02
3.195079959999999915e+02 1.669759980000000041e+02
2.171130070000000103e+02 2.469940029999999922e+02
2.975979919999999765e+02 2.575830080000000066e+02
2.360749969999999962e+02 2.675679930000000013e+02
2.538670040000000085e+02 2.400229950000000088e+02
2.459329989999999952e+02 2.476939999999999884e+02
1.956300050000000113e+02 1.726170040000000085e+02
2.117180020000000127e+02 2.464909969999999930e+02
2.475959929999999929e+02 1.527929990000000089e+02
2.242689970000000130e+02 1.640919949999999972e+02
3.478299870000000169e+02 2.619140009999999847e+02
2.563219910000000255e+02 1.765619959999999935e+02
3.144739989999999921e+02 2.678890079999999898e+02
3.218510130000000231e+02 2.526320039999999949e+02
3.183229979999999841e+02 1.826430049999999881e+02
2.787919919999999934e+02 1.695140079999999898e+02
2.065870060000000024e+02 1.827579959999999915e+02
3.126919859999999858e+02 2.539799959999999999e+02
2.602950129999999831e+02 2.657309880000000248e+02
2.501620029999999986e+02 2.654809880000000248e+02
3.006849980000000073e+02 2.647609860000000026e+02
2.748559880000000248e+02 1.823249969999999962e+02
2.567510070000000155e+02 1.768489989999999921e+02
2.130399930000000097e+02 1.671889950000000056e+02
1.965350039999999865e+02 1.486519930000000045e+02
1.985590060000000108e+02 1.560560000000000116e+02
2.970119930000000181e+02 1.767489930000000129e+02
2.478269960000000083e+02 2.548079989999999952e+02
2.153300020000000075e+02 1.587160030000000006e+02
2.769330140000000142e+02 2.624710079999999834e+02
2.953009950000000003e+02 2.599979860000000258e+02
1.950140079999999898e+02 2.607659909999999854e+02
2.669700010000000248e+02 1.596990049999999997e+02
3.297929990000000089e+02 2.576789860000000090e+02
3.087009889999999928e+02 2.207090000000000032e+02
2.404969940000000008e+02 1.593800050000000113e+02
2.602919919999999934e+02 2.447989959999999883e+02
2.378890079999999898e+02 2.514720000000000084e+02
2.816849980000000073e+02 1.520549929999999961e+02
2.831470029999999838e+02 1.733679960000000051e+02
3.356359860000000026e+02 2.684330140000000142e+02
2.064250030000000038e+02 2.534900049999999965e+02
2.575979919999999765e+02 1.592779999999999916e+02
1.926979980000000126e+02 1.588800050000000113e+02
2.556499939999999924e+02 2.594219969999999762e+02
3.077550049999999828e+02 2.543659969999999930e+02
3.287529910000000086e+02 1.809340060000000108e+02
2.671099849999999947e+02 2.457500000000000000e+02
2.267810059999999908e+02 1.559530029999999954e+02
2.864129940000000261e+02 1.596750030000000038e+02
2.266900019999999927e+02 1.527579959999999915e+02
2.935249939999999924e+02 2.488419949999999972e+02
2.735339969999999994e+02 1.532420040000000085e+02
2.476569979999999873e+02 2.596770020000000159e+02
2.592659909999999854e+02 2.504530029999999954e+02
2.507369999999999948e+02 2.489850010000000111e+02
2.063630070000000103e+02 1.704720000000000084e+02
3.001409909999999854e+02 1.544739989999999921e+02
2.648980099999999993e+02 2.687449950000000172e+02
1.946060029999999870e+02 2.605169980000000010e+02
2.121000060000000076e+02 2.586849980000000073e+02
2.024850010000000111e+02 1.833220059999999876e+02
2.871870119999999815e+02 1.949750060000000076e+02
2.348639980000000094e+02 2.445919949999999972e+02
2.323939970000000130e+02 1.510749969999999962e+02
2.330919949999999972e+02 1.524570009999999911e+02
3.405440060000000244e+02 2.596960139999999910e+02
2.293750000000000000e+02 2.632940060000000244e+02
3.352730099999999993e+02 2.568599849999999947e+02
2.858110050000000228e+02 2.503939970000000130e+02
2.088189999999999884e+02 1.697779999999999916e+02
2.616789860000000090e+02 1.494720000000000084e+02
2.589570009999999911e+02 1.696959990000000005e+02
2.357929990000000089e+02 1.693699949999999887e+02
2.716950069999999755e+02 2.464199979999999925e+02
2.772420040000000085e+02 1.828489989999999921e+02
2.361130070000000103e+02 1.491959990000000005e+02
1.917859950000000140e+02 1.735409999999999968e+02
2.155299990000000037e+02 2.509019930000000045e+02
2.953389890000000264e+02 1.614340060000000108e+02
2.802590030000000070e+02 2.603819889999999759e+02
3.462659909999999854e+02 2.683859860000000026e+02
2.700539860000000090e+02 2.678659969999999930e+02
2.953750000000000000e+02 1.494940029999999922e+02
3.215459900000000175e+02 1.697169949999999972e+02
1.953459929999999929e+02 1.603639980000000094e+02
3.159280089999999745e+02 2.567690119999999752e+02
1.896799929999999961e+02 2.469129939999999976e+02
3.302600100000000225e+02 1.746950070000000039e+02
2.206199949999999887e+02 1.601519930000000045e+02
2.061309970000000078e+02 2.647489929999999845e+02
3.306400150000000053e+02 1.593229980000000126e+02
2.825509950000000003e+02 1.684969940000000008e+02
3.258540039999999749e+02 1.571210020000000043e+02
3.217609860000000026e+02 2.669339899999999943e+02
3.031789860000000090e+02 2.692170100000000161e+02
2.457250060000000076e+02 1.765500030000000038e+02
2.174819950000000119e+02 2.463609920000000102e+02
3.056759950000000003e+02 1.666529999999999916e+02
2.632380069999999819e+02 1.704019930000000045e+02
3.278110050000000228e+02 2.662189940000000092e+02
2.130390010000000132e+02 2.631229860000000258e+02
2.584739989999999921e+02 2.486250000000000000e+02
3.261040039999999749e+02 1.889320069999999987e+02
2.385670010000000048e+02 2.707659909999999854e+02
3.154899899999999775e+02 1.690659939999999892e+02
3.158640139999999974e+02 1.488630070000000103e+02
2.173379970000000014e+02 2.232359920000000102e+02
1.887709959999999967e+02 2.643999939999999924e+02
2.987850040000000149e+02 1.757960050000000081e+02
3.040950010000000248e+02 1.621770019999999874e+02
2.439900049999999965e+02 1.667290040000000033e+02
1.852740019999999959e+02 1.764620060000000024e+02
1.898119959999999935e+02 2.551280059999999992e+02
1.962630000000000052e+02 1.630229950000000088e+02
2.153860019999999906e+02 2.588190000000000168e+02
2.676359860000000026e+02 1.681360019999999906e+02
1.830480039999999917e+02 1.652500000000000000e+02
2.901900019999999927e+02 1.695939940000000092e+02
2.850629880000000185e+02 2.650559999999999832e+02
2.939179990000000089e+02 1.681069950000000119e+02
2.500709990000000005e+02 1.708029940000000124e+02
3.264469910000000255e+02 1.712570039999999949e+02
2.483840030000000070e+02 1.637019960000000083e+02
2.107039949999999919e+02 2.495749969999999962e+02
3.283429869999999937e+02 1.698899989999999889e+02
3.089500120000000152e+02 1.574380040000000065e+02
2.378549959999999999e+02 2.455050050000000113e+02
3.214960019999999759e+02 2.275560000000000116e+02
2.512720030000000122e+02 1.692120060000000024e+02
3.274819949999999835e+02 2.659460139999999910e+02
1.910030059999999992e+02 1.517599950000000035e+02
3.358550109999999904e+02 2.587969969999999762e+02
2.067100069999999903e+02 1.512180020000000127e+02
2.481970059999999876e+02 2.506710050000000081e+02
3.255409849999999778e+02 2.504980009999999879e+02
3.196629940000000261e+02 1.549869999999999948e+02
2.191690059999999960e+02 1.797059940000000040e+02
1.905339969999999994e+02 1.719279940000000124e+02
3.195669859999999858e+02 1.635310059999999908e+02
2.382760010000000079e+02 1.806430049999999881e+02
3.191250000000000000e+02 1.513359989999999868e+02
1.881119999999999948e+02 2.643200069999999755e+02
2.297129970000000014e+02 2.705549930000000245e+02
3.105830080000000066e+02 1.619929960000000051e+02
2.298159939999999892e+02 2.616470029999999838e+02
2.517149960000000135e+02 1.827890010000000132e+02
1.948320009999999911e+02 2.467319950000000119e+02
2.014859920000000102e+02 2.640849910000000023e+02
2.860069889999999759e+02 1.740359950000000140e+02
3.294920040000000085e+02 1.529450070000000039e+02
2.191490019999999959e+02 2.462019960000000083e+02
3.061080019999999990e+02 2.610109860000000026e+02
3.192370000000000232e+02 2.357039949999999919e+02
1.851289979999999957e+02 1.757339939999999956e+02
2.209609989999999868e+02 2.698389890000000264e+02
1.998269960000000083e+02 2.620190119999999752e+02
2.515260010000000079e+02 1.755789949999999919e+02
2.103489989999999921e+02 1.525119929999999897e+02
2.005229950000000088e+02 1.647369999999999948e+02
2.266970059999999876e+02 2.634830019999999990e+02
2.766929930000000013e+02 2.613240049999999997e+02
3.195020139999999742e+02 2.690620119999999815e+02
2.723900150000000053e+02 1.656929930000000013e+02
2.035840000000000032e+02 2.491929930000000013e+02
3.144259950000000003e+02 1.691250000000000000e+02
2.827009889999999928e+02 1.554850010000000111e+02
3.303410030000000006e+02 1.525639950000000056e+02
2.335359950000000140e+02 2.485299990000000037e+02
3.030729979999999841e+02 1.830149989999999889e+02
2.726459960000000251e+02 2.466190029999999922e+02
3.064700010000000248e+02 1.534049990000000037e+02
2.106450040000000001e+02 1.778150019999999927e+02
1.896779940000000124e+02 1.738829959999999915e+02
2.373569950000000119e+02 1.793619999999999948e+02
2.073390049999999860e+02 1.744920040000000085e+02
3.229899899999999775e+02 1.620509950000000003e+02
2.802449950000000172e+02 1.715619959999999935e+02
1.909609989999999868e+02 1.591519930000000045e+02
1.935059970000000078e+02 2.593070069999999987e+02
2.778940119999999752e+02 1.602259980000000041e+02
1.892230069999999955e+02 2.543699949999999887e+02
2.944540099999999825e+02 1.821730039999999917e+02
3.374639890000000264e+02 1.836490019999999959e+02
2.733080140000000142e+02 2.471719970000000046e+02
2.475859989999999868e+02 1.746109920000000102e+02
2.029920040000000085e+02 2.633970029999999838e+02
1.863379970000000014e+02 1.611049959999999999e+02
2.137649989999999889e+02 2.594159849999999778e+02
3.040480039999999917e+02 2.621359860000000026e+02
2.770820009999999911e+02 2.028869929999999897e+02
1.965939940000000092e+02 2.623609920000000102e+02
3.291099849999999947e+02 2.667590030000000070e+02
2.744079899999999839e+02 1.583049929999999961e+02
2.128739930000000129e+02 2.601749879999999848e+02
2.093950040000000001e+02 1.657500000000000000e+02
2.616489869999999769e+02 2.660260010000000079e+02
1.944299929999999961e+02 1.687039949999999919e+02
2.873689880000000016e+02 2.645010070000000155e+02
2.114409939999999892e+02 1.572059940000000040e+02
2.839330140000000142e+02 2.589909969999999930e+02
1.938540040000000033e+02 1.783350069999999903e+02
2.173760069999999871e+02 2.136450040000000001e+02
1.900279999999999916e+02 1.786300050000000113e+02
1.998869929999999897e+02 1.718869929999999897e+02
2.200310059999999908e+02 1.541260069999999871e+02
2.529299929999999961e+02 1.542839969999999994e+02
2.529949949999999887e+02 1.759329989999999952e+02
2.342039949999999919e+02 1.553679960000000051e+02
3.266600040000000149e+02 1.492640079999999898e+02
2.308560029999999870e+02 1.618229980000000126e+02
1.883930049999999881e+02 2.468060000000000116e+02
2.685509950000000003e+02 2.695969850000000179e+02
2.712439880000000016e+02 2.450590060000000108e+02
1.884629970000000014e+02 2.492449949999999887e+02
1.952230069999999955e+02 2.593030089999999745e+02
3.291879880000000185e+02 1.519770049999999912e+02
3.080859990000000153e+02 1.832909999999999968e+02
1.892140049999999860e+02 2.655549930000000245e+02
1.977200009999999963e+02 2.599169919999999934e+02
2.331730039999999917e+02 2.564870000000000232e+02
3.283280030000000238e+02 1.613789979999999957e+02
2.423589939999999956e+02 2.705450129999999831e+02
2.726130069999999819e+02 1.629709929999999929e+02
3.092940060000000244e+02 1.756439970000000130e+02
2.695690000000000168e+02 2.642290039999999749e+02
2.696770020000000159e+02 1.635440059999999960e+02
2.773169859999999858e+02 1.509140010000000132e+02
2.179730069999999955e+02 1.702949979999999925e+02
2.643280030000000238e+02 2.251289979999999957e+02
2.150829929999999877e+02 1.617369999999999948e+02
2.833879999999999768e+02 1.628340000000000032e+02
1.998650049999999965e+02 2.501719970000000046e+02
1.888880000000000052e+02 1.549470059999999876e+02
2.518959959999999967e+02 2.652130129999999895e+02
3.305390009999999847e+02 1.646320039999999949e+02
3.348649899999999775e+02 2.502200009999999963e+02
2.008880000000000052e+02 1.686300050000000113e+02
1.987239989999999921e+02 2.606549989999999752e+02
2.827449950000000172e+02 2.466280059999999992e+02
2.997149959999999851e+02 2.654440000000000168e+02
1.998670040000000085e+02 1.751569979999999873e+02
2.164170070000000123e+02 1.864479980000000126e+02
2.176589969999999994e+02 1.940059970000000078e+02
2.010070039999999949e+02 1.652960050000000081e+02
3.249450069999999755e+02 2.635339969999999994e+02
3.180660100000000057e+02 1.802079929999999877e+02
1.997220000000000084e+02 1.496069950000000119e+02
3.407269900000000007e+02 2.591470029999999838e+02
2.667560119999999984e+02 2.653859860000000026e+02
2.958359990000000153e+02 1.616860049999999944e+02
3.011069949999999835e+02 1.579420010000000048e+02
2.354779969999999878e+02 2.529830019999999990e+02
2.089360049999999944e+02 2.637749939999999924e+02
2.991579899999999839e+02 1.623119959999999935e+02
2.605790099999999825e+02 2.320639950000000056e+02
3.093879999999999768e+02 2.543249969999999962e+02
2.170989989999999921e+02 2.659939880000000016e+02
2.961979979999999841e+02 1.641820069999999987e+02
2.173439940000000092e+02 1.744669949999999972e+02
2.159799959999999999e+02 1.567879939999999976e+02
1.835590060000000108e+02 1.754620060000000024e+02
2.580539860000000090e+02 2.504799959999999999e+02
3.192439880000000016e+02 1.607969970000000046e+02
2.888429869999999937e+02 2.477680049999999881e+02
3.159320069999999987e+02 1.819669949999999972e+02
3.211849980000000073e+02 1.765480039999999917e+02
2.686499939999999924e+02 2.589270020000000159e+02
3.224469910000000255e+02 2.448300020000000075e+02
2.308750000000000000e+02 2.470449979999999925e+02
2.834870000000000232e+02 1.590390010000000132e+02
1.928090060000000108e+02 1.599730069999999955e+02
2.541190029999999922e+02 1.730140079999999898e+02
2.460659939999999892e+02 1.799960020000000043e+02
3.252810059999999908e+02 2.010870060000000024e+02
2.413860019999999906e+02 2.579549870000000169e+02
3.136979979999999841e+02 1.757729950000000088e+02
2.127079929999999877e+02 2.662330019999999990e+02
2.371750030000000038e+02 1.829530029999999954e+02
1.885449979999999925e+02 2.580679930000000013e+02
2.969700010000000248e+02 2.460260010000000079e+02
2.736379999999999768e+02 1.689660030000000006e+02
1.849519960000000083e+02 1.490899960000000135e+02
1.866060029999999870e+02 2.688059999999999832e+02
2.512299959999999999e+02 1.593840030000000070e+02
2.751879880000000185e+02 1.617319950000000119e+02
3.229590150000000222e+02 2.665820009999999911e+02
1.852239989999999921e+02 1.704010010000000079e+02
2.942850040000000149e+02 1.718379970000000014e+02
2.674500120000000152e+02 2.613150019999999927e+02
2.769899899999999775e+02 1.591349950000000035e+02
2.644370119999999815e+02 2.439770049999999912e+02
2.946730039999999917e+02 2.120720059999999876e+02
2.552649989999999889e+02 2.582699890000000096e+02
2.585230099999999993e+02 2.687929990000000089e+02
2.775780030000000238e+02 1.838289949999999919e+02
2.729540099999999825e+02 2.217400049999999965e+02
2.709500120000000152e+02 2.532689970000000130e+02
2.117310029999999870e+02 1.717619929999999897e+02
2.719870000000000232e+02 2.436609950000000140e+02
2.695050049999999828e+02 2.515449979999999925e+02
2.949890139999999974e+02 1.621629939999999976e+02
1.916679990000000089e+02 1.545689999999999884e+02
2.050879970000000014e+02 1.514349980000000073e+02
2.982929990000000089e+02 2.631770020000000159e+02
3.481040039999999749e+02 2.686929930000000013e+02
2.118719940000000008e+02 1.941450040000000001e+02
2.204040070000000071e+02 1.569660030000000006e+02
2.415720059999999876e+02 2.525079959999999915e+02
2.164969940000000008e+02 2.447969970000000046e+02
2.215149989999999889e+02 2.499129939999999976e+02
2.167819979999999873e+02 2.563930050000000165e+02
2.356759950000000003e+02 2.626099849999999947e+02
2.724270020000000159e+02 1.668289949999999919e+02
2.867909849999999778e+02 2.526170040000000085e+02
2.514320069999999987e+02 1.545870060000000024e+02
2.888070069999999987e+02 2.450809940000000040e+02
2.348780059999999992e+02 1.818780059999999992e+02
