1.395700070000000039e+02 4.013810119999999984e+02
3.910499999999999687e+01 3.812659909999999854e+02
6.361399800000000226e+01 4.068659969999999930e+02
1.297480009999999879e+02 4.151730039999999917e+02
1.703569950000000119e+02 3.713009950000000003e+02
1.261470029999999980e+02 4.264779970000000162e+02
7.561499799999999993e+01 4.615790099999999825e+02
1.389159999999999968e+02 4.194299930000000245e+02
1.629880070000000103e+02 4.212200010000000248e+02
1.135250020000000006e+02 3.992349849999999947e+02
3.591199900000000156e+01 3.703500060000000076e+02
7.490499900000000366e+01 4.102690119999999752e+02
1.132689969999999988e+02 3.972829899999999839e+02
9.516100299999999379e+01 4.162799989999999752e+02
6.805500000000000682e+01 3.937179869999999937e+02
8.838200399999999490e+01 3.913890079999999898e+02
1.538780059999999992e+02 3.722659909999999854e+02
1.381909939999999892e+02 3.695280149999999821e+02
6.383400000000000318e+01 4.073710019999999759e+02
7.063500200000000007e+01 4.093320009999999911e+02
1.377839969999999994e+02 4.026000060000000076e+02
4.093800000000000239e+01 3.935129999999999768e+02
1.128740010000000069e+02 4.181879880000000185e+02
1.376810000000000116e+02 4.276069949999999835e+02
1.548809970000000078e+02 4.216340030000000070e+02
1.679420010000000048e+02 4.092189940000000092e+02
4.413999900000000309e+01 3.807359920000000102e+02
1.024599989999999963e+02 4.194020080000000235e+02
5.157099900000000048e+01 3.869609990000000153e+02
1.508189999999999884e+02 4.301990049999999997e+02
1.088519969999999972e+02 3.904890139999999974e+02
1.510999999999999943e+01 3.644179990000000089e+02
8.790799699999999461e+01 3.819779970000000162e+02
1.895799999999999841e+01 3.714219969999999762e+02
3.797800099999999901e+01 3.773879999999999768e+02
1.707400049999999965e+02 4.665360109999999736e+02
3.221699900000000127e+01 3.837999879999999848e+02
1.257389979999999952e+02 4.184159849999999778e+02
1.184779970000000020e+02 3.898559880000000248e+02
1.183610000000000042e+02 4.235029910000000086e+02
9.466200299999999856e+01 3.937109990000000153e+02
1.331710050000000081e+02 4.006350100000000225e+02
1.263079989999999952e+02 4.307600100000000225e+02
7.183499899999999627e+01 4.684259950000000003e+02
1.629100039999999865e+02 3.805669859999999858e+02
1.389570009999999911e+02 3.887990110000000072e+02
1.576320039999999949e+02 3.848229979999999841e+02
3.241400099999999895e+01 3.713429869999999937e+02
1.184940030000000064e+02 4.043179930000000013e+02
1.513020019999999874e+02 4.121610109999999736e+02
1.114879990000000021e+02 3.939949950000000172e+02
1.309949949999999887e+02 4.089880069999999819e+02
6.159199900000000127e+01 4.023510130000000231e+02
1.324270019999999874e+02 4.175660100000000057e+02
1.692769930000000045e+02 4.715509950000000003e+02
4.688299899999999809e+01 3.679039920000000166e+02
1.249170000000000016e+02 4.166120000000000232e+02
1.532239989999999921e+02 4.306830140000000142e+02
7.586399799999999516e+01 3.701520080000000235e+02
5.837500000000000000e+01 4.019079899999999839e+02
6.676999700000000360e+01 3.662890009999999847e+02
6.455799899999999525e+01 3.771019900000000007e+02
1.046829989999999952e+02 4.520329899999999839e+02
7.042299699999999518e+01 3.758930050000000165e+02
1.506929930000000013e+02 4.184209900000000175e+02
1.160230030000000028e+02 4.010870059999999739e+02
6.383599900000000105e+01 3.958359990000000153e+02
1.714199999999999946e+01 3.704890139999999974e+02
8.933100100000000054e+01 3.867739869999999769e+02
2.421499999999999986e+01 3.696809999999999832e+02
5.455099899999999735e+01 4.019920040000000085e+02
1.439179990000000089e+02 3.764100040000000149e+02
3.235100200000000115e+01 4.016409909999999854e+02
1.579170070000000123e+02 3.876600040000000149e+02
6.575399799999999573e+01 3.866539920000000166e+02
3.295000100000000032e+01 3.984809880000000248e+02
1.637100069999999903e+02 3.661650089999999977e+02
3.384700000000000131e+01 3.870769960000000083e+02
1.627480009999999879e+02 3.674899899999999775e+02
8.740399899999999889e+01 3.787130129999999895e+02
5.506300000000000239e+01 3.650929869999999937e+02
1.412810059999999908e+02 3.712380069999999819e+02
8.878099799999999675e+01 3.651549989999999752e+02
7.141799899999999468e+01 3.821149899999999775e+02
1.190309979999999968e+02 3.913380129999999895e+02
1.107939989999999995e+02 4.191149899999999775e+02
1.603589939999999956e+02 4.347359920000000102e+02
9.844699900000000525e+01 4.128739929999999845e+02
1.120299990000000037e+02 4.041270139999999742e+02
5.256100099999999742e+01 4.002250060000000076e+02
6.390700100000000106e+01 3.716589969999999994e+02
1.126520000000000010e+02 4.088869930000000181e+02
2.616000000000000014e+01 3.940140079999999898e+02
3.915299999999999869e+01 3.930530089999999745e+02
1.678630070000000103e+02 4.061650089999999977e+02
1.442960050000000081e+02 4.056979979999999841e+02
1.487460020000000043e+02 3.785409849999999778e+02
6.490799699999999461e+01 3.836019900000000007e+02
2.704899999999999949e+01 3.783580019999999990e+02
1.565200040000000001e+02 3.799320069999999987e+02
1.497740019999999959e+02 4.104349980000000073e+02
1.453150019999999927e+02 4.111059880000000248e+02
5.994599900000000048e+01 3.824739989999999921e+02
5.410100200000000115e+01 4.293290099999999825e+02
1.565919949999999972e+02 3.707090150000000222e+02
1.212409969999999930e+02 4.166510010000000079e+02
8.773899799999999516e+01 4.018299870000000169e+02
1.348979950000000088e+02 4.211409909999999854e+02
1.512310029999999870e+02 4.164819949999999835e+02
4.045999900000000338e+01 3.646619870000000105e+02
1.563099980000000073e+02 4.308680110000000241e+02
3.375799899999999809e+01 4.606640009999999847e+02
9.175499700000000303e+01 3.929400019999999927e+02
1.195380020000000059e+02 3.923670040000000085e+02
1.563410030000000006e+02 4.581449890000000096e+02
1.532129970000000014e+02 3.728750000000000000e+02
1.207750020000000006e+02 3.901849980000000073e+02
1.538049929999999961e+02 4.204880069999999819e+02
5.193999900000000025e+01 4.266239929999999845e+02
1.414779969999999878e+02 3.673460079999999834e+02
1.206650010000000037e+02 4.251059880000000248e+02
4.997299999999999898e+01 4.332990110000000072e+02
1.199430009999999953e+02 4.217669980000000010e+02
2.644199899999999914e+01 3.753089899999999943e+02
7.960199699999999723e+01 3.923229979999999841e+02
1.260820010000000053e+02 3.941579899999999839e+02
9.157199900000000525e+01 3.640989989999999921e+02
7.572100100000000111e+01 3.928200069999999755e+02
1.135400010000000037e+02 3.931210019999999759e+02
9.754699700000000462e+01 4.392669980000000010e+02
1.144089969999999994e+02 3.951000060000000076e+02
1.316470030000000122e+02 4.280199890000000096e+02
6.258900100000000322e+01 3.700310059999999908e+02
8.820799999999999841e+01 3.952470089999999914e+02
1.149069980000000015e+02 4.207959900000000175e+02
5.513499800000000306e+01 3.823460079999999834e+02
4.765000200000000063e+01 3.773770139999999742e+02
1.535930020000000127e+02 4.097749939999999924e+02
1.097860029999999938e+02 4.134500120000000152e+02
9.259899900000000628e+01 4.206690060000000244e+02
1.234940030000000064e+02 4.049960019999999759e+02
1.036019969999999972e+02 3.890910030000000006e+02
4.970500200000000035e+01 3.825119930000000181e+02
7.998999799999999993e+01 3.999419859999999858e+02
1.524790040000000033e+02 3.772850040000000149e+02
1.606179960000000051e+02 4.083890079999999898e+02
5.956000099999999975e+01 3.944979860000000258e+02
6.092499899999999968e+01 3.781149899999999775e+02
1.137350009999999969e+02 4.515100100000000225e+02
1.653189999999999884e+02 4.670029910000000086e+02
9.233000199999999325e+01 3.951570130000000063e+02
1.556549990000000037e+02 3.789089969999999994e+02
6.529399899999999946e+01 3.762770080000000235e+02
1.175479969999999952e+02 4.028269960000000083e+02
3.671099900000000105e+01 3.682309880000000248e+02
6.760299700000000200e+01 3.926979979999999841e+02
8.589399699999999882e+01 3.942460019999999759e+02
1.355820009999999911e+02 4.087359920000000102e+02
1.696979980000000126e+02 4.118559880000000248e+02
9.432199900000000525e+01 3.834769900000000007e+02
1.025019989999999979e+02 4.123789980000000241e+02
1.714259950000000003e+02 4.298529970000000162e+02
4.584400200000000325e+01 3.718710019999999759e+02
1.145049970000000030e+02 3.955360109999999736e+02
9.280599999999999739e+01 3.836159969999999930e+02
1.710870060000000024e+02 3.811480099999999993e+02
1.710930020000000127e+02 4.386489869999999769e+02
4.920700099999999821e+01 3.822139890000000264e+02
6.547399900000000628e+01 3.978640139999999974e+02
7.369999699999999621e+01 4.088750000000000000e+02
3.475400199999999984e+01 3.667810059999999908e+02
1.537389980000000094e+02 4.044110109999999736e+02
4.588600199999999774e+01 3.744440000000000168e+02
9.413600200000000484e+01 3.833129880000000185e+02
1.270100020000000001e+02 4.233670040000000085e+02
1.690149989999999889e+02 4.110169980000000010e+02
1.117129970000000014e+02 4.001719969999999762e+02
1.211139979999999952e+02 3.968760070000000155e+02
1.060889970000000062e+02 4.056270139999999742e+02
1.078229979999999983e+02 4.133030089999999745e+02
1.573730009999999879e+02 4.515899959999999851e+02
5.651900100000000293e+01 3.702690119999999752e+02
1.323619999999999948e+02 3.645599980000000073e+02
1.162600020000000001e+02 4.231189880000000016e+02
1.354499969999999962e+02 4.023250120000000152e+02
1.283300020000000075e+02 4.258810119999999984e+02
6.061299900000000207e+01 3.927940060000000244e+02
1.698899989999999889e+02 4.066270139999999742e+02
1.668480069999999955e+02 4.097319949999999835e+02
1.671770019999999874e+02 4.068680110000000241e+02
1.404810029999999870e+02 4.188280030000000238e+02
7.022100100000000111e+01 3.802659909999999854e+02
1.385130000000000052e+02 3.742420040000000085e+02
1.596889950000000056e+02 4.117510070000000155e+02
3.424700200000000194e+01 3.865899959999999851e+02
1.606649930000000097e+02 4.097049870000000169e+02
2.955699900000000113e+01 4.573489989999999921e+02
1.662550050000000113e+02 4.219309999999999832e+02
9.990000000000000213e+00 4.009079899999999839e+02
3.134100000000000108e+01 4.155780030000000238e+02
1.282749939999999924e+02 4.284880069999999819e+02
1.029909969999999930e+02 4.235939940000000092e+02
8.569799799999999834e+01 3.801220089999999914e+02
1.564579929999999877e+02 3.757579959999999915e+02
7.461399799999999516e+01 3.866589969999999994e+02
6.690899699999999939e+01 3.815339969999999994e+02
1.137920000000000016e+02 3.893059999999999832e+02
1.715460050000000081e+02 4.308689880000000016e+02
9.079099999999999682e+01 4.085299989999999752e+02
1.141230010000000021e+02 4.277720029999999838e+02
1.310800020000000075e+02 4.074830019999999990e+02
3.624900099999999981e+01 3.763099980000000073e+02
6.184899899999999917e+01 4.054939880000000016e+02
1.177630000000000052e+02 4.324609990000000153e+02
1.243430019999999985e+02 3.900390009999999847e+02
9.283200100000000532e+01 3.883580019999999990e+02
7.598100300000000118e+01 3.738919980000000010e+02
9.002200299999999800e+01 3.863850100000000225e+02
1.385039979999999957e+02 4.103210139999999910e+02
1.295209959999999967e+02 3.961749879999999848e+02
9.529099999999999682e+01 4.248550109999999904e+02
1.421269990000000121e+02 3.651159969999999930e+02
6.634999799999999937e+01 4.093439940000000092e+02
1.651080019999999990e+02 3.725580140000000142e+02
5.828499999999999659e+01 4.008380129999999895e+02
7.078099799999999675e+01 4.020039980000000241e+02
1.567590030000000070e+02 4.003340150000000222e+02
5.515299999999999869e+01 3.815929869999999937e+02
1.530019990000000121e+02 3.802600100000000225e+02
2.183499899999999982e+01 3.964700010000000248e+02
6.311600099999999713e+01 3.698370059999999739e+02
3.280099899999999735e+01 4.052560119999999984e+02
8.761199999999999477e+01 4.059670100000000161e+02
8.022799700000000200e+01 4.153269960000000083e+02
8.727200299999999800e+01 3.844070130000000063e+02
1.641770019999999874e+02 4.082439880000000016e+02
8.203700299999999856e+01 3.815759889999999928e+02
8.495799999999999841e+01 3.929930110000000241e+02
1.133489990000000063e+02 3.757760010000000079e+02
1.703950040000000001e+02 4.271400150000000053e+02
5.866299800000000175e+01 4.231650089999999977e+02
1.209560010000000005e+02 4.061730039999999917e+02
1.526710050000000081e+02 4.457130129999999895e+02
1.376269990000000121e+02 3.944870000000000232e+02
7.189700299999999800e+01 3.841419980000000010e+02
7.963200399999999490e+01 3.944089969999999994e+02
9.403199800000000153e+01 3.936350100000000225e+02
1.090149990000000031e+02 3.976749879999999848e+02
6.758899700000000621e+01 3.695469969999999762e+02
3.035899900000000073e+01 3.812139890000000264e+02
7.682900200000000268e+01 3.944089969999999994e+02
4.099599800000000016e+01 3.933110050000000228e+02
5.388299899999999809e+01 3.642739869999999769e+02
1.343860019999999906e+02 4.318739929999999845e+02
1.636419980000000010e+02 4.295280149999999821e+02
1.481179960000000051e+02 4.008299870000000169e+02
5.373400099999999924e+01 3.715450129999999831e+02
1.690520019999999874e+02 4.363359990000000153e+02
1.545809940000000040e+02 3.661770020000000159e+02
4.881399900000000258e+01 3.949970089999999914e+02
1.346730039999999917e+02 3.872500000000000000e+02
7.767099799999999732e+01 3.872619930000000181e+02
8.209600100000000111e+01 4.151329959999999915e+02
1.579310000000000116e+02 4.381069949999999835e+02
5.881100099999999742e+01 3.911749879999999848e+02
9.016700000000000159e+01 4.102059939999999756e+02
1.518560029999999870e+02 3.751669919999999934e+02
6.083599900000000105e+01 3.887860109999999736e+02
1.668470000000000084e+02 3.659660030000000006e+02
9.477600099999999372e+01 4.034309999999999832e+02
1.379159999999999968e+02 3.991669919999999934e+02
7.437899799999999573e+01 4.035499879999999848e+02
1.256279980000000052e+02 4.145480039999999917e+02
1.588390049999999860e+02 4.109469910000000255e+02
1.165039979999999957e+02 3.985880129999999895e+02
7.572899599999999509e+01 3.700339969999999994e+02
6.436799600000000510e+01 4.009320069999999987e+02
1.411100010000000111e+02 3.689689940000000092e+02
6.061000099999999691e+01 3.999620059999999739e+02
6.234700000000000131e+01 3.870979919999999765e+02
1.627640079999999898e+02 4.253030089999999745e+02
1.193550029999999964e+02 4.030159909999999854e+02
1.459940029999999922e+02 4.259020080000000235e+02
1.003160019999999975e+02 4.583580019999999990e+02
7.854000100000000373e+01 4.057250060000000076e+02
7.138500200000000007e+01 3.886579899999999839e+02
9.285600300000000118e+01 4.156000060000000076e+02
1.556130070000000103e+02 3.770320130000000063e+02
2.283799899999999994e+01 3.665129999999999768e+02
5.688900000000000290e+01 3.829419859999999858e+02
3.146900000000000119e+01 3.948229979999999841e+02
1.183799970000000030e+02 3.947130129999999895e+02
9.890599799999999675e+01 3.832959900000000175e+02
1.586219940000000008e+02 4.349909969999999930e+02
1.664579929999999877e+02 3.806090090000000146e+02
4.692200100000000162e+01 3.982430110000000241e+02
1.265400010000000037e+02 4.068460079999999834e+02
1.553699949999999887e+02 4.131099849999999947e+02
1.248069990000000047e+02 4.418240049999999997e+02
9.706500200000000689e+01 4.422300109999999904e+02
1.275210040000000049e+02 4.043020020000000159e+02
2.827799999999999869e+01 3.699309999999999832e+02
1.703110049999999944e+02 3.728190000000000168e+02
1.509680020000000127e+02 4.333510130000000231e+02
4.922100100000000111e+01 3.766440119999999752e+02
1.091549990000000037e+02 3.921740110000000072e+02
8.691500100000000373e+01 3.959750060000000076e+02
1.569369959999999935e+02 3.972869870000000105e+02
8.254900399999999649e+01 3.964649959999999851e+02
7.869100199999999745e+01 3.823469850000000179e+02
1.301170040000000085e+02 3.971789860000000090e+02
8.210399599999999509e+01 4.088949890000000096e+02
4.835399999999999920e+01 3.832030030000000238e+02
1.709340060000000108e+02 4.048869930000000181e+02
2.961199999999999832e+01 4.446789860000000090e+02
9.219200100000000475e+01 4.142770080000000235e+02
8.043199900000000468e+01 4.152890009999999847e+02
1.553580019999999990e+02 3.779289860000000090e+02
3.950699999999999790e+01 3.933779910000000086e+02
3.597100100000000111e+01 4.100480039999999917e+02
3.748400099999999924e+01 3.664570009999999911e+02
1.488950040000000001e+02 4.122969969999999762e+02
1.501770019999999874e+02 3.962040099999999825e+02
1.355709990000000005e+02 4.199010010000000079e+02
1.352230069999999955e+02 4.095950010000000248e+02
1.621219940000000008e+02 3.827980039999999917e+02
3.121499999999999986e+01 4.118970029999999838e+02
1.086149979999999999e+02 3.892330019999999990e+02
1.060409999999999968e+02 4.177260130000000231e+02
2.799500099999999847e+01 3.773120119999999815e+02
9.978199800000000153e+01 3.953630069999999819e+02
1.527510069999999871e+02 4.276489869999999769e+02
1.008119959999999935e+02 4.459049989999999752e+02
3.945600100000000054e+01 3.792399899999999775e+02
2.918400000000000105e+01 3.653940119999999752e+02
9.128199800000000153e+01 3.810580140000000142e+02
3.147699899999999928e+01 4.393359990000000153e+02
1.116009980000000041e+02 4.173569949999999835e+02
6.811000099999999691e+01 3.774719850000000179e+02
2.403000099999999861e+01 3.804979860000000258e+02
2.125000000000000000e+01 3.951319889999999759e+02
1.515980069999999955e+02 4.310989989999999921e+02
1.326329959999999915e+02 3.975079959999999915e+02
1.620090030000000070e+02 3.655780030000000238e+02
1.131610029999999938e+02 4.649190060000000244e+02
9.768199900000000468e+01 3.748970029999999838e+02
4.804399899999999946e+01 4.001040039999999749e+02
1.966700000000000159e+01 3.755100100000000225e+02
5.231600199999999745e+01 3.981409909999999854e+02
1.398070069999999987e+02 3.679590150000000222e+02
3.176899900000000088e+01 4.538250120000000152e+02
1.043730010000000021e+02 3.883129880000000185e+02
1.570209959999999967e+02 4.018529970000000162e+02
1.112689969999999988e+02 3.974280089999999745e+02
1.404900049999999965e+02 4.199320069999999987e+02
1.173870009999999979e+02 3.890020139999999742e+02
9.724700199999999484e+01 4.160100100000000225e+02
1.334299929999999961e+02 4.026279910000000086e+02
9.136599699999999302e+01 3.813869930000000181e+02
5.105699899999999758e+01 4.247600100000000225e+02
1.195599999999999952e+01 3.641159969999999930e+02
7.836599699999999302e+01 3.781180110000000241e+02
9.573400100000000634e+01 4.115920100000000161e+02
3.517100099999999685e+01 3.844920040000000085e+02
1.318930049999999881e+02 3.956010130000000231e+02
8.319899700000000564e+01 3.981719969999999762e+02
1.090469970000000046e+02 4.142929990000000089e+02
2.905800100000000086e+01 3.800880129999999895e+02
2.882799899999999838e+01 3.720320130000000063e+02
5.318699999999999761e+01 4.333089899999999943e+02
3.971500000000000341e+01 3.689509889999999928e+02
6.492500300000000379e+01 3.963429869999999937e+02
1.383130040000000065e+02 3.971530149999999821e+02
1.206520000000000010e+02 3.935610050000000228e+02
1.357500000000000000e+02 4.151300049999999828e+02
6.045399900000000315e+01 3.894100040000000149e+02
1.121119999999999948e+02 4.197160030000000006e+02
1.694089969999999994e+02 4.136700129999999831e+02
1.015579989999999952e+02 3.885360109999999736e+02
8.325199899999999786e+01 3.797139890000000264e+02
7.764499700000000360e+01 3.812080080000000066e+02
1.480449979999999925e+02 3.692189940000000092e+02
9.830200200000000166e+01 3.832500000000000000e+02
1.519439999999999884e+02 4.028980099999999993e+02
1.658829959999999915e+02 3.751740110000000072e+02
7.433000199999999325e+01 3.865759889999999928e+02
1.287830050000000028e+02 4.200190119999999752e+02
1.237340010000000063e+02 4.124280089999999745e+02
5.342599899999999735e+01 3.909230039999999917e+02
9.651699800000000096e+01 3.645270080000000235e+02
3.273199799999999726e+01 3.928359990000000153e+02
6.574500299999999697e+01 3.650209960000000251e+02
1.493820039999999949e+02 3.980159909999999854e+02
3.546699900000000127e+01 3.678169859999999858e+02
4.380499999999999972e+01 3.927030030000000238e+02
1.244550019999999932e+02 4.159320069999999987e+02
1.038960040000000049e+02 3.871749879999999848e+02
1.186399990000000031e+02 3.978620000000000232e+02
1.718280029999999954e+02 4.242510070000000155e+02
1.705260010000000079e+02 4.378500060000000076e+02
1.186449970000000036e+02 4.249259950000000003e+02
1.605499999999999972e+01 3.641379999999999768e+02
1.105569990000000047e+02 4.177520139999999742e+02
5.242300000000000182e+01 3.741530149999999821e+02
4.592100099999999685e+01 3.787049870000000169e+02
3.220600100000000054e+01 4.123389890000000264e+02
6.408000199999999325e+01 4.000929869999999937e+02
3.269100199999999745e+01 3.908129880000000185e+02
1.494850010000000111e+02 4.174670100000000161e+02
1.085070039999999949e+02 3.932609860000000026e+02
1.424179990000000089e+02 4.091700129999999831e+02
9.679900399999999649e+01 3.716340030000000070e+02
1.106559979999999968e+02 3.992390139999999974e+02
1.566280059999999992e+02 3.832200010000000248e+02
1.435160060000000044e+02 4.277359920000000102e+02
1.534519960000000083e+02 4.068890079999999898e+02
1.463589939999999956e+02 3.714570009999999911e+02
1.638439940000000092e+02 4.095809939999999756e+02
9.577200299999999800e+01 4.019500120000000152e+02
1.571499939999999924e+02 4.008039860000000090e+02
9.940599799999999675e+01 4.222879940000000261e+02
1.508099980000000073e+02 4.276749879999999848e+02
5.338299899999999809e+01 4.013959960000000251e+02
5.844100199999999745e+01 3.897370000000000232e+02
1.719190059999999960e+02 4.367189940000000092e+02
9.779299899999999468e+01 3.964169919999999934e+02
1.478130040000000065e+02 3.691849980000000073e+02
1.042890009999999990e+02 3.924370119999999815e+02
3.635200100000000134e+01 3.776459960000000251e+02
1.077580030000000022e+02 4.106120000000000232e+02
1.346589969999999994e+02 3.998800049999999828e+02
8.997899599999999509e+01 4.000589899999999943e+02
6.177899899999999889e+01 4.633070069999999987e+02
2.936300100000000057e+01 3.869970089999999914e+02
8.923999799999999993e+01 4.071489869999999769e+02
1.673170010000000048e+02 3.810610050000000228e+02
1.562859950000000140e+02 4.062529910000000086e+02
5.311299900000000207e+01 3.736300049999999828e+02
1.572680049999999881e+02 4.324549870000000169e+02
1.677499999999999858e+01 3.727399899999999775e+02
1.650619959999999935e+02 4.269479979999999841e+02
1.669199979999999925e+02 3.770000000000000000e+02
2.410000000000000142e+00 3.775740049999999997e+02
1.445859989999999868e+02 4.304909969999999930e+02
1.522259980000000041e+02 4.128550109999999904e+02
1.150199970000000036e+02 3.996900019999999927e+02
8.882499699999999621e+01 3.940180050000000165e+02
7.841200299999999856e+01 4.024649959999999851e+02
9.978500400000000070e+01 3.899719850000000179e+02
7.255200200000000166e+01 3.770979919999999765e+02
3.261399800000000226e+01 4.510230099999999993e+02
1.421289979999999957e+02 4.199890139999999974e+02
1.397819979999999873e+02 4.151149899999999775e+02
6.320999999999999730e+00 3.858850100000000225e+02
1.386820069999999987e+02 3.736229860000000258e+02
9.784200300000000539e+01 4.181570130000000063e+02
7.576799800000000573e+01 3.866659849999999778e+02
1.617090000000000032e+02 4.354750060000000076e+02
9.795200300000000482e+01 4.253469850000000179e+02
6.934400200000000325e+01 4.038340150000000222e+02
6.237699899999999786e+01 4.013729860000000258e+02
1.680590060000000108e+02 3.663039860000000090e+02
1.561060029999999870e+02 4.342869870000000105e+02
1.282380070000000103e+02 4.290409849999999778e+02
7.201499900000000309e+01 3.842730099999999993e+02
9.297599800000000414e+01 4.052239989999999921e+02
1.132289959999999951e+02 3.885459900000000175e+02
9.578900099999999895e+01 4.140429990000000089e+02
6.775599699999999359e+01 3.909249879999999848e+02
9.655699900000000468e+01 4.217109990000000153e+02
1.366649930000000097e+02 3.721960139999999910e+02
3.249399900000000230e+01 4.281510010000000079e+02
1.229700009999999963e+02 4.059779970000000162e+02
1.354739989999999921e+02 4.196900019999999927e+02
1.184789959999999951e+02 4.170950010000000248e+02
1.294660030000000006e+02 4.241300049999999828e+02
4.790599799999999675e+01 3.836679990000000089e+02
3.372800099999999901e+01 3.685440060000000244e+02
9.295300299999999538e+01 4.109320069999999987e+02
6.691500100000000373e+01 3.856520080000000235e+02
1.496320039999999949e+02 4.331069949999999835e+02
1.206340030000000070e+02 3.983450010000000248e+02
1.580420070000000123e+02 4.301149899999999775e+02
4.797899999999999920e+01 3.780660100000000057e+02
1.544190059999999960e+02 4.340450129999999831e+02
2.053000099999999861e+01 3.670069889999999759e+02
1.385709990000000005e+02 3.714070130000000063e+02
8.028299699999999461e+01 3.988989869999999769e+02
1.680000000000000000e+02 3.646849980000000073e+02
1.342420040000000085e+02 4.197929990000000089e+02
8.334799999999999898e+01 4.050790099999999825e+02
1.612030029999999954e+02 4.151080019999999990e+02
7.322499799999999937e+01 4.673909909999999854e+02
5.281900000000000261e+01 4.036879880000000185e+02
1.434669949999999972e+02 4.257340090000000146e+02
7.685700199999999427e+01 4.206459960000000251e+02
3.170999899999999982e+01 4.527820130000000063e+02
8.314900199999999586e+01 4.133250120000000152e+02
1.045550000000000068e+02 4.180929869999999937e+02
1.653750000000000000e+02 4.000690000000000168e+02
1.124399999999999977e+01 3.647629999999999768e+02
3.698799900000000207e+01 3.888590090000000146e+02
1.179980010000000021e+02 4.000350040000000149e+02
1.823399900000000073e+01 3.864259950000000003e+02
7.597199999999999420e+01 3.728349910000000023e+02
5.133499900000000338e+01 3.668479919999999765e+02
8.084300199999999847e+01 3.769570009999999911e+02
9.548799900000000207e+01 4.488200069999999755e+02
6.644100199999999745e+01 4.634710079999999834e+02
1.511719970000000046e+02 4.170740049999999997e+02
1.290850069999999903e+02 4.261640009999999847e+02
1.241149979999999999e+02 4.152619930000000181e+02
1.516929930000000013e+02 3.790979919999999765e+02
1.181799999999999962e+01 4.297059939999999756e+02
8.126599899999999366e+01 3.815549930000000245e+02
1.345279999999999916e+02 3.637909849999999778e+02
1.710299990000000037e+02 4.032420040000000085e+02
1.504170070000000123e+02 4.345079959999999915e+02
1.182070010000000053e+02 4.699259950000000003e+02
1.574969940000000008e+02 3.716579899999999839e+02
8.128399699999999939e+01 3.830159909999999854e+02
1.539770049999999912e+02 4.265419919999999934e+02
6.520099600000000351e+01 4.004150089999999977e+02
1.539989930000000129e+02 3.725350040000000149e+02
5.335699799999999726e+01 3.851510010000000079e+02
1.117580030000000022e+02 4.076029970000000162e+02
8.495300299999999538e+01 3.915400089999999977e+02
1.645130000000000052e+02 4.376910100000000057e+02
1.473659969999999930e+02 3.791140139999999974e+02
1.343860019999999906e+02 3.669779970000000162e+02
5.286899900000000230e+01 3.894670100000000161e+02
5.576800200000000274e+01 4.242789920000000166e+02
