2.289700009999999963e+02 2.819920040000000085e+02
3.418049930000000245e+02 3.617550049999999828e+02
1.892140049999999860e+02 3.227300109999999904e+02
3.452260130000000231e+02 3.063919980000000010e+02
1.885079959999999915e+02 2.820939940000000092e+02
3.205440060000000244e+02 3.340190119999999752e+02
2.861770020000000159e+02 3.422439880000000016e+02
2.167310029999999870e+02 2.844030149999999821e+02
2.171000060000000076e+02 3.532449950000000172e+02
2.389439999999999884e+02 3.365700069999999755e+02
2.529400019999999927e+02 3.426340030000000070e+02
3.315369870000000105e+02 2.772789920000000166e+02
3.456610109999999736e+02 3.331210019999999759e+02
3.143089899999999943e+02 3.224289860000000090e+02
2.421649930000000097e+02 2.743439940000000092e+02
1.856679990000000089e+02 3.356040039999999749e+02
3.349930110000000241e+02 3.395660100000000057e+02
2.571600040000000149e+02 2.810570069999999987e+02
3.246400150000000053e+02 3.160039980000000241e+02
3.093829959999999915e+02 3.524450069999999755e+02
3.159479979999999841e+02 3.558930050000000165e+02
3.463099980000000073e+02 3.450150150000000053e+02
3.307650150000000053e+02 3.636459960000000251e+02
3.371310119999999984e+02 3.620589899999999943e+02
3.111520080000000235e+02 3.441799930000000245e+02
2.714660030000000006e+02 2.800440060000000244e+02
1.850679930000000013e+02 2.709679869999999937e+02
3.158529970000000162e+02 2.726470029999999838e+02
2.684020080000000235e+02 3.268840030000000070e+02
2.746499939999999924e+02 3.051950069999999755e+02
3.025520020000000159e+02 2.838630069999999819e+02
3.105109860000000026e+02 3.452810059999999908e+02
3.370360109999999736e+02 3.563500060000000076e+02
1.938750000000000000e+02 3.423819889999999759e+02
3.046120000000000232e+02 3.575270080000000235e+02
3.165220029999999838e+02 3.569100040000000149e+02
1.797830050000000028e+02 3.154200129999999831e+02
1.766289979999999957e+02 3.500020139999999742e+02
2.729580080000000066e+02 3.587390139999999974e+02
3.399200129999999831e+02 3.200620119999999815e+02
2.953989869999999769e+02 2.817399899999999775e+02
2.488130040000000065e+02 2.790350040000000149e+02
3.367189940000000092e+02 3.352370000000000232e+02
3.430339969999999994e+02 3.536080019999999990e+02
3.402279970000000162e+02 3.429289860000000090e+02
2.417299959999999999e+02 2.822810059999999908e+02
1.944519960000000083e+02 3.631229860000000258e+02
3.317380069999999819e+02 2.726279910000000086e+02
1.763229980000000126e+02 3.202210079999999834e+02
2.275350039999999865e+02 3.636050109999999904e+02
2.237100069999999903e+02 2.762319949999999835e+02
3.183800049999999828e+02 3.163900150000000053e+02
3.019209900000000175e+02 2.710809939999999756e+02
3.063479919999999765e+02 3.284880069999999819e+02
3.139299930000000245e+02 2.830780030000000238e+02
3.430069889999999759e+02 3.462929990000000089e+02
2.095520019999999874e+02 3.422009889999999928e+02
3.211809999999999832e+02 3.310629880000000185e+02
1.938350069999999903e+02 2.739649959999999851e+02
3.086539920000000166e+02 3.463550109999999904e+02
2.285290070000000071e+02 2.801379999999999768e+02
2.748110050000000228e+02 2.708510130000000231e+02
1.948040009999999995e+02 3.251300049999999828e+02
3.338680110000000241e+02 3.129280089999999745e+02
3.338340150000000222e+02 3.190830080000000066e+02
2.090189970000000130e+02 3.440239869999999769e+02
2.704200129999999831e+02 3.256799930000000245e+02
3.155599980000000073e+02 3.133550109999999904e+02
3.017909849999999778e+02 3.453869930000000181e+02
2.936780089999999745e+02 2.732850040000000149e+02
3.091189880000000016e+02 3.219859920000000102e+02
3.454230039999999917e+02 3.396830140000000142e+02
3.184110109999999736e+02 3.452019960000000083e+02
3.020419919999999934e+02 2.743510130000000231e+02
3.131379999999999768e+02 3.040090030000000070e+02
2.175970000000000084e+02 3.067619930000000181e+02
2.944779970000000162e+02 2.746510010000000079e+02
2.539909969999999930e+02 3.429750060000000076e+02
1.875930020000000127e+02 3.329750060000000076e+02
1.798370060000000024e+02 2.840520020000000159e+02
3.458510130000000231e+02 2.883909909999999854e+02
2.698299870000000169e+02 3.438450010000000248e+02
3.303540039999999749e+02 3.585480039999999917e+02
3.423169859999999858e+02 3.197290039999999749e+02
1.752380070000000103e+02 3.518630069999999819e+02
3.481140139999999974e+02 2.753529970000000162e+02
1.911029969999999878e+02 2.816350100000000225e+02
1.835529940000000124e+02 3.405790099999999825e+02
1.941540070000000071e+02 2.837460019999999759e+02
3.247059939999999756e+02 3.227090150000000222e+02
1.987079929999999877e+02 2.808760070000000155e+02
3.306969910000000255e+02 3.511659849999999778e+02
3.140910030000000006e+02 3.338080140000000142e+02
3.223429869999999937e+02 3.526310119999999984e+02
2.334250030000000038e+02 3.428469850000000179e+02
3.149750060000000076e+02 3.283469850000000179e+02
3.236359860000000026e+02 3.439280089999999745e+02
2.302830050000000028e+02 3.442470089999999914e+02
3.402349849999999947e+02 3.199100040000000149e+02
1.719700009999999963e+02 3.582479860000000258e+02
1.866629939999999976e+02 2.803989869999999769e+02
1.915200040000000001e+02 3.349769900000000007e+02
1.804880070000000103e+02 3.286180110000000241e+02
3.177500000000000000e+02 2.766329959999999915e+02
3.284469910000000255e+02 3.192950129999999831e+02
2.052090000000000032e+02 2.831210019999999759e+02
3.037680050000000165e+02 3.374599910000000023e+02
2.228159939999999892e+02 2.742149959999999851e+02
2.719349980000000073e+02 2.993080140000000142e+02
1.904310000000000116e+02 2.779890139999999974e+02
1.942539979999999957e+02 3.549819949999999835e+02
2.737569889999999759e+02 2.709030149999999821e+02
3.228479919999999765e+02 3.003970029999999838e+02
3.231669919999999934e+02 3.285440060000000244e+02
2.618510130000000231e+02 2.780790099999999825e+02
3.351470029999999838e+02 3.148909909999999854e+02
1.765299990000000037e+02 3.435469969999999762e+02
1.876470030000000122e+02 2.830669859999999858e+02
1.807449949999999887e+02 3.026069949999999835e+02
2.729330140000000142e+02 2.786789860000000090e+02
1.860840000000000032e+02 3.208529970000000162e+02
3.378229979999999841e+02 3.239389949999999772e+02
3.090690000000000168e+02 3.534219969999999762e+02
3.311010130000000231e+02 3.080280149999999821e+02
3.320379940000000261e+02 3.295669859999999858e+02
3.451220089999999914e+02 2.819280089999999745e+02
3.090539860000000090e+02 2.715960079999999834e+02
1.911810000000000116e+02 3.499590150000000222e+02
2.925129999999999768e+02 2.763859860000000026e+02
3.219419859999999858e+02 2.722359920000000102e+02
3.471050109999999904e+02 3.637609860000000026e+02
3.357770080000000235e+02 3.266210019999999759e+02
3.451969910000000255e+02 3.510299989999999752e+02
3.085109860000000026e+02 3.467489929999999845e+02
2.311770019999999874e+02 2.746189880000000016e+02
3.172560119999999984e+02 3.094649959999999851e+02
3.269630129999999895e+02 3.269039920000000166e+02
3.415299989999999752e+02 3.212950129999999831e+02
2.385429990000000089e+02 2.791329959999999915e+02
3.197959900000000175e+02 2.741579899999999839e+02
3.427709960000000251e+02 2.826109920000000102e+02
3.137869870000000105e+02 3.358290099999999825e+02
3.192940060000000244e+02 3.295450129999999831e+02
2.960710139999999910e+02 2.717319949999999835e+02
3.320759889999999928e+02 2.759809880000000248e+02
3.248659969999999930e+02 3.506700129999999831e+02
3.426229860000000258e+02 3.257990110000000072e+02
3.419179990000000089e+02 3.395169980000000010e+02
2.213289949999999919e+02 2.755580140000000142e+02
2.999519960000000083e+02 2.730150150000000053e+02
3.395679930000000013e+02 3.464049989999999752e+02
1.755679930000000013e+02 3.539320069999999987e+02
3.001189880000000016e+02 3.451109920000000102e+02
1.786739959999999883e+02 2.841000060000000076e+02
2.867879940000000261e+02 2.789200129999999831e+02
3.289320069999999987e+02 3.556019900000000007e+02
2.284409939999999892e+02 3.445499879999999848e+02
2.168829959999999915e+02 3.179299930000000245e+02
3.093710019999999759e+02 3.487780149999999821e+02
2.289900049999999965e+02 2.736379999999999768e+02
1.727619929999999897e+02 3.245759889999999928e+02
3.139769900000000007e+02 2.728139949999999772e+02
1.923329929999999877e+02 3.444890139999999974e+02
3.350119930000000181e+02 3.345780030000000238e+02
3.458120119999999815e+02 2.726419980000000010e+02
2.719119870000000105e+02 3.213309939999999756e+02
2.471139980000000094e+02 3.300400089999999977e+02
3.214769900000000007e+02 3.339089969999999994e+02
1.918910060000000044e+02 3.438970029999999838e+02
1.792019960000000083e+02 3.460539860000000090e+02
2.234029999999999916e+02 2.814119870000000105e+02
2.712780149999999821e+02 3.321199950000000172e+02
3.375230099999999993e+02 3.450899959999999851e+02
3.117950129999999831e+02 3.336430050000000165e+02
3.037699890000000096e+02 3.233789980000000241e+02
3.196879880000000185e+02 3.602799989999999752e+02
3.473779910000000086e+02 2.726719969999999762e+02
3.230840150000000222e+02 3.474110109999999736e+02
2.621669919999999934e+02 2.828909909999999854e+02
3.452629999999999768e+02 3.424530030000000238e+02
3.090530089999999745e+02 2.741879880000000185e+02
3.385249939999999924e+02 3.289570009999999911e+02
2.711180110000000241e+02 3.594219969999999762e+02
2.779429930000000013e+02 3.067380069999999819e+02
3.458900150000000053e+02 2.815899959999999851e+02
1.971929930000000013e+02 3.496390079999999898e+02
1.856600039999999865e+02 2.774249879999999848e+02
2.081649930000000097e+02 3.447399899999999775e+02
3.401220089999999914e+02 3.511879880000000185e+02
1.844850010000000111e+02 3.392109990000000153e+02
3.364920040000000085e+02 3.314500120000000152e+02
3.250069889999999759e+02 3.352969969999999762e+02
2.982890009999999847e+02 2.756690060000000244e+02
1.780720059999999876e+02 3.572009889999999928e+02
1.846080019999999990e+02 3.490409849999999778e+02
1.742920070000000123e+02 3.605060119999999984e+02
3.424599910000000023e+02 3.421929930000000013e+02
3.211679990000000089e+02 2.861459960000000251e+02
2.082769930000000045e+02 2.725669859999999858e+02
2.281560059999999908e+02 2.797489929999999845e+02
1.848029940000000124e+02 2.751419980000000010e+02
3.451359860000000026e+02 3.610230099999999993e+02
2.081880040000000065e+02 3.425690000000000168e+02
3.022019960000000083e+02 2.991419980000000010e+02
3.307420040000000085e+02 3.128399959999999851e+02
3.456740110000000072e+02 3.403089899999999943e+02
3.181860050000000228e+02 3.445469969999999762e+02
3.274490049999999997e+02 3.485599980000000073e+02
1.927389980000000094e+02 3.380159909999999854e+02
2.111679990000000089e+02 2.791570130000000063e+02
2.057270049999999912e+02 2.715499879999999848e+02
1.886190029999999922e+02 2.753649899999999775e+02
3.451929930000000013e+02 3.269570009999999911e+02
2.177689970000000130e+02 3.482770080000000235e+02
2.166840060000000108e+02 3.477160030000000006e+02
3.284719850000000179e+02 3.205039980000000241e+02
3.251109920000000102e+02 3.160650019999999927e+02
3.080989989999999921e+02 2.821659849999999778e+02
1.999029999999999916e+02 2.828389890000000264e+02
1.768269960000000083e+02 2.715729979999999841e+02
1.933309940000000040e+02 2.837380069999999819e+02
2.681359860000000026e+02 2.762179869999999937e+02
2.720639949999999772e+02 3.218699950000000172e+02
2.476529999999999916e+02 3.448840030000000070e+02
2.757579959999999915e+02 2.771080019999999990e+02
2.048029940000000124e+02 3.011960139999999910e+02
1.741950070000000039e+02 3.571870119999999815e+02
3.212500000000000000e+02 3.543890079999999898e+02
2.554799959999999999e+02 2.860440060000000244e+02
3.381470029999999838e+02 3.350270080000000235e+02
3.218059999999999832e+02 3.116730039999999917e+02
3.436090090000000146e+02 3.354230039999999917e+02
2.309969940000000008e+02 2.751400150000000053e+02
2.710650019999999927e+02 2.871220089999999914e+02
3.396820069999999987e+02 2.968250120000000152e+02
3.038810119999999984e+02 2.847470089999999914e+02
2.947829899999999839e+02 2.777170100000000161e+02
3.479920040000000085e+02 2.904309999999999832e+02
2.397669980000000010e+02 2.813129880000000185e+02
3.273179930000000013e+02 3.536919859999999858e+02
3.336120000000000232e+02 2.912229919999999765e+02
2.004680020000000127e+02 3.356440119999999752e+02
2.821499939999999924e+02 3.431310119999999984e+02
1.885079959999999915e+02 3.299679869999999937e+02
1.978509980000000041e+02 3.295880129999999895e+02
3.211799930000000245e+02 3.156629940000000261e+02
3.257869870000000105e+02 3.620289920000000166e+02
2.578959960000000251e+02 3.443179930000000013e+02
3.101459960000000251e+02 3.463819889999999759e+02
3.228840030000000070e+02 2.789540099999999825e+02
3.054440000000000168e+02 3.246350100000000225e+02
3.198840030000000070e+02 3.135870059999999739e+02
1.854019930000000045e+02 2.785350040000000149e+02
3.260039980000000241e+02 3.372829899999999839e+02
1.831130070000000103e+02 3.291229860000000258e+02
2.374010010000000079e+02 2.761459960000000251e+02
3.442810059999999908e+02 3.593919980000000010e+02
2.875260010000000079e+02 2.716799930000000245e+02
3.060400089999999977e+02 3.442500000000000000e+02
3.184119870000000105e+02 2.827130129999999895e+02
3.197999879999999848e+02 3.435499879999999848e+02
1.842899930000000097e+02 3.336560059999999908e+02
2.921480099999999993e+02 3.026480099999999993e+02
2.075090030000000070e+02 2.781279910000000086e+02
1.733580019999999990e+02 2.812359920000000102e+02
3.286379999999999768e+02 3.500350040000000149e+02
3.194400019999999927e+02 2.879859920000000102e+02
3.346860050000000228e+02 3.485580140000000142e+02
1.825039979999999957e+02 3.499670100000000161e+02
3.284360050000000228e+02 3.168009950000000003e+02
3.416889949999999772e+02 3.051919859999999858e+02
1.842010040000000117e+02 2.719840090000000146e+02
3.429670100000000161e+02 3.147690119999999752e+02
3.458059999999999832e+02 2.836099849999999947e+02
1.768589939999999956e+02 3.168229979999999841e+02
1.738809970000000078e+02 3.113649899999999775e+02
3.204939880000000016e+02 3.406919859999999858e+02
2.082079929999999877e+02 3.419320069999999987e+02
2.392510069999999871e+02 2.776419980000000010e+02
1.886269990000000121e+02 3.404909969999999930e+02
2.047109989999999868e+02 3.002370000000000232e+02
3.323909909999999854e+02 2.899719850000000179e+02
2.178099980000000073e+02 2.716229860000000258e+02
3.263739929999999845e+02 2.763450010000000248e+02
3.386830140000000142e+02 3.453989869999999769e+02
3.239920040000000085e+02 3.388519900000000007e+02
2.386560059999999908e+02 2.753429869999999937e+02
1.914720000000000084e+02 3.470150150000000053e+02
1.812429960000000051e+02 3.389710079999999834e+02
3.278059999999999832e+02 3.205230099999999993e+02
3.078410030000000006e+02 2.734259950000000003e+02
1.932389980000000094e+02 2.769289860000000090e+02
3.436940000000000168e+02 2.731610109999999736e+02
3.024150089999999977e+02 2.771239929999999845e+02
1.850509950000000003e+02 2.716860050000000228e+02
1.720409999999999968e+02 2.861239929999999845e+02
2.399920040000000085e+02 2.775759889999999928e+02
1.882839969999999994e+02 3.228760070000000155e+02
1.915110019999999906e+02 3.466780089999999745e+02
2.257680049999999881e+02 2.795249939999999924e+02
1.838959959999999967e+02 2.749620059999999739e+02
2.232160030000000006e+02 3.449679869999999937e+02
1.791799929999999961e+02 2.796180110000000241e+02
3.008200069999999755e+02 2.749280089999999745e+02
2.432310029999999870e+02 2.775899959999999851e+02
2.283470000000000084e+02 3.446430050000000165e+02
3.345859990000000153e+02 3.295669859999999858e+02
1.836170040000000085e+02 3.525790099999999825e+02
3.328420100000000161e+02 2.730490110000000072e+02
3.452780149999999821e+02 2.780780030000000238e+02
3.422569889999999759e+02 3.050889890000000264e+02
3.054960019999999759e+02 3.258169859999999858e+02
3.225209960000000251e+02 3.001080019999999990e+02
1.793630070000000103e+02 3.435740049999999997e+02
3.238160100000000057e+02 3.295069889999999759e+02
3.177640079999999898e+02 3.590090030000000070e+02
3.306929930000000013e+02 3.368720089999999914e+02
2.238549959999999999e+02 2.820119930000000181e+02
1.883849950000000035e+02 3.212309880000000248e+02
1.838979950000000088e+02 3.451090090000000146e+02
3.129800109999999904e+02 3.495790099999999825e+02
1.719600069999999903e+02 3.146499939999999924e+02
1.867339939999999956e+02 3.402290039999999749e+02
2.633179930000000013e+02 2.726830140000000142e+02
3.120220029999999838e+02 3.481659849999999778e+02
3.116780089999999745e+02 3.406889949999999772e+02
1.719720000000000084e+02 3.498789980000000241e+02
2.755809939999999756e+02 3.514049989999999752e+02
2.710759889999999928e+02 2.865979919999999765e+02
2.438699949999999887e+02 2.710199890000000096e+02
3.311159969999999930e+02 3.477399899999999775e+02
3.047879940000000261e+02 3.432170100000000161e+02
1.886109920000000102e+02 3.589930110000000241e+02
1.836510010000000079e+02 2.805599980000000073e+02
3.310469969999999762e+02 3.431789860000000090e+02
3.482080080000000066e+02 2.812810059999999908e+02
2.316130070000000103e+02 2.738089899999999943e+02
2.134940029999999922e+02 2.753850100000000225e+02
2.547539979999999957e+02 2.826759950000000003e+02
2.212209929999999929e+02 3.440220029999999838e+02
1.950079959999999915e+02 3.223370059999999739e+02
3.456359860000000026e+02 2.717829899999999839e+02
2.175050050000000113e+02 3.424790039999999749e+02
2.881090090000000146e+02 3.341329959999999915e+02
1.784299929999999961e+02 3.442919919999999934e+02
2.084779969999999878e+02 2.803659969999999930e+02
1.724530029999999954e+02 3.089360050000000228e+02
3.277959900000000175e+02 3.377359920000000102e+02
2.173359989999999868e+02 3.153320009999999911e+02
2.014889980000000094e+02 2.761809999999999832e+02
1.994490049999999997e+02 3.470929869999999937e+02
3.024739989999999921e+02 2.779809880000000248e+02
1.842350010000000111e+02 2.793750000000000000e+02
2.211130070000000103e+02 2.727200010000000248e+02
1.957239989999999921e+02 2.830310059999999908e+02
2.348450009999999963e+02 2.836900019999999927e+02
1.777940059999999960e+02 3.628999939999999924e+02
2.599150089999999977e+02 2.804010010000000079e+02
1.832100069999999903e+02 3.301990049999999997e+02
2.783869930000000181e+02 2.746849980000000073e+02
2.316399989999999889e+02 2.729500120000000152e+02
2.727650150000000053e+02 3.403410030000000006e+02
2.236979980000000126e+02 3.445780030000000238e+02
3.214519960000000083e+02 2.915169980000000010e+02
2.820849910000000023e+02 2.779819949999999835e+02
1.814129939999999976e+02 3.198179930000000013e+02
3.227600100000000225e+02 3.070440060000000244e+02
3.209389949999999772e+02 3.507239989999999921e+02
3.469150089999999977e+02 2.725710139999999910e+02
2.282220000000000084e+02 2.738699950000000172e+02
3.261589969999999994e+02 3.341449890000000096e+02
2.060359950000000140e+02 2.757370000000000232e+02
3.421300049999999828e+02 3.071690060000000244e+02
3.339219969999999762e+02 3.346830140000000142e+02
1.947180020000000127e+02 2.836820069999999987e+02
3.478439940000000092e+02 3.106149899999999775e+02
3.301820069999999987e+02 3.319400019999999927e+02
1.721670070000000123e+02 3.118739929999999845e+02
3.147009889999999928e+02 3.314660030000000006e+02
1.785619959999999935e+02 3.212850040000000149e+02
1.727420040000000085e+02 3.047560119999999984e+02
2.679800109999999904e+02 2.779110109999999736e+02
1.941320039999999949e+02 2.789830019999999990e+02
3.160899959999999851e+02 2.722950129999999831e+02
3.310549930000000245e+02 2.867239989999999921e+02
3.310440060000000244e+02 3.475950010000000248e+02
2.770780030000000238e+02 3.443879999999999768e+02
2.176020049999999912e+02 3.365209960000000251e+02
2.592699890000000096e+02 2.733999939999999924e+02
3.477330019999999990e+02 2.821629940000000261e+02
2.711400150000000053e+02 3.458030089999999745e+02
3.459870000000000232e+02 2.855920100000000161e+02
2.174049990000000037e+02 3.570060119999999984e+02
2.002189940000000092e+02 2.807000120000000152e+02
3.329500120000000152e+02 3.554119870000000105e+02
3.221029970000000162e+02 3.458999939999999924e+02
3.097189940000000092e+02 3.430280149999999821e+02
2.001970059999999876e+02 3.363959960000000251e+02
1.780370029999999986e+02 3.436719969999999762e+02
1.938379970000000014e+02 3.413439940000000092e+02
3.133500060000000076e+02 3.183269960000000083e+02
2.932330019999999990e+02 2.735589899999999943e+02
2.989739989999999921e+02 3.512959900000000175e+02
1.850379939999999976e+02 3.593009950000000003e+02
1.871750030000000038e+02 3.156019900000000007e+02
2.462749939999999924e+02 3.299070130000000063e+02
3.199830019999999990e+02 3.491369930000000181e+02
3.235920100000000161e+02 2.717760010000000079e+02
1.943910060000000044e+02 3.633349910000000023e+02
3.454760130000000231e+02 3.261520080000000235e+02
1.910460050000000081e+02 2.766619870000000105e+02
2.271670070000000123e+02 2.773049930000000245e+02
2.008979950000000088e+02 2.803529970000000162e+02
2.044960020000000043e+02 3.248729860000000258e+02
3.075050049999999828e+02 3.436640009999999847e+02
1.851589969999999994e+02 3.473089899999999943e+02
2.979989929999999845e+02 2.745270080000000235e+02
3.297059939999999756e+02 2.847130129999999895e+02
2.336750030000000038e+02 2.747279970000000162e+02
3.000809939999999756e+02 2.793120119999999815e+02
3.195119930000000181e+02 2.806780089999999745e+02
2.946379999999999768e+02 2.786849980000000073e+02
3.164509889999999928e+02 3.382990110000000072e+02
1.819969940000000008e+02 3.122810059999999908e+02
3.047680050000000165e+02 3.502650150000000053e+02
3.040100100000000225e+02 3.275020139999999742e+02
3.125180050000000165e+02 3.198930050000000165e+02
3.335390009999999847e+02 3.118900150000000053e+02
2.577120059999999739e+02 2.751929930000000013e+02
2.184929960000000051e+02 3.611159969999999930e+02
1.747989959999999883e+02 3.498139949999999772e+02
2.055729980000000126e+02 2.821579899999999839e+02
2.799859920000000102e+02 3.434419859999999858e+02
3.434020080000000235e+02 3.390589899999999943e+02
3.224849849999999947e+02 3.341289980000000241e+02
2.274179990000000089e+02 2.723659969999999930e+02
3.073290099999999825e+02 3.407019960000000083e+02
2.168630070000000103e+02 3.269079899999999839e+02
3.268460079999999834e+02 3.585119930000000181e+02
3.407869870000000105e+02 3.360759889999999928e+02
2.462039949999999919e+02 3.420710139999999910e+02
1.750939940000000092e+02 3.219020080000000235e+02
2.560090030000000070e+02 3.319129940000000261e+02
3.210159909999999854e+02 2.735360109999999736e+02
1.842120060000000024e+02 3.402799989999999752e+02
1.788600010000000111e+02 3.246839899999999943e+02
3.292980039999999917e+02 3.070329899999999839e+02
3.017539980000000241e+02 3.505450129999999831e+02
1.880570069999999987e+02 3.238250120000000152e+02
2.818389890000000264e+02 2.807810059999999908e+02
3.387290039999999749e+02 3.632500000000000000e+02
2.599840090000000146e+02 3.462239989999999921e+02
2.178619999999999948e+02 2.980060119999999984e+02
3.409519960000000083e+02 2.734259950000000003e+02
1.970290070000000071e+02 3.427430110000000241e+02
3.360780030000000238e+02 3.508819889999999759e+02
3.160209960000000251e+02 3.548299870000000169e+02
1.772920070000000123e+02 2.780629880000000185e+02
3.063649899999999775e+02 3.546759950000000003e+02
3.121709900000000175e+02 3.459280089999999745e+02
3.482120059999999739e+02 2.809450069999999755e+02
1.952400049999999965e+02 2.814179990000000089e+02
1.805359950000000140e+02 2.836279910000000086e+02
2.718269960000000083e+02 2.925150150000000053e+02
1.936410060000000044e+02 3.262219850000000179e+02
3.102829899999999839e+02 2.859389949999999772e+02
1.841089939999999956e+02 3.558750000000000000e+02
3.406740110000000072e+02 3.410910030000000006e+02
2.971719969999999762e+02 3.348070069999999987e+02
3.386239929999999845e+02 3.061059880000000248e+02
1.865140079999999898e+02 3.529200129999999831e+02
3.346499939999999924e+02 3.148789980000000241e+02
3.099729919999999765e+02 3.463630069999999819e+02
2.771589969999999994e+02 3.435960079999999834e+02
1.739989930000000129e+02 3.111409909999999854e+02
3.449840090000000146e+02 2.750840150000000222e+02
2.843280030000000238e+02 2.908689880000000016e+02
1.963919980000000010e+02 2.780100100000000225e+02
2.842239989999999921e+02 2.709700010000000248e+02
3.228280030000000238e+02 3.565400089999999977e+02
3.271870119999999815e+02 3.050989989999999921e+02
3.444899899999999775e+02 3.383030089999999745e+02
2.072489930000000129e+02 2.824089969999999994e+02
2.976820069999999987e+02 2.770790099999999825e+02
2.738620000000000232e+02 2.813049930000000245e+02
3.199979860000000258e+02 2.788810119999999984e+02
3.450119930000000181e+02 3.388879999999999768e+02
2.683259889999999928e+02 2.798559880000000248e+02
1.746820069999999987e+02 3.303179930000000013e+02
2.950950010000000248e+02 3.423190000000000168e+02
2.597189940000000092e+02 2.789119870000000105e+02
3.385270080000000235e+02 3.629370119999999815e+02
2.399770049999999912e+02 2.740360109999999736e+02
2.716799930000000245e+02 3.466709900000000175e+02
3.388829959999999915e+02 3.580150150000000053e+02
1.825610049999999944e+02 3.380719910000000255e+02
2.009470059999999876e+02 3.398399959999999851e+02
3.099670100000000161e+02 3.618399959999999851e+02
3.314289860000000090e+02 2.877780149999999821e+02
3.077980039999999917e+02 3.392999879999999848e+02
2.517160030000000006e+02 2.740129999999999768e+02
3.377179869999999937e+02 3.056919859999999858e+02
1.840050050000000113e+02 3.423949890000000096e+02
2.512469940000000008e+02 2.730799870000000169e+02
2.844169919999999934e+02 3.432409969999999930e+02
1.979790040000000033e+02 3.377569889999999759e+02
3.309670100000000161e+02 3.384389949999999772e+02
3.165390009999999847e+02 3.536400150000000053e+02
2.048529969999999878e+02 3.431239929999999845e+02
1.829010010000000079e+02 3.517250060000000076e+02
3.399100040000000149e+02 3.365690000000000168e+02
2.163189999999999884e+02 2.891379999999999768e+02
1.782899930000000097e+02 3.081990049999999997e+02
3.372409969999999930e+02 3.559370119999999815e+02
3.097099910000000023e+02 2.761029970000000162e+02
3.183420100000000161e+02 3.405310059999999908e+02
3.149360050000000228e+02 3.249150089999999977e+02
1.751649930000000097e+02 2.729630129999999895e+02
3.429939880000000016e+02 3.106700129999999831e+02
1.880310059999999908e+02 3.300140079999999898e+02
3.156650089999999977e+02 3.231919859999999858e+02
2.763280030000000238e+02 2.740100100000000225e+02
3.286820069999999987e+02 2.720799870000000169e+02
1.871519930000000045e+02 3.312290039999999749e+02
2.356029969999999878e+02 2.774809880000000248e+02
1.855749969999999962e+02 2.740450129999999831e+02
2.261889950000000056e+02 3.627420040000000085e+02
3.026709900000000175e+02 3.324150089999999977e+02
3.422609860000000026e+02 3.337489929999999845e+02
3.381889949999999772e+02 3.486719969999999762e+02
1.830970000000000084e+02 3.215169980000000010e+02
1.892630000000000052e+02 2.723649899999999775e+02
