8.478600299999999379e+01 1.587920070000000123e+02
1.316269990000000121e+02 1.663820039999999949e+02
1.576269990000000121e+02 2.055480039999999917e+02
1.812929990000000089e+02 1.486329959999999915e+02
9.080799899999999525e+01 1.515709990000000005e+02
1.656770019999999874e+02 2.583680110000000241e+02
4.734799999999999898e+01 1.730269930000000045e+02
4.234999799999999937e+01 1.546360019999999906e+02
1.480700070000000039e+02 2.646449890000000096e+02
1.102730030000000028e+02 1.489510040000000117e+02
1.453410030000000006e+02 1.683820039999999949e+02
7.524199699999999780e+01 1.828110049999999944e+02
1.361649930000000097e+02 2.349089969999999994e+02
1.057350009999999969e+02 2.663229979999999841e+02
1.674790040000000033e+02 1.753060000000000116e+02
1.024550019999999932e+02 1.629980009999999879e+02
3.099200099999999836e+01 1.715209959999999967e+02
6.831600199999999745e+01 1.524040070000000071e+02
6.655599999999999739e+01 1.737189940000000092e+02
1.568899989999999889e+02 1.501309970000000078e+02
4.058400000000000318e+01 2.454170070000000123e+02
1.689739989999999921e+02 2.513950040000000001e+02
1.319369959999999935e+02 1.492590030000000070e+02
1.317220000000000084e+02 1.736589969999999994e+02
8.495600100000000054e+01 1.635970000000000084e+02
5.703099799999999675e+01 1.707270049999999912e+02
1.173639979999999952e+02 2.614689940000000092e+02
1.468269960000000083e+02 2.520200040000000001e+02
3.281000099999999975e+01 1.701119999999999948e+02
3.523599999999999710e+01 1.763639980000000094e+02
3.991199900000000156e+01 1.505130000000000052e+02
1.736219940000000008e+02 1.622109989999999868e+02
5.850099900000000019e+01 1.525899960000000135e+02
1.181090010000000063e+02 2.136150049999999965e+02
3.379600099999999685e+01 2.547420040000000085e+02
1.154860000000000042e+02 1.770850069999999903e+02
3.054999899999999968e+01 2.009380040000000065e+02
1.161179960000000051e+02 2.700989989999999921e+02
9.341999800000000675e+01 1.530679930000000013e+02
9.722899599999999509e+01 1.670760040000000117e+02
1.622299999999999898e+01 2.519709929999999929e+02
7.007199900000000525e+01 2.195590060000000108e+02
1.174000020000000006e+02 2.252760010000000079e+02
1.542579959999999915e+02 1.645399930000000097e+02
1.047669980000000010e+02 2.279830019999999990e+02
1.054530029999999954e+02 1.494279940000000124e+02
1.051579969999999946e+02 1.814400019999999927e+02
9.905799899999999525e+01 2.680039980000000241e+02
9.623699999999999477e+01 1.860290070000000071e+02
1.273509980000000041e+02 1.713489989999999921e+02
4.477399799999999885e+01 1.605130000000000052e+02
1.230009989999999931e+02 1.929420010000000048e+02
2.986300100000000057e+01 1.582810059999999908e+02
1.766470030000000122e+02 1.752369999999999948e+02
1.579230039999999917e+02 2.263240049999999997e+02
9.825700399999999490e+01 2.705180050000000165e+02
1.142030029999999954e+02 1.739019930000000045e+02
7.704499800000000675e+01 1.649149930000000097e+02
1.779450070000000039e+02 1.737519990000000121e+02
7.789600400000000491e+01 1.663560029999999870e+02
1.723489989999999921e+02 1.600350039999999865e+02
2.480999900000000125e+01 1.614230039999999917e+02
1.727760010000000079e+02 1.733410030000000006e+02
1.032129970000000014e+02 1.770540009999999995e+02
2.687299900000000008e+01 1.703549959999999999e+02
8.722199999999999420e+01 1.573350069999999903e+02
7.682800299999999538e+01 1.532100069999999903e+02
4.176699800000000096e+01 1.794080050000000028e+02
8.408599900000000105e+01 1.767859950000000140e+02
7.302200299999999800e+01 2.645920100000000161e+02
1.605480039999999917e+02 2.554159999999999968e+02
6.508999599999999930e+01 1.679479980000000126e+02
5.747600200000000115e+01 1.757230069999999955e+02
1.142020030000000048e+02 2.276390079999999898e+02
4.441400099999999895e+01 1.813930049999999881e+02
1.115910030000000006e+02 2.700119930000000181e+02
7.716700000000000159e+01 1.695449979999999925e+02
1.113089980000000025e+02 1.628090060000000108e+02
9.755799899999999525e+01 2.595079959999999915e+02
3.110199899999999928e+01 2.536950070000000039e+02
2.293700000000000117e+01 1.564230039999999917e+02
1.374730069999999955e+02 2.701440119999999752e+02
1.092529980000000052e+02 2.695679930000000013e+02
4.675799899999999809e+01 1.631640010000000132e+02
4.549599800000000016e+01 2.501990049999999997e+02
1.432689970000000130e+02 2.604190060000000244e+02
1.027580030000000022e+02 1.614159999999999968e+02
1.790820009999999911e+02 2.573850100000000225e+02
9.742199700000000462e+01 2.240529940000000124e+02
8.700800300000000220e+01 2.703439940000000092e+02
1.794800000000000040e+01 1.715079959999999915e+02
2.140899999999999892e+01 1.813890079999999898e+02
1.594920040000000085e+02 1.514750060000000076e+02
2.319700100000000020e+01 1.603739930000000129e+02
1.101989970000000056e+02 1.817510069999999871e+02
1.494060059999999908e+02 1.614230039999999917e+02
1.043469999999999942e+02 1.756109920000000102e+02
1.202409969999999930e+02 1.556519930000000045e+02
1.627610019999999906e+02 1.548150019999999927e+02
7.079900399999999649e+01 2.328459929999999929e+02
8.569699900000000525e+01 1.709340060000000108e+02
4.161999899999999997e+01 1.654170070000000123e+02
2.776399999999999935e+01 1.812200009999999963e+02
1.573150019999999927e+02 2.427539979999999957e+02
1.659199979999999925e+02 1.578849950000000035e+02
1.815850069999999903e+02 1.791909939999999892e+02
1.310440059999999960e+02 2.583670040000000085e+02
1.587259980000000041e+02 1.834570009999999911e+02
1.026080019999999990e+02 1.664389950000000056e+02
8.537200199999999484e+01 1.677909999999999968e+02
3.317999999999999972e+01 1.747550050000000113e+02
6.876699800000000096e+01 2.125800020000000075e+02
1.283170010000000048e+02 1.512270049999999912e+02
1.167300029999999964e+02 2.668609920000000102e+02
1.089879990000000021e+02 1.676999969999999962e+02
9.150399799999999573e+01 1.705209959999999967e+02
1.129280009999999947e+02 1.717799990000000037e+02
8.379499800000000675e+01 1.630249939999999924e+02
2.710399999999999920e+01 1.791990049999999997e+02
7.975000000000000000e+01 1.567319950000000119e+02
1.616540070000000071e+02 1.823820039999999949e+02
7.691999800000000675e+01 1.669019930000000045e+02
1.186200029999999970e+02 2.641780089999999745e+02
1.101439969999999988e+02 2.640899959999999851e+02
1.475059970000000078e+02 2.608989869999999769e+02
1.002320019999999943e+02 1.635279999999999916e+02
7.649800100000000214e+01 1.630299990000000037e+02
1.733350069999999903e+02 1.691340030000000070e+02
3.113800000000000168e+01 1.936459959999999967e+02
1.129280009999999947e+02 1.707790070000000071e+02
1.102379990000000021e+02 1.633000030000000038e+02
4.082600000000000051e+01 1.597969970000000046e+02
1.566439970000000130e+02 1.888300020000000075e+02
2.842900099999999952e+01 1.627740019999999959e+02
1.397879939999999976e+02 1.716000060000000076e+02
1.571840060000000108e+02 2.110240019999999959e+02
1.330209959999999967e+02 1.685070039999999949e+02
4.748599999999999710e+01 2.107420040000000085e+02
5.123500099999999691e+01 1.666970059999999876e+02
5.468199899999999758e+01 1.803580019999999990e+02
1.584420010000000048e+02 2.569580080000000066e+02
1.536959990000000005e+02 1.830130000000000052e+02
1.080350040000000007e+02 2.645409849999999778e+02
1.741659999999999968e+02 1.569880070000000103e+02
8.021199799999999414e+01 1.739040070000000071e+02
8.814900199999999586e+01 1.617010040000000117e+02
1.497480009999999879e+02 1.774439999999999884e+02
2.041099900000000034e+01 1.635429990000000089e+02
3.966199900000000156e+01 1.643139950000000056e+02
8.683499899999999627e+01 1.610379939999999976e+02
1.167030029999999954e+02 1.543159939999999892e+02
1.613600010000000111e+02 1.583880000000000052e+02
8.870600100000000054e+01 1.766849980000000073e+02
6.474400300000000641e+01 1.583309940000000040e+02
1.537290040000000033e+02 1.689530029999999954e+02
3.612699899999999786e+01 1.945130000000000052e+02
1.352420040000000085e+02 2.645379940000000261e+02
8.333299999999999841e+01 1.517500000000000000e+02
1.811080019999999990e+02 2.662370000000000232e+02
2.653200000000000003e+01 1.696710050000000081e+02
3.666599999999999682e+01 1.653979950000000088e+02
1.610469970000000046e+02 1.670319979999999873e+02
1.026460040000000049e+02 1.601329959999999915e+02
4.786299900000000207e+01 1.487369999999999948e+02
6.693000000000000682e+01 1.614629970000000014e+02
1.736380000000000052e+02 1.795549929999999961e+02
1.067129970000000014e+02 1.585679930000000013e+02
1.573829959999999915e+02 2.053569950000000119e+02
3.212400099999999981e+01 1.698350069999999903e+02
6.797599800000000414e+01 1.575700070000000039e+02
3.181599999999999895e+01 2.694909969999999930e+02
4.401900100000000293e+01 1.832539979999999957e+02
1.764609989999999868e+02 2.562999879999999848e+02
1.120380020000000059e+02 2.664809880000000248e+02
9.579000100000000373e+01 1.736799929999999961e+02
1.093679960000000051e+02 1.745090030000000070e+02
1.687839969999999994e+02 2.500970000000000084e+02
5.811600099999999713e+01 2.386799929999999961e+02
1.126399990000000031e+02 1.747949979999999925e+02
6.671199799999999414e+01 1.531699979999999925e+02
8.896600300000000061e+01 1.768000030000000038e+02
1.006169969999999978e+02 1.591439970000000130e+02
1.761479950000000088e+02 2.448679960000000051e+02
3.126199899999999943e+01 2.271150049999999965e+02
9.770799999999999841e+01 2.244360049999999944e+02
1.766459959999999967e+02 1.601179960000000051e+02
1.542079929999999877e+02 2.292769930000000045e+02
3.594500000000000028e+01 1.775619959999999935e+02
1.719859920000000102e+02 2.502359920000000102e+02
9.003299699999999461e+01 1.599810029999999870e+02
5.079600099999999685e+01 1.673430020000000127e+02
1.110380020000000059e+02 1.934799959999999999e+02
1.649880070000000103e+02 1.572220000000000084e+02
1.465980069999999955e+02 2.573590090000000146e+02
1.788919980000000010e+02 1.594170070000000123e+02
1.685350039999999865e+02 2.514550020000000075e+02
5.990000200000000063e+01 1.505399930000000097e+02
7.652800000000000580e+01 1.643580019999999990e+02
2.703300099999999873e+01 1.648200070000000039e+02
1.436260069999999871e+02 1.526549990000000037e+02
1.180599979999999931e+02 1.692790070000000071e+02
1.339730069999999955e+02 1.650980069999999955e+02
3.933200099999999821e+01 1.660409999999999968e+02
4.559400200000000325e+01 1.730749969999999962e+02
1.567879939999999976e+02 2.495290070000000071e+02
1.149280009999999947e+02 1.716889950000000056e+02
1.057119979999999941e+02 1.645749969999999962e+02
6.684699999999999420e+01 1.510709990000000005e+02
7.991300200000000586e+01 1.587109989999999868e+02
1.096279980000000052e+02 1.692760010000000079e+02
1.404270019999999874e+02 1.537940059999999960e+02
2.536700099999999836e+01 1.631950070000000039e+02
3.495500200000000035e+01 2.451280059999999992e+02
1.819490049999999997e+02 1.686739959999999883e+02
1.787810059999999908e+02 1.490700070000000039e+02
7.330000300000000379e+01 1.509790040000000033e+02
1.201819990000000047e+02 2.592359920000000102e+02
1.745919949999999972e+02 1.533880000000000052e+02
1.719629970000000014e+02 1.592660060000000044e+02
4.322299999999999898e+01 2.257929990000000089e+02
1.700659939999999892e+02 1.532120060000000024e+02
8.745799999999999841e+01 1.620440059999999960e+02
1.586620029999999986e+02 1.795010069999999871e+02
1.404219970000000046e+02 2.694360050000000228e+02
1.758899989999999889e+02 1.777400049999999965e+02
1.794380040000000065e+02 2.615339969999999994e+02
9.412000000000000810e+00 1.816150049999999965e+02
1.506040040000000033e+02 2.629360050000000228e+02
1.672720030000000122e+02 2.523470000000000084e+02
7.289499700000000360e+01 1.739069979999999873e+02
7.211399799999999516e+01 1.790249939999999924e+02
6.610900100000000634e+01 1.575980069999999955e+02
1.533780059999999992e+02 2.514019930000000045e+02
1.671990049999999997e+02 2.551199949999999887e+02
1.008030009999999947e+02 1.701580050000000028e+02
1.140810010000000005e+02 1.765579989999999952e+02
1.496089939999999956e+02 1.592030029999999954e+02
6.448799900000000207e+01 2.467790070000000071e+02
2.835500000000000043e+01 1.772120060000000024e+02
7.947399900000000628e+01 1.764029999999999916e+02
9.545600100000000054e+01 1.495560000000000116e+02
2.487999900000000153e+01 1.788090060000000108e+02
6.755300099999999475e+01 1.757250060000000076e+02
1.633880000000000052e+02 1.763430020000000127e+02
1.322590030000000070e+02 1.756649930000000097e+02
1.094209979999999973e+02 2.606749879999999848e+02
1.057949980000000068e+02 1.811620029999999986e+02
7.718399800000000255e+01 1.543860019999999906e+02
1.104970019999999948e+02 1.644299929999999961e+02
1.423899989999999889e+02 1.788990019999999959e+02
8.322699699999999723e+01 1.556230009999999879e+02
1.330959929999999929e+02 1.615409999999999968e+02
1.552059940000000040e+02 2.528229980000000126e+02
1.549709929999999929e+02 1.516269990000000121e+02
4.036299900000000207e+01 1.722929990000000089e+02
3.189999999999999858e+01 2.603169859999999858e+02
1.514149930000000097e+02 2.548110049999999944e+02
1.752870029999999986e+02 2.498899989999999889e+02
5.849399900000000230e+01 1.560769960000000083e+02
2.179899999999999949e+01 2.262799990000000037e+02
1.359550020000000075e+02 2.352420040000000085e+02
1.248199999999999932e+02 2.618640139999999974e+02
2.794700100000000020e+01 1.737449949999999887e+02
1.139229969999999952e+02 1.520890049999999860e+02
1.467449949999999887e+02 1.595390010000000132e+02
1.255930019999999985e+02 1.795240019999999959e+02
1.438419949999999972e+02 1.820209959999999967e+02
2.086700099999999836e+01 1.674550020000000075e+02
1.723690029999999922e+02 1.695579989999999952e+02
5.655099899999999735e+01 1.488079989999999952e+02
1.238550029999999964e+02 1.674629970000000014e+02
1.016679989999999947e+02 1.689049990000000037e+02
3.039199999999999946e+01 1.803529969999999878e+02
6.615200000000000102e+01 2.668049930000000245e+02
1.353189999999999884e+02 1.829989930000000129e+02
1.570220030000000122e+02 1.642689970000000130e+02
1.115770030000000048e+02 2.398209990000000005e+02
1.713520049999999912e+02 1.777839969999999994e+02
9.791200299999999856e+01 1.557500000000000000e+02
9.550399799999999573e+01 1.575549929999999961e+02
9.315399899999999889e+01 1.835440059999999960e+02
1.332850039999999865e+02 2.589729919999999765e+02
1.632019960000000083e+02 2.615790099999999825e+02
6.588600200000000484e+01 1.773189999999999884e+02
9.960900100000000634e+01 1.518939970000000130e+02
1.784080050000000028e+02 1.685469970000000046e+02
1.676049959999999999e+02 1.779190059999999960e+02
2.835199899999999928e+01 2.110279999999999916e+02
1.668540040000000033e+02 2.582160030000000006e+02
1.502429960000000051e+02 1.774730069999999955e+02
1.472689970000000130e+02 1.832510069999999871e+02
1.065199970000000036e+02 2.663229979999999841e+02
9.458999599999999930e+01 1.750449979999999925e+02
3.678499999999999659e+01 1.800359950000000140e+02
1.309470059999999876e+02 2.677200010000000248e+02
1.764369959999999935e+02 2.511130070000000103e+02
3.388299899999999809e+01 1.767989959999999883e+02
1.114700009999999963e+02 2.421860049999999944e+02
4.550500100000000003e+01 1.701130070000000103e+02
1.180429989999999947e+02 2.687629999999999768e+02
1.020350040000000007e+02 2.643540039999999749e+02
8.304000100000000373e+01 1.593009950000000003e+02
1.554320069999999987e+02 2.657789920000000166e+02
1.032009960000000035e+02 1.747630000000000052e+02
9.430300099999999475e+01 1.827980039999999917e+02
9.608400000000000318e+01 1.869420010000000048e+02
1.810599980000000073e+02 1.638269960000000083e+02
1.495310059999999908e+02 2.697399899999999775e+02
1.065059969999999936e+02 1.699989930000000129e+02
1.811320039999999949e+02 1.702299959999999999e+02
1.249960020000000043e+02 2.648469850000000179e+02
9.627600099999999372e+01 1.818589939999999956e+02
1.317440029999999922e+02 1.781419980000000010e+02
5.991899899999999946e+01 1.687279969999999878e+02
1.422059940000000040e+02 2.543670040000000085e+02
6.899600200000000427e+01 1.533170010000000048e+02
7.244799799999999834e+01 1.531009980000000041e+02
1.756139980000000094e+02 1.636920010000000048e+02
3.867599899999999735e+01 1.732819979999999873e+02
2.435099999999999909e+01 1.521569979999999873e+02
1.433600010000000111e+02 1.748040009999999995e+02
9.402899899999999889e+01 2.669729919999999765e+02
5.882300200000000245e+01 1.734439999999999884e+02
9.790799699999999461e+01 2.338090060000000108e+02
7.442099799999999732e+01 1.655489959999999883e+02
1.641430049999999881e+02 2.533480069999999955e+02
3.754600099999999685e+01 1.559179990000000089e+02
1.809920040000000085e+02 2.630549930000000245e+02
1.533099980000000073e+02 2.626279910000000086e+02
1.456950070000000039e+02 2.522220000000000084e+02
1.602610019999999906e+02 2.244159999999999968e+02
1.440859989999999868e+02 2.088110049999999944e+02
9.795400200000000268e+01 2.215959929999999929e+02
1.665630040000000065e+02 2.581059880000000248e+02
8.688400300000000698e+01 1.792729950000000088e+02
1.195210040000000049e+02 2.643420100000000161e+02
1.537559970000000078e+02 2.665910030000000006e+02
1.032929989999999947e+02 1.645209959999999967e+02
1.571519930000000045e+02 2.214170070000000123e+02
1.697120060000000024e+02 2.655329899999999839e+02
6.989399699999999882e+01 1.828970030000000122e+02
1.202009960000000035e+02 1.816399989999999889e+02
3.325500100000000003e+01 2.245079959999999915e+02
9.788600200000000484e+01 1.558090060000000108e+02
1.586159969999999930e+02 2.178959959999999967e+02
4.266199900000000156e+01 1.769089969999999994e+02
1.196999969999999962e+02 1.678480069999999955e+02
6.791899899999999946e+01 1.830319979999999873e+02
3.156500099999999875e+01 1.784880070000000103e+02
1.128960040000000049e+02 1.549980009999999879e+02
1.790440059999999960e+02 2.634450069999999755e+02
3.286200000000000188e+01 2.295229950000000088e+02
1.798090060000000108e+02 2.529900049999999965e+02
1.169170000000000016e+02 2.702929990000000089e+02
1.177580030000000022e+02 1.524839939999999956e+02
6.661900300000000641e+01 1.675919949999999972e+02
8.278199800000000153e+01 1.609940029999999922e+02
1.078280029999999954e+02 1.837640079999999898e+02
1.574270019999999874e+02 2.689570009999999911e+02
1.679920040000000085e+02 2.693909909999999854e+02
2.784100000000000108e+01 1.928130040000000065e+02
1.573730009999999879e+02 1.974920040000000085e+02
3.143700000000000117e+01 2.093619999999999948e+02
1.692380070000000103e+02 2.533699949999999887e+02
1.142310030000000012e+02 2.675920100000000161e+02
1.774960020000000043e+02 1.595420070000000123e+02
3.587900199999999984e+01 1.740299990000000037e+02
1.388540040000000033e+02 2.633120119999999815e+02
1.766380000000000052e+02 2.642760010000000079e+02
1.138410030000000006e+02 2.678720089999999914e+02
1.414550020000000075e+02 1.512460020000000043e+02
1.774080050000000028e+02 1.783229980000000126e+02
1.428580019999999990e+02 2.590369870000000105e+02
1.003960040000000049e+02 1.660440059999999960e+02
6.561699699999999780e+01 1.552799990000000037e+02
1.618899989999999889e+02 1.492039949999999919e+02
1.206839980000000025e+02 2.648429869999999937e+02
3.286700100000000191e+01 1.794179990000000089e+02
1.306080019999999990e+02 1.669969940000000008e+02
1.002289959999999951e+02 1.719210050000000081e+02
3.286000099999999691e+01 2.279190059999999960e+02
1.603540040000000033e+02 1.577200009999999963e+02
3.017600099999999941e+01 1.636560059999999908e+02
1.023600009999999969e+02 1.710729980000000126e+02
1.498800050000000113e+02 1.827019960000000083e+02
1.061299999999999955e+01 2.200700070000000039e+02
1.528650049999999965e+02 1.650879970000000014e+02
1.762189940000000092e+02 1.499320069999999987e+02
1.658780059999999992e+02 1.622380070000000103e+02
3.304499799999999965e+01 1.829920040000000085e+02
1.786199949999999887e+02 2.112790070000000071e+02
8.752200299999999800e+01 1.833919980000000010e+02
1.579159999999999968e+02 1.922590030000000070e+02
1.778240049999999997e+02 1.767330019999999990e+02
1.600610049999999944e+02 1.629190059999999960e+02
3.077300100000000072e+01 1.820509950000000003e+02
4.424900099999999981e+01 1.515820009999999911e+02
5.762099800000000016e+01 2.041139980000000094e+02
1.645659939999999892e+02 1.956199949999999887e+02
1.405070039999999949e+02 1.677839969999999994e+02
1.198109970000000004e+02 1.632090000000000032e+02
1.736049959999999999e+02 1.523240049999999997e+02
7.768099999999999739e+01 1.626759950000000003e+02
1.225920030000000054e+02 1.818639980000000094e+02
1.387350010000000111e+02 2.558580019999999990e+02
2.137700099999999992e+01 1.686430049999999881e+02
1.628370060000000024e+02 2.697969969999999762e+02
1.536549990000000037e+02 1.583189999999999884e+02
1.277429960000000051e+02 1.555229950000000088e+02
1.081380000000000052e+02 1.717090000000000032e+02
1.326119999999999948e+02 2.589519960000000083e+02
2.924200099999999836e+01 1.829310000000000116e+02
1.384640049999999860e+02 1.619559940000000040e+02
1.733049929999999961e+02 1.660050050000000113e+02
1.750910030000000006e+02 1.832790070000000071e+02
1.083160019999999975e+02 1.495650019999999927e+02
1.524510040000000117e+02 2.676130069999999819e+02
9.777400199999999586e+01 2.637720029999999838e+02
1.059820019999999943e+02 1.821869959999999935e+02
1.470420070000000123e+02 1.618609920000000102e+02
6.552700000000000102e+01 1.617310029999999870e+02
3.800600099999999770e+01 1.736699979999999925e+02
1.814940029999999922e+02 1.836880040000000065e+02
1.236449970000000036e+02 2.648349910000000023e+02
1.684859920000000102e+02 1.808950040000000001e+02
1.484669949999999972e+02 2.519499969999999962e+02
8.737999700000000303e+01 2.311959990000000005e+02
1.071809999999999974e+02 1.647239989999999921e+02
1.442440029999999922e+02 1.790760040000000117e+02
1.742050020000000075e+02 2.561589969999999994e+02
1.456829989999999952e+02 1.531439970000000130e+02
6.752999900000000366e+01 1.673079989999999952e+02
7.325099899999999309e+01 1.591100010000000111e+02
1.648459929999999929e+02 1.610140079999999898e+02
9.561299900000000207e+01 1.595299990000000037e+02
6.147100100000000111e+01 1.807010040000000117e+02
1.557270049999999912e+02 2.620010070000000155e+02
2.195100000000000051e+01 1.799980009999999879e+02
1.806490019999999959e+02 2.345959929999999929e+02
1.246900020000000069e+02 1.711549990000000037e+02
1.241770020000000017e+02 1.563999939999999924e+02
1.903399999999999892e+01 1.547319950000000119e+02
1.751829989999999952e+02 1.612890010000000132e+02
1.518880000000000052e+02 2.626440119999999752e+02
4.707699999999999818e+01 2.391790009999999995e+02
1.773600010000000111e+02 1.785350039999999865e+02
6.868000000000000682e+01 1.692359920000000102e+02
7.217700200000000166e+01 1.681519930000000045e+02
1.099700009999999963e+02 2.488910060000000044e+02
8.062799800000000516e+01 1.794660030000000006e+02
1.170940020000000032e+02 1.543359989999999868e+02
1.186340030000000070e+02 1.793880000000000052e+02
1.187360000000000042e+02 1.768040009999999995e+02
1.648999939999999924e+02 2.550390010000000132e+02
1.487510069999999871e+02 1.813370060000000024e+02
1.991500100000000018e+01 1.631840060000000108e+02
1.669149930000000097e+02 1.678040009999999995e+02
1.191740039999999965e+02 1.543739930000000129e+02
1.325850069999999903e+02 1.756309970000000078e+02
1.385579989999999952e+02 2.521990049999999997e+02
6.490499900000000366e+01 1.579239959999999883e+02
5.518899900000000258e+01 1.759819950000000119e+02
1.517310029999999870e+02 1.499730069999999955e+02
2.349500099999999847e+01 1.724320069999999987e+02
1.808439940000000092e+02 1.508260040000000117e+02
1.412030029999999954e+02 2.658219910000000255e+02
7.596700300000000539e+01 2.641979979999999841e+02
1.138150020000000069e+02 1.674799959999999999e+02
6.354899999999999949e+01 1.770899960000000135e+02
9.488099699999999359e+01 1.798880000000000052e+02
2.895599899999999849e+01 2.252669980000000010e+02
1.251569980000000015e+02 1.508079989999999952e+02
5.295500200000000035e+01 1.814290009999999995e+02
9.250399799999999573e+01 2.662959900000000175e+02
1.045770030000000048e+02 2.678280030000000238e+02
7.183799700000000144e+01 1.524590000000000032e+02
4.324599800000000016e+01 1.669609989999999868e+02
1.336540070000000071e+02 1.494120029999999986e+02
1.323320009999999911e+02 1.784620060000000024e+02
3.136300100000000057e+01 1.622839969999999994e+02
1.361829989999999952e+02 1.515879970000000014e+02
9.654599799999999732e+01 2.068079989999999952e+02
2.704500000000000171e+01 2.179360049999999944e+02
1.762480009999999879e+02 2.568559880000000248e+02
1.459920040000000085e+02 1.820379939999999976e+02
1.780339969999999994e+02 1.733820039999999949e+02
8.929699700000000462e+01 1.554909969999999930e+02
1.629590000000000032e+02 1.541369929999999897e+02
1.698670040000000085e+02 1.600449979999999925e+02
2.447100100000000111e+01 1.753780059999999992e+02
3.155999900000000125e+01 1.621719970000000046e+02
1.045749969999999962e+02 1.636499939999999924e+02
5.307400100000000265e+01 1.729380040000000065e+02
1.669420010000000048e+02 1.725579989999999952e+02
9.948500099999999691e+01 2.693340150000000222e+02
1.825870060000000024e+02 1.721450040000000001e+02
1.773820039999999949e+02 1.505529940000000124e+02
1.014329989999999952e+02 1.680420070000000123e+02
5.514300200000000274e+01 1.504259950000000003e+02
1.428139950000000056e+02 1.764850010000000111e+02
7.406600199999999745e+01 1.834250030000000038e+02
9.568299899999999525e+01 2.680169980000000010e+02
3.152100000000000080e+01 2.006179960000000051e+02
1.130770030000000048e+02 2.625950010000000248e+02
1.526939999999999884e+02 2.625299989999999752e+02
5.724700200000000194e+01 1.522830050000000028e+02
1.800859989999999868e+02 1.713119959999999935e+02
1.582700040000000001e+02 1.758470000000000084e+02
1.440939940000000092e+02 2.651589969999999994e+02
1.914199999999999946e+01 1.558090060000000108e+02
1.086019969999999972e+02 1.780910030000000006e+02
6.081900000000000261e+01 1.759320069999999987e+02
1.622630000000000052e+02 1.735910030000000006e+02
1.526540070000000071e+02 1.643849950000000035e+02
2.217200100000000162e+01 1.500489959999999883e+02
8.941500100000000373e+01 1.722160030000000006e+02
1.504590000000000032e+02 2.375659939999999892e+02
1.652449949999999887e+02 2.701430050000000165e+02
9.617500300000000379e+01 2.668909909999999854e+02
3.625699999999999790e+01 1.836979980000000126e+02
3.869599900000000048e+01 1.752239989999999921e+02
1.040110020000000048e+02 1.635359950000000140e+02
1.739210050000000081e+02 1.523470000000000084e+02
1.522070009999999911e+02 2.518800050000000113e+02
1.410840000000000032e+02 2.708330080000000066e+02
5.552899899999999889e+01 1.647760010000000079e+02
1.506369929999999897e+02 1.702579959999999915e+02
1.825070039999999949e+02 1.704479980000000126e+02
2.204599999999999937e+01 1.808260040000000117e+02
1.483320009999999911e+02 1.766089939999999956e+02
4.627199900000000099e+01 1.725610049999999944e+02
7.379200000000000159e+01 1.759839939999999956e+02
1.378060000000000116e+02 2.403529969999999878e+02
3.358499900000000338e+01 1.833730009999999879e+02
3.031699899999999914e+01 1.489900049999999965e+02
1.624859920000000102e+02 1.570829929999999877e+02
7.888700099999999793e+01 2.648879999999999768e+02
3.844800200000000245e+01 1.701829989999999952e+02
1.806699899999999914e+01 1.730549929999999961e+02
1.353639980000000094e+02 2.674809880000000248e+02
9.600900300000000698e+01 2.064519960000000083e+02
9.079699700000000462e+01 1.706069950000000119e+02
1.464660030000000006e+02 1.634570009999999911e+02
4.531700099999999765e+01 1.810560000000000116e+02
6.152399799999999885e+01 1.800630040000000065e+02
6.947499799999999937e+01 1.722299959999999999e+02
1.769629970000000014e+02 1.736710050000000081e+02
9.318800400000000650e+01 2.279219970000000046e+02
1.378860019999999906e+02 1.777160030000000006e+02
1.609380040000000065e+02 2.593030089999999745e+02
1.689409939999999892e+02 1.655059970000000078e+02
9.763200399999999490e+01 2.460500030000000038e+02
6.477899899999999889e+01 1.803569950000000119e+02
1.060100020000000001e+02 2.631300049999999828e+02
2.494300099999999887e+01 1.750899960000000135e+02
1.752380070000000103e+02 1.652299959999999999e+02
8.112899799999999573e+01 1.767909999999999968e+02
1.451299999999999990e+01 2.052140049999999860e+02
4.999200100000000191e+01 1.517810059999999908e+02
1.062330019999999990e+02 1.715800020000000075e+02
1.054089969999999994e+02 2.698959960000000251e+02
1.654470059999999876e+02 2.657730099999999993e+02
1.313090060000000108e+02 2.643879999999999768e+02
1.521939999999999884e+02 1.531529999999999916e+02
1.235660019999999975e+02 1.772239989999999921e+02
2.266900100000000151e+01 1.777330019999999990e+02
1.739499969999999962e+02 1.556430049999999881e+02
1.563179930000000013e+02 1.987590030000000070e+02
1.720220030000000122e+02 2.557440029999999922e+02
1.285579989999999952e+02 2.367449949999999887e+02
1.700070039999999949e+02 2.654460139999999910e+02
1.463760069999999871e+02 1.704680020000000127e+02
8.264199800000000096e+01 1.712200009999999963e+02
1.445780029999999954e+02 1.736840060000000108e+02
5.618899900000000258e+01 2.374109950000000140e+02
1.474250030000000038e+02 1.607929990000000089e+02
1.461860049999999944e+02 2.690239869999999769e+02
1.376459959999999967e+02 1.669439999999999884e+02
5.659299899999999894e+01 2.596539920000000166e+02
5.262200200000000194e+01 1.819159999999999968e+02
1.819850010000000111e+02 2.601579899999999839e+02
1.651820069999999987e+02 1.603350069999999903e+02
7.065000200000000063e+01 1.617380070000000103e+02
1.394040070000000071e+02 1.541069950000000119e+02
1.493500060000000076e+02 1.670590060000000108e+02
3.125499900000000153e+01 1.918350069999999903e+02
7.423600000000000421e+01 1.617359920000000102e+02
1.211979979999999983e+02 1.664949949999999887e+02
1.172229999999999990e+02 1.490930020000000127e+02
1.269530029999999954e+02 1.535590060000000108e+02
7.334300199999999847e+01 1.816979980000000126e+02
1.898300000000000054e+01 1.612740019999999959e+02
1.379620060000000024e+02 1.797339939999999956e+02
8.328500400000000070e+01 1.512579959999999915e+02
1.852899899999999889e+01 1.599640049999999860e+02
1.702599899999999877e+01 2.269559940000000040e+02
1.612100069999999903e+02 2.682390139999999974e+02
5.502700000000000102e+01 1.774060059999999908e+02
6.576599899999999366e+01 1.821820069999999987e+02
1.897100100000000111e+01 2.185149989999999889e+02
1.397940059999999960e+02 2.317259980000000041e+02
9.106400299999999959e+01 2.660220029999999838e+02
8.011100000000000421e+01 1.566439970000000130e+02
1.445449979999999925e+02 1.587530059999999992e+02
1.754810029999999870e+02 1.768170010000000048e+02
2.066099900000000034e+01 2.340570069999999987e+02
6.690899699999999939e+01 1.689479980000000126e+02
5.215000200000000063e+01 1.538899989999999889e+02
2.614399900000000088e+01 1.572890010000000132e+02
1.213109970000000004e+02 1.811309970000000078e+02
6.098300199999999904e+01 1.586380000000000052e+02
7.023500099999999691e+01 1.618060000000000116e+02
1.254869999999999948e+02 2.592460019999999759e+02
1.216579969999999946e+02 1.489669949999999972e+02
1.290440059999999960e+02 2.236679990000000089e+02
2.474500099999999847e+01 1.685480039999999917e+02
1.182500000000000000e+02 1.562630000000000052e+02
1.751470030000000122e+02 2.670350040000000149e+02
6.653900099999999895e+01 1.709100039999999865e+02
3.111700099999999836e+01 1.892339939999999956e+02
2.001600099999999927e+01 1.546439970000000130e+02
1.531300050000000113e+02 1.729880070000000103e+02
1.677949979999999925e+02 1.831529999999999916e+02
1.010820010000000053e+02 1.598029940000000124e+02
3.165899999999999892e+01 1.766250000000000000e+02
1.682830050000000028e+02 2.579500120000000152e+02
1.574499969999999962e+02 1.678670040000000085e+02
1.127969970000000046e+02 1.761170040000000085e+02
1.032229999999999990e+02 1.726810000000000116e+02
1.048720019999999948e+02 1.690650019999999927e+02
9.663400300000000698e+01 1.705209959999999967e+02
1.123690030000000064e+02 1.641920010000000048e+02
1.409900049999999965e+02 1.666939999999999884e+02
1.306719970000000046e+02 1.740299990000000037e+02
1.267399979999999999e+02 1.557250060000000076e+02
1.370279999999999916e+02 1.762100069999999903e+02
1.562160030000000006e+02 1.766730039999999917e+02
1.749060059999999908e+02 1.548849950000000035e+02
2.427100000000000080e+01 1.521929930000000013e+02
1.351970059999999876e+02 2.547469940000000008e+02
7.200599699999999359e+01 1.585560000000000116e+02
