3.057470089999999914e+02 9.435099800000000414e+01
2.518890079999999898e+02 6.938400300000000698e+01
2.244730069999999955e+02 9.276200099999999793e+01
1.852740019999999959e+02 9.151000200000000007e+01
1.880310059999999908e+02 1.065019989999999979e+02
2.232180020000000127e+02 9.885299700000000200e+01
3.033399959999999851e+02 7.988500200000000007e+01
1.999369959999999935e+02 1.445599980000000073e+02
2.897770080000000235e+02 8.509200300000000539e+01
2.217830050000000028e+02 1.065790020000000027e+02
2.052689970000000130e+02 1.385740049999999997e+02
2.376939999999999884e+02 1.084140009999999990e+02
3.303179930000000013e+02 9.349199699999999780e+01
2.097590030000000070e+02 9.027400199999999586e+01
1.948939970000000130e+02 1.457709959999999967e+02
2.177010040000000117e+02 6.913099699999999359e+01
2.208750000000000000e+02 7.812999700000000303e+01
2.086239930000000129e+02 1.058450009999999963e+02
1.836490019999999959e+02 6.968599700000000041e+01
2.533630070000000103e+02 9.376200099999999793e+01
2.422420040000000085e+02 7.083999599999999930e+01
3.431470029999999838e+02 9.447899599999999509e+01
2.570650019999999927e+02 1.039179989999999947e+02
3.054580080000000066e+02 3.855099899999999735e+01
3.183139949999999772e+02 9.187200199999999484e+01
2.282180020000000127e+02 1.482669980000000010e+02
3.108599849999999947e+02 7.663999900000000309e+01
2.403699949999999887e+02 8.762100200000000427e+01
1.985169980000000010e+02 9.711799600000000510e+01
3.245419919999999934e+02 7.525499700000000303e+01
2.293020019999999874e+02 9.468000000000000682e+01
2.904970089999999914e+02 9.979299899999999468e+01
2.590060119999999984e+02 1.086859970000000004e+02
2.183540040000000033e+02 9.803800200000000586e+01
2.488200070000000039e+02 1.448899989999999889e+02
2.063979950000000088e+02 7.427600099999999372e+01
2.911560059999999908e+02 1.040520020000000017e+02
3.431010130000000231e+02 1.280840000000000032e+02
2.176710050000000081e+02 1.247079999999999984e+02
2.339960020000000043e+02 7.287599899999999309e+01
2.723689880000000016e+02 3.091000000000000014e+01
2.169069979999999873e+02 1.143430019999999985e+02
2.713269960000000083e+02 1.207990039999999965e+02
3.064800109999999904e+02 1.403950040000000001e+02
2.157380070000000103e+02 9.991700000000000159e+01
2.476349950000000035e+02 1.098850020000000001e+02
2.380959929999999929e+02 8.225599699999999359e+01
3.281560059999999908e+02 1.039309999999999974e+02
2.553179930000000013e+02 5.833100100000000054e+01
3.038429869999999937e+02 1.393869929999999897e+02
1.886179960000000051e+02 9.629900399999999649e+01
2.504429930000000013e+02 1.474940029999999922e+02
3.238879999999999768e+02 8.983299999999999841e+01
3.017229919999999765e+02 1.051780009999999947e+02
2.513589939999999956e+02 7.120700100000000532e+01
2.616969910000000255e+02 1.017200009999999963e+02
3.058160100000000057e+02 7.642800099999999475e+01
3.260889890000000264e+02 7.659400200000000325e+01
2.177740019999999959e+02 1.089749979999999994e+02
2.310619959999999935e+02 6.876300000000000523e+01
2.314429930000000013e+02 1.023379970000000014e+02
3.282919919999999934e+02 1.015749969999999962e+02
2.073540040000000033e+02 1.402960050000000081e+02
2.922189940000000092e+02 1.068430019999999985e+02
2.726099849999999947e+02 8.369400000000000261e+01
2.641440119999999752e+02 1.053750000000000000e+02
2.643020020000000159e+02 6.918399800000000255e+01
2.316490019999999959e+02 6.466300200000000586e+01
1.968760069999999871e+02 9.644200100000000475e+01
3.185159909999999854e+02 7.683699799999999414e+01
3.270090030000000070e+02 6.038600199999999774e+01
3.010650019999999927e+02 7.201399999999999579e+01
2.715329899999999839e+02 5.335599899999999707e+01
3.307900089999999977e+02 1.012860029999999938e+02
3.010419919999999934e+02 1.437090000000000032e+02
3.114200129999999831e+02 1.449989930000000129e+02
2.973819889999999759e+02 8.572899599999999509e+01
2.702269900000000007e+02 7.295500199999999325e+01
2.175149989999999889e+02 1.471990049999999997e+02
3.020440060000000244e+02 1.024309999999999974e+02
3.134960019999999759e+02 5.055799900000000235e+01
2.870260010000000079e+02 1.447920070000000123e+02
3.205159909999999854e+02 8.799299600000000510e+01
2.680289920000000166e+02 9.976300000000000523e+01
2.161529999999999916e+02 1.325160060000000044e+02
2.820549930000000245e+02 7.164199800000000096e+01
1.959060059999999908e+02 1.441889950000000056e+02
2.189709929999999929e+02 9.770099600000000351e+01
2.891860050000000228e+02 8.051100200000000484e+01
2.931199950000000172e+02 1.399940029999999922e+02
2.725369870000000105e+02 1.295370029999999986e+02
2.975069889999999759e+02 1.422590030000000070e+02
2.799519960000000083e+02 1.019110029999999938e+02
3.145679930000000013e+02 1.052050019999999932e+02
2.769670100000000161e+02 7.898899799999999516e+01
2.982919919999999934e+02 7.251799800000000573e+01
2.824660030000000006e+02 7.218199900000000468e+01
3.062390139999999974e+02 7.822199999999999420e+01
3.145310059999999908e+02 7.015300000000000580e+01
2.212960050000000081e+02 9.677100400000000491e+01
2.203829959999999915e+02 9.903800200000000586e+01
2.673179930000000013e+02 1.003430019999999985e+02
1.927189940000000092e+02 6.834400200000000325e+01
2.785889890000000264e+02 6.314600000000000080e+01
2.627650150000000053e+02 1.462209929999999929e+02
2.848089899999999943e+02 7.680000300000000379e+01
2.830280149999999821e+02 1.440529940000000124e+02
2.539100039999999865e+02 7.743800400000000650e+01
3.307500000000000000e+02 9.846499599999999930e+01
2.037550050000000113e+02 1.482489930000000129e+02
3.191419980000000010e+02 9.230699900000000468e+01
2.648630069999999819e+02 9.804099999999999682e+01
3.120559999999999832e+02 7.065200000000000102e+01
3.316480099999999993e+02 1.004690020000000032e+02
3.196400150000000053e+02 7.697000099999999634e+01
2.846960139999999910e+02 8.887500000000000000e+01
2.318150019999999927e+02 8.606099700000000041e+01
2.105689999999999884e+02 9.599299600000000510e+01
1.871699979999999925e+02 1.476300050000000113e+02
3.271979979999999841e+02 8.418199900000000468e+01
2.070509950000000003e+02 9.719499999999999318e+01
1.827799990000000037e+02 1.380099950000000035e+02
3.147200010000000248e+02 1.044000020000000006e+02
3.215700069999999755e+02 8.487699899999999786e+01
2.542359920000000102e+02 8.409699999999999420e+01
2.148880000000000052e+02 8.962000299999999697e+01
3.115180050000000165e+02 7.289099899999999366e+01
2.998059999999999832e+02 1.016429980000000057e+02
2.552400049999999965e+02 7.941000400000000070e+01
2.850050049999999828e+02 9.340799699999999461e+01
2.647869870000000105e+02 1.482909999999999968e+02
1.832790070000000071e+02 8.050399799999999573e+01
2.276280059999999992e+02 9.617299699999999518e+01
2.991730039999999917e+02 8.919599900000000048e+01
2.305240019999999959e+02 1.405119929999999897e+02
2.190879970000000014e+02 9.170900000000000318e+01
2.212149960000000135e+02 8.886499799999999993e+01
2.291840060000000108e+02 1.047149959999999993e+02
1.959060059999999908e+02 1.013799970000000030e+02
3.376250000000000000e+02 7.840200000000000102e+01
3.056359860000000026e+02 9.376599899999999366e+01
3.120490110000000072e+02 1.229789959999999951e+02
3.246889949999999772e+02 9.812599899999999309e+01
3.371589969999999994e+02 6.688999900000000309e+01
2.465549929999999961e+02 1.096070019999999943e+02
2.104889980000000094e+02 1.422599950000000035e+02
3.198190000000000168e+02 9.338099699999999359e+01
2.689360050000000228e+02 1.130370029999999986e+02
2.600799870000000169e+02 8.464900199999999586e+01
2.726700129999999831e+02 4.907899900000000315e+01
2.041719970000000046e+02 1.097839969999999994e+02
3.041189880000000016e+02 1.415639950000000056e+02
2.287019960000000083e+02 1.043939969999999988e+02
1.831230009999999879e+02 8.673999799999999993e+01
2.760880129999999895e+02 9.062899799999999573e+01
3.000589899999999943e+02 1.327359920000000102e+02
3.290339969999999994e+02 8.644599900000000048e+01
2.236479950000000088e+02 9.789099899999999366e+01
2.825769960000000083e+02 1.119339980000000025e+02
2.808280030000000238e+02 1.121780009999999947e+02
2.598550109999999904e+02 1.061530000000000058e+02
2.591199950000000172e+02 8.822899599999999509e+01
2.742609860000000026e+02 8.663200399999999490e+01
2.129140010000000132e+02 9.177899899999999889e+01
2.168899989999999889e+02 4.052999899999999656e+01
3.122869870000000105e+02 1.119950029999999970e+02
2.353399960000000135e+02 2.637199999999999989e+01
3.176210019999999759e+02 1.084130020000000059e+02
3.199890139999999974e+02 8.298200199999999427e+01
2.635780030000000238e+02 1.101539989999999989e+02
2.166150049999999965e+02 3.784400200000000325e+01
2.799500120000000152e+02 9.409500099999999634e+01
2.140399930000000097e+02 1.100879970000000014e+02
3.259270020000000159e+02 1.005490039999999965e+02
2.771870119999999815e+02 5.012300100000000214e+01
3.156099849999999947e+02 1.001060030000000012e+02
1.872989959999999883e+02 1.036800000000000068e+02
3.217049870000000169e+02 1.079469990000000053e+02
3.002550049999999828e+02 6.995099600000000351e+01
2.460429990000000089e+02 1.408060000000000116e+02
2.453150019999999927e+02 7.051799800000000573e+01
3.247760010000000079e+02 4.739799899999999866e+01
3.246440119999999752e+02 7.939399699999999882e+01
2.431049959999999999e+02 7.776699800000000096e+01
3.178200069999999755e+02 8.037300100000000214e+01
2.115019990000000121e+02 7.551899699999999882e+01
2.047960050000000081e+02 9.793399800000000255e+01
2.431300050000000113e+02 1.106159969999999930e+02
2.961239929999999845e+02 8.007399700000000564e+01
2.834880069999999819e+02 1.002490010000000069e+02
3.092900089999999977e+02 6.868699599999999350e+01
2.470679930000000013e+02 7.708200100000000532e+01
2.268520049999999912e+02 6.819100199999999745e+01
2.856109920000000102e+02 1.161959990000000005e+02
3.218949890000000096e+02 8.694100199999999745e+01
2.149880070000000103e+02 7.472299999999999898e+01
1.898580019999999990e+02 7.852700000000000102e+01
2.378719940000000008e+02 1.014869999999999948e+02
3.262009889999999928e+02 9.958200100000000532e+01
2.358619999999999948e+02 1.068190000000000026e+02
2.346759950000000003e+02 8.680000300000000379e+01
3.125589899999999943e+02 1.444340060000000108e+02
2.602739869999999769e+02 1.465059970000000078e+02
2.167359920000000102e+02 8.833299999999999841e+01
2.728410030000000006e+02 1.016119999999999948e+02
2.006979980000000126e+02 1.398459929999999929e+02
2.674890139999999974e+02 1.296920010000000048e+02
3.009249879999999848e+02 9.769000200000000689e+01
3.273890079999999898e+02 7.124900100000000691e+01
2.086750030000000038e+02 8.163899999999999579e+01
2.261049959999999999e+02 1.124670030000000054e+02
1.886849980000000073e+02 7.189700299999999800e+01
1.954069979999999873e+02 7.661900300000000641e+01
2.417689970000000130e+02 1.068669969999999978e+02
2.078320009999999911e+02 1.483350069999999903e+02
2.160659939999999892e+02 4.129099999999999682e+01
2.982950129999999831e+02 1.060940020000000032e+02
2.888299870000000169e+02 1.414940029999999922e+02
2.203070069999999987e+02 8.127700000000000102e+01
1.904239959999999883e+02 6.963300300000000220e+01
1.842250060000000076e+02 7.773600000000000421e+01
1.970529940000000124e+02 1.061289979999999957e+02
3.172030030000000238e+02 1.069820019999999943e+02
3.166480099999999993e+02 1.017880020000000059e+02
2.160700070000000039e+02 4.084700000000000131e+01
2.901889949999999772e+02 7.555200200000000166e+01
2.912309880000000248e+02 9.114600400000000491e+01
3.109450069999999755e+02 9.543599700000000041e+01
2.637929990000000089e+02 1.094670030000000054e+02
2.728229979999999841e+02 1.102959979999999973e+02
2.752500000000000000e+02 7.113899999999999579e+01
2.012720030000000122e+02 7.219000200000000689e+01
2.619779970000000162e+02 9.785199699999999723e+01
3.243909909999999854e+02 1.082269969999999972e+02
3.444819949999999835e+02 1.061350020000000001e+02
2.889800109999999904e+02 7.333499899999999627e+01
1.961109920000000102e+02 1.127360000000000042e+02
2.361869959999999935e+02 7.367099799999999732e+01
2.848590090000000146e+02 8.742400399999999649e+01
2.491679990000000089e+02 9.396299700000000144e+01
2.166779940000000124e+02 5.287799799999999806e+01
2.053439940000000092e+02 8.950099899999999309e+01
2.166089939999999956e+02 1.021800000000000068e+02
1.937480009999999879e+02 1.474299929999999961e+02
2.499040070000000071e+02 1.071539989999999989e+02
2.999060059999999908e+02 9.100599699999999359e+01
2.357769930000000045e+02 1.028750000000000000e+02
2.166959990000000005e+02 1.213600009999999969e+02
2.410749969999999962e+02 1.466679990000000089e+02
2.916549989999999752e+02 1.080770030000000048e+02
2.542290040000000033e+02 8.188200399999999490e+01
3.040809939999999756e+02 1.469199979999999925e+02
2.138719940000000008e+02 7.576000200000000007e+01
2.135440059999999960e+02 2.632900000000000063e+01
2.935190119999999752e+02 7.066300200000000586e+01
3.215729979999999841e+02 1.036259989999999931e+02
3.204079899999999839e+02 7.172299999999999898e+01
2.451649930000000097e+02 9.837699899999999786e+01
2.326750030000000038e+02 1.087300029999999964e+02
1.834109950000000140e+02 1.436690059999999960e+02
3.232090150000000222e+02 1.114769969999999972e+02
3.077219850000000179e+02 8.383899700000000621e+01
2.990050049999999828e+02 3.897999999999999687e+01
2.941719969999999762e+02 1.476029969999999878e+02
2.530689999999999884e+02 7.122499799999999937e+01
2.168670040000000085e+02 8.575099899999999309e+01
2.249850010000000111e+02 9.173000299999999640e+01
3.123869930000000181e+02 5.430499999999999972e+01
2.409190059999999960e+02 7.959200300000000539e+01
2.174889980000000094e+02 4.981600199999999745e+01
3.225029910000000086e+02 1.373760069999999871e+02
3.130469969999999762e+02 7.204099999999999682e+01
2.682709960000000251e+02 1.449709929999999929e+02
2.070059970000000078e+02 1.067300029999999964e+02
1.904100039999999865e+02 1.448390049999999860e+02
1.994470059999999876e+02 9.146499599999999930e+01
2.395520019999999874e+02 6.919200100000000475e+01
2.922539980000000241e+02 8.298100300000000118e+01
1.826289979999999957e+02 1.158980030000000028e+02
2.381390079999999898e+02 1.440959929999999929e+02
3.312319949999999835e+02 7.746800199999999847e+01
2.719419859999999858e+02 9.798400100000000634e+01
2.602319949999999835e+02 7.674400300000000641e+01
1.856179960000000051e+02 1.056490019999999959e+02
2.335050050000000113e+02 1.032580030000000022e+02
3.270700069999999755e+02 1.457500000000000000e+02
3.033800049999999828e+02 8.466799899999999468e+01
3.167619930000000181e+02 1.425549929999999961e+02
2.160619959999999935e+02 1.426939999999999884e+02
3.106610109999999736e+02 9.418499799999999311e+01
2.059040070000000071e+02 1.416009980000000041e+02
3.315840150000000222e+02 1.043659969999999930e+02
3.111239929999999845e+02 8.926399999999999579e+01
2.318679960000000051e+02 8.487400100000000691e+01
2.037700040000000001e+02 8.420300299999999538e+01
3.198779910000000086e+02 3.823199799999999726e+01
2.609370119999999815e+02 9.950599699999999359e+01
2.522140049999999860e+02 9.057299799999999834e+01
2.485359950000000140e+02 1.053769989999999979e+02
2.709179990000000089e+02 8.885500299999999640e+01
2.849599910000000023e+02 8.652800000000000580e+01
2.717890009999999847e+02 1.160490039999999965e+02
2.099389950000000056e+02 1.383769990000000121e+02
2.804809880000000248e+02 9.490499900000000366e+01
3.052839969999999994e+02 9.207299799999999834e+01
3.226780089999999745e+02 7.738300300000000220e+01
2.765480039999999917e+02 1.136039959999999951e+02
2.785849910000000023e+02 7.155899800000000255e+01
2.583389890000000264e+02 1.402619929999999897e+02
2.541629939999999976e+02 1.458569950000000119e+02
1.877619929999999897e+02 1.036009980000000041e+02
2.014159999999999968e+02 1.407039949999999919e+02
2.132810059999999908e+02 9.153299699999999461e+01
1.930729980000000126e+02 9.980599999999999739e+01
2.604570009999999911e+02 1.420279999999999916e+02
1.870500030000000038e+02 7.910900100000000634e+01
2.389649960000000135e+02 9.824600200000000427e+01
2.594240110000000072e+02 1.414810029999999870e+02
2.177980039999999917e+02 4.293699999999999761e+01
2.496349950000000035e+02 1.473580019999999990e+02
2.175079959999999915e+02 1.355939940000000092e+02
3.047749939999999924e+02 1.464620060000000024e+02
3.278309939999999756e+02 1.304669949999999972e+02
2.169369959999999935e+02 1.485760040000000117e+02
2.269170070000000123e+02 7.330599999999999739e+01
2.333139950000000056e+02 9.336799600000000510e+01
3.016470029999999838e+02 9.185199699999999723e+01
2.603779910000000086e+02 9.825099899999999309e+01
2.678959960000000251e+02 1.268180009999999953e+02
3.151109920000000102e+02 7.561100000000000421e+01
2.307980039999999917e+02 7.856999999999999318e+01
2.495840000000000032e+02 1.401670070000000123e+02
2.196990049999999997e+02 8.305400099999999952e+01
2.367400049999999965e+02 9.929099999999999682e+01
1.991950070000000039e+02 1.136719970000000046e+02
2.777309880000000248e+02 5.383499900000000338e+01
1.980220030000000122e+02 1.090039979999999957e+02
2.036089939999999956e+02 1.393289949999999919e+02
3.012090150000000222e+02 8.808699799999999414e+01
2.187469940000000008e+02 8.717900099999999952e+01
3.077090150000000222e+02 7.482099900000000048e+01
2.452980039999999917e+02 9.373300199999999904e+01
2.935880129999999895e+02 1.129619979999999941e+02
2.777810059999999908e+02 7.211299900000000207e+01
2.098809970000000078e+02 1.037809979999999968e+02
2.060630040000000065e+02 7.736499799999999993e+01
1.847649989999999889e+02 9.753399699999999939e+01
2.147420040000000085e+02 1.425149989999999889e+02
3.179450069999999755e+02 8.276200099999999793e+01
3.136189880000000016e+02 1.035400010000000037e+02
2.012649989999999889e+02 1.018919980000000010e+02
2.672940060000000244e+02 1.084189989999999995e+02
3.191929930000000013e+02 7.049099699999999302e+01
2.163419949999999972e+02 1.136689989999999995e+02
3.070620119999999815e+02 8.272100100000000111e+01
2.485480039999999917e+02 7.594300099999999532e+01
2.919020080000000235e+02 7.805599999999999739e+01
2.260670010000000048e+02 8.724700199999999484e+01
1.958340000000000032e+02 1.078469999999999942e+02
2.692260130000000231e+02 9.485700199999999427e+01
3.005419919999999934e+02 7.815100099999999372e+01
2.763099980000000073e+02 1.476179960000000051e+02
3.177059939999999756e+02 9.896099900000000105e+01
1.929149930000000097e+02 9.577600099999999372e+01
2.730499879999999848e+02 9.842299699999999518e+01
3.222799989999999752e+02 1.277969970000000046e+02
2.448650049999999965e+02 1.448379970000000014e+02
1.874190059999999960e+02 7.965499900000000366e+01
2.790469969999999762e+02 8.555300099999999475e+01
2.820159909999999854e+02 7.336199999999999477e+01
3.418169859999999858e+02 6.224000199999999694e+01
2.249929960000000051e+02 1.128769989999999979e+02
3.267080080000000066e+02 7.646499599999999930e+01
2.593139949999999772e+02 1.473269960000000083e+02
2.379570009999999911e+02 6.996600300000000061e+01
3.211040039999999749e+02 2.330400099999999952e+01
2.161340030000000070e+02 1.340740049999999997e+02
1.882790070000000071e+02 3.778699900000000156e+01
3.282590030000000070e+02 1.485820009999999911e+02
2.369389950000000056e+02 9.654699700000000462e+01
3.208429869999999937e+02 1.382279969999999878e+02
2.503650049999999965e+02 8.103600299999999379e+01
2.789769900000000007e+02 9.909200300000000539e+01
2.951650089999999977e+02 9.601499900000000309e+01
2.170540009999999995e+02 1.306260069999999871e+02
2.470440059999999960e+02 8.266300200000000586e+01
3.298659969999999930e+02 9.970200300000000482e+01
3.012449950000000172e+02 1.105210040000000049e+02
1.847230069999999955e+02 7.617800099999999475e+01
2.809070130000000063e+02 7.598300199999999904e+01
3.010899959999999851e+02 1.465639950000000056e+02
1.944069979999999873e+02 9.551399999999999579e+01
2.982290039999999749e+02 1.485370029999999986e+02
2.052050020000000075e+02 1.113059999999999974e+02
2.431380000000000052e+02 8.316999800000000675e+01
2.862650150000000053e+02 1.045230030000000028e+02
3.172890009999999847e+02 7.574900100000000691e+01
2.191309970000000078e+02 1.446999969999999962e+02
2.922269900000000007e+02 9.731900000000000261e+01
1.997279969999999878e+02 7.825399799999999573e+01
3.040759889999999928e+02 9.529200000000000159e+01
2.167909999999999968e+02 1.468619999999999948e+02
2.684200129999999831e+02 8.623000299999999640e+01
2.925679930000000013e+02 1.472380070000000103e+02
2.133419949999999972e+02 9.447100100000000111e+01
3.143200069999999755e+02 9.369000200000000689e+01
2.268480069999999955e+02 4.091700000000000159e+01
2.781170040000000085e+02 1.435879970000000014e+02
2.677239989999999921e+02 8.072499799999999937e+01
2.181280059999999992e+02 1.111699980000000068e+02
3.198370059999999739e+02 9.165200000000000102e+01
2.196159969999999930e+02 1.408849950000000035e+02
2.331170040000000085e+02 8.550000000000000000e+01
3.415289920000000166e+02 4.710800199999999904e+01
2.840520020000000159e+02 1.453600010000000111e+02
2.015130000000000052e+02 1.450240019999999959e+02
2.023860019999999906e+02 7.015100099999999372e+01
1.866159969999999930e+02 9.793900299999999959e+01
2.392989959999999883e+02 7.472000099999999634e+01
2.617959900000000175e+02 6.912100200000000427e+01
2.070500030000000038e+02 1.052959979999999973e+02
2.239140010000000132e+02 1.432689970000000130e+02
2.719660030000000006e+02 9.203299699999999461e+01
3.166570130000000063e+02 1.054359970000000004e+02
1.841750030000000038e+02 7.876799800000000573e+01
3.289289860000000090e+02 1.428439940000000092e+02
2.416000060000000076e+02 9.572399900000000628e+01
2.172899930000000097e+02 4.892200100000000162e+01
3.112940060000000244e+02 1.431849980000000073e+02
3.022560119999999984e+02 8.396900200000000325e+01
2.373890079999999898e+02 8.138700099999999793e+01
1.885240019999999959e+02 1.399400019999999927e+02
2.276430049999999881e+02 1.432250060000000076e+02
1.997530059999999992e+02 7.847100100000000111e+01
2.251100010000000111e+02 1.409149930000000097e+02
2.968689880000000016e+02 1.258340000000000032e+02
2.550630040000000065e+02 9.800000000000000000e+01
2.599689940000000092e+02 6.807199900000000525e+01
2.073970030000000122e+02 1.007949980000000068e+02
2.840320130000000063e+02 8.304099999999999682e+01
3.223720089999999914e+02 3.472000100000000344e+01
2.629190060000000244e+02 3.331100099999999742e+01
2.724530030000000238e+02 4.191500099999999662e+01
2.435110019999999906e+02 7.138500200000000007e+01
2.919110109999999736e+02 7.474199699999999780e+01
2.919119870000000105e+02 1.097559969999999936e+02
2.147949979999999925e+02 8.253500400000000070e+01
2.081600039999999865e+02 6.952899899999999889e+01
3.109739989999999921e+02 1.029380040000000065e+02
2.160379939999999976e+02 6.456900000000000261e+01
3.003259889999999928e+02 8.710199699999999723e+01
2.028419949999999972e+02 1.484600069999999903e+02
2.285590060000000108e+02 8.915300000000000580e+01
2.760249939999999924e+02 8.363700099999999793e+01
3.219169919999999934e+02 7.685500299999999640e+01
3.252090150000000222e+02 9.421900200000000325e+01
2.852909849999999778e+02 1.049150010000000037e+02
3.157539980000000241e+02 8.520300299999999538e+01
3.037149959999999851e+02 1.480119929999999897e+02
2.330760040000000117e+02 1.075350040000000007e+02
3.286480099999999993e+02 9.898600000000000421e+01
2.960799870000000169e+02 1.117929989999999947e+02
2.173979950000000088e+02 4.242300000000000182e+01
2.336889950000000056e+02 9.578199800000000153e+01
2.489640049999999860e+02 8.342299699999999518e+01
3.315390009999999847e+02 6.870900000000000318e+01
2.155540009999999995e+02 1.114349979999999931e+02
2.925060119999999984e+02 9.504900399999999649e+01
3.075440060000000244e+02 8.625599699999999359e+01
2.331909939999999892e+02 7.116000400000000070e+01
2.735140079999999898e+02 1.029929960000000051e+02
2.428549959999999999e+02 8.789800300000000277e+01
1.826419980000000010e+02 1.105500030000000038e+02
3.057319949999999835e+02 7.262400100000000691e+01
3.078879999999999768e+02 1.455910030000000006e+02
2.166929930000000013e+02 9.017600299999999436e+01
3.155010070000000155e+02 1.420030059999999992e+02
2.372090000000000032e+02 7.201899699999999882e+01
2.996459960000000251e+02 1.074619979999999941e+02
3.298210139999999910e+02 8.369300099999999532e+01
3.166130069999999819e+02 1.433529969999999878e+02
2.887019960000000083e+02 8.521099900000000105e+01
2.919960019999999759e+02 7.306099700000000041e+01
2.966619870000000105e+02 1.414320069999999987e+02
3.265759889999999928e+02 9.397699699999999723e+01
2.679760130000000231e+02 1.019150010000000037e+02
3.234299930000000245e+02 8.121299700000000144e+01
2.706289980000000241e+02 9.560099800000000414e+01
2.534100039999999865e+02 1.111139979999999952e+02
1.933710020000000043e+02 1.037959979999999973e+02
2.838680110000000241e+02 8.479299899999999468e+01
2.362709959999999967e+02 9.255599999999999739e+01
2.597839969999999994e+02 1.124179989999999947e+02
3.133510130000000231e+02 6.893099999999999739e+01
1.948280029999999954e+02 1.392090000000000032e+02
2.700979919999999765e+02 1.394720000000000084e+02
3.318070069999999987e+02 9.109200300000000539e+01
1.929159999999999968e+02 8.516200299999999856e+01
2.376549990000000037e+02 5.486800000000000210e+01
2.467129970000000014e+02 8.009600100000000111e+01
2.479429930000000013e+02 8.157599600000000351e+01
3.187919919999999934e+02 7.306600199999999745e+01
3.217909849999999778e+02 3.611500199999999694e+01
2.581740110000000072e+02 8.674800100000000214e+01
2.894360050000000228e+02 1.469149930000000097e+02
2.062460020000000043e+02 9.171600300000000061e+01
2.553489989999999921e+02 8.570799999999999841e+01
2.624970089999999914e+02 9.638600200000000484e+01
2.514279940000000124e+02 6.834200300000000539e+01
2.042559970000000078e+02 1.122610020000000048e+02
2.110989989999999921e+02 1.483200070000000039e+02
3.006539920000000166e+02 5.842399999999999949e+01
3.021740110000000072e+02 5.422499799999999937e+01
2.131300050000000113e+02 1.086169969999999978e+02
3.251690060000000244e+02 9.374600200000000427e+01
1.953329929999999877e+02 1.466569979999999873e+02
2.128670040000000085e+02 1.383189999999999884e+02
3.305060119999999984e+02 1.327989959999999883e+02
2.355119929999999897e+02 1.049899979999999999e+02
3.025750120000000152e+02 9.031199599999999350e+01
2.781090090000000146e+02 9.906500200000000689e+01
2.460840000000000032e+02 8.926300000000000523e+01
2.462550050000000113e+02 1.442180020000000127e+02
2.847699890000000096e+02 6.956500200000000689e+01
2.718099980000000073e+02 1.218499979999999994e+02
1.951210020000000043e+02 1.447709959999999967e+02
2.363300020000000075e+02 1.022839969999999994e+02
2.185590060000000108e+02 1.047679980000000057e+02
2.395720059999999876e+02 1.468009950000000003e+02
2.072879939999999976e+02 9.846700300000000539e+01
2.733269960000000083e+02 9.335800199999999904e+01
2.261139980000000094e+02 1.108259960000000035e+02
2.191199949999999887e+02 7.097399900000000628e+01
2.173000030000000038e+02 7.962799800000000516e+01
2.675190119999999752e+02 9.988600200000000484e+01
2.302740019999999959e+02 7.972599800000000414e+01
1.904830019999999990e+02 6.848100300000000118e+01
3.139599910000000023e+02 1.120550000000000068e+02
1.892350010000000111e+02 1.445890049999999860e+02
2.630310059999999908e+02 1.137429960000000051e+02
2.048110049999999944e+02 7.048300199999999904e+01
3.164620059999999739e+02 6.996600300000000061e+01
2.475659939999999892e+02 1.133700029999999970e+02
2.937789920000000166e+02 8.694000200000000689e+01
2.191349950000000035e+02 1.398809970000000078e+02
3.263609920000000102e+02 1.416490019999999959e+02
2.140740049999999997e+02 9.610700199999999427e+01
2.831759950000000003e+02 8.148200199999999427e+01
2.977860109999999736e+02 8.486599699999999302e+01
2.855700069999999755e+02 8.935199699999999723e+01
2.694819949999999835e+02 9.708799700000000144e+01
2.758269960000000083e+02 7.823100300000000118e+01
2.571130069999999819e+02 1.138929980000000057e+02
3.041990049999999997e+02 1.407460020000000043e+02
2.149590000000000032e+02 1.069980010000000021e+02
2.066260069999999871e+02 8.606300400000000650e+01
2.266260069999999871e+02 8.541999800000000675e+01
2.742009889999999928e+02 8.962000299999999697e+01
2.784819949999999835e+02 1.470780029999999954e+02
1.952960050000000081e+02 6.895799999999999841e+01
2.415809940000000040e+02 1.060080030000000022e+02
2.456569979999999873e+02 1.485630040000000065e+02
2.908599849999999947e+02 8.738999900000000309e+01
2.016889950000000056e+02 9.280400099999999952e+01
2.575490110000000072e+02 1.469290009999999995e+02
3.023450010000000248e+02 9.503800200000000586e+01
2.792219850000000179e+02 1.138410030000000006e+02
2.539479980000000126e+02 7.634699999999999420e+01
2.871440119999999752e+02 9.609899900000000628e+01
2.630880129999999895e+02 7.757099900000000048e+01
2.550780029999999954e+02 8.992600299999999436e+01
3.142720029999999838e+02 1.403040009999999995e+02
2.000359950000000140e+02 5.674900099999999981e+01
1.913930049999999881e+02 8.587300100000000214e+01
3.177600100000000225e+02 9.304799699999999518e+01
2.318390049999999860e+02 1.001220019999999948e+02
2.702890009999999847e+02 1.414470059999999876e+02
2.714549870000000169e+02 1.460720059999999876e+02
3.054079899999999839e+02 9.563600200000000484e+01
2.730580140000000142e+02 1.480039979999999957e+02
2.705320130000000063e+02 9.099199699999999780e+01
2.160619959999999935e+02 4.645000100000000032e+01
3.122600100000000225e+02 9.586799600000000510e+01
2.365700070000000039e+02 1.108030009999999947e+02
2.597470089999999914e+02 1.029469990000000053e+02
3.230360109999999736e+02 1.420489959999999883e+02
2.332920070000000123e+02 6.952899899999999889e+01
3.019129940000000261e+02 7.655200200000000166e+01
2.699549870000000169e+02 7.464499700000000360e+01
2.595799870000000169e+02 9.204499800000000675e+01
2.629249879999999848e+02 1.471950070000000039e+02
1.966029969999999878e+02 9.932299799999999834e+01
2.671220089999999914e+02 8.543599700000000041e+01
1.836380000000000052e+02 1.390079959999999915e+02
2.980159909999999854e+02 7.796299700000000144e+01
3.076189880000000016e+02 1.468780059999999992e+02
2.086959990000000005e+02 6.298700000000000188e+01
2.621870119999999815e+02 1.220080030000000022e+02
3.133760070000000155e+02 8.413800000000000523e+01
3.224819949999999835e+02 2.902100000000000080e+01
2.767860109999999736e+02 1.167750020000000006e+02
2.370469970000000046e+02 8.948300199999999904e+01
3.269939880000000016e+02 1.456450040000000001e+02
2.247369999999999948e+02 7.618499799999999311e+01
2.803829959999999915e+02 9.947100100000000111e+01
2.821250000000000000e+02 9.257299799999999834e+01
2.373179930000000013e+02 1.015240019999999959e+02
2.083329929999999877e+02 1.121679989999999947e+02
3.310610050000000228e+02 1.467070009999999911e+02
2.606990049999999997e+02 1.009440000000000026e+02
2.846359860000000026e+02 9.383499899999999627e+01
2.813980099999999993e+02 7.273200199999999427e+01
2.518890079999999898e+02 8.332900200000000268e+01
2.246670070000000123e+02 1.448959959999999967e+02
2.572640079999999898e+02 1.428070069999999987e+02
2.645280149999999821e+02 1.004270020000000017e+02
2.401999969999999962e+02 1.016009980000000041e+02
2.140319979999999873e+02 8.925800300000000220e+01
2.894530030000000238e+02 8.459100300000000061e+01
2.997090150000000222e+02 9.482499699999999621e+01
3.304989929999999845e+02 1.064410019999999975e+02
2.707309880000000248e+02 1.017990039999999965e+02
2.795360109999999736e+02 8.961699699999999780e+01
3.275589899999999943e+02 1.110130000000000052e+02
3.256369930000000181e+02 1.032710040000000049e+02
2.437799990000000037e+02 9.968900299999999959e+01
3.020339969999999994e+02 1.065159989999999937e+02
2.793959960000000251e+02 9.032399700000000564e+01
2.898269960000000083e+02 9.274800100000000214e+01
3.096770020000000159e+02 1.439900049999999965e+02
2.697709960000000251e+02 1.126780009999999947e+02
1.832720030000000122e+02 7.711299900000000207e+01
2.172259980000000041e+02 1.162860029999999938e+02
2.710679930000000013e+02 1.162079999999999984e+02
2.264210050000000081e+02 8.537100200000000427e+01
3.187460019999999759e+02 9.985500299999999640e+01
2.130070039999999949e+02 1.428220059999999876e+02
2.334340060000000108e+02 4.208900100000000322e+01
2.576770020000000159e+02 7.367900099999999952e+01
2.012530059999999992e+02 7.935199699999999723e+01
2.438060000000000116e+02 9.779799699999999518e+01
