68.602 102.492
454.666 264.809
372.615 263.141
300.989 46.555
110.171 55.648
118.856 47.446
355.247 76.431
276.086 182.048
143.376 117.738
204.207 133.41
78.26 139.327
158.722 211.53
68.434 59.125
407.505 160.498
416.435 150.446
507.549 190.889
149.841 204.709
498.759 181.948
274.615 232.734
84.023 90.084
362.241 242.055
505.821 159.21
420.804 134.83
356.67 199.094
326.546 91.767
214.477 63.822
351.351 86.885
216.041 242.025
441.7 277.333
68.678 203.095
547.051 99.218
405.983 141.934
402.24 247.876
197.134 260.622
163.141 66.302
340.037 115.315
63.076 78.06
261.073 268.122
319.376 65.832
494.333 148.839
393.601 118.589
320.43 57.284
77.562 152.847
361.268 272.518
417.066 120.684
79.098 128.405
76.775 83.792
136.696 213.328
88.132 84.512
201.808 97.972
200.869 200.106
351.79 207.099
561.827 150.697
144.491 171.658
571.212 245.482
559.039 230.926
289.504 114.581
209.493 54.874
431.458 269.97
279.835 156
321.254 75.782
199.571 159.617
179.006 238.615
366.043 43.704
493.071 137.215
74.259 114.187
63.906 186.028
272.247 148.52
450.42 276.351
118.652 47.566
153.822 156.34
206.664 148.38
398.006 120.303
529.077 73.43
129.91 133.877
506.033 181.779
62.486 89.727
296.484 74.566
551.644 152.569
239.556 241.076
540.181 57.262
172.683 272.181
316.925 50.753
97.492 58.953
156.372 260.434
345.459 153.76
264.006 112.605
224.138 75.089
145.08 237.365
253.703 237.499
201.905 53.102
556.011 101.082
452.518 269.385
371.035 258.471
499.487 145.822
74.157 158.457
216.21 85.133
199.267 265.594
211.369 70.835
344.519 43.955
80.835 114.596
506.614 164.535
373.147 183.348
340.328 148.423
414.768 120.627
404.617 188.163
388.846 201.077
374.456 277.561
406.262 62.544
373.372 200.987
85.686 111.492
537.797 200.25
379.643 203.58
337.071 264.25
142.105 174.247
607.012 95.57
403.928 48.665
357.195 148.77
422.09 46.941
271.251 248.489
553.254 215.65
431.526 264.532
542.892 216.174
221.812 95.017
225.775 182.016
202.83 59.569
505.184 78.09
372.135 54.532
402.974 152.485
265.846 156.805
87.424 122.912
501.615 182.664
276.358 67.304
274.274 127.919
401.798 104.117
204.032 58.14
215.926 109.173
544.536 153.228
545.335 209.331
277.588 118.246
218.899 250.219
226.056 120.684
549.72 180.002
70.336 206.401
121.46 76.32
564.699 201.604
206.908 146.298
36.775 70.015
496.279 160.412
516.99 70.312
339.785 263.169
225.919 79.082
360.173 211.24
366.281 58.453
424.911 136.616
548.374 145.423
387.816 113.754
451.851 273.096
404.426 257.584
142.244 231.23
145.981 227.062
284.207 264.682
337.814 257.344
105.433 51.442
545.224 225.051
208.39 75.332
273.892 219.989
289.349 173.746
564.371 89.732
412.708 116.077
271.723 132.409
421.483 211.5
264.535 268.02
489.466 162.87
223.421 68.188
392.942 135.414
68.3 187.684
489.808 165.391
69.912 147.278
287.982 216.134
139.629 129.984
541.437 127.388
400.451 123.732
218.243 155.307
202.481 72.198
168.03 261.266
619.125 69.594
436.71 270.841
154.612 215.952
189.403 262.306
523.783 156.403
381.271 68.85
256.622 247.915
149.822 273.041
183.73 260.953
331.836 118.96
424.649 195.049
220.881 157.615
269.653 164.266
414.296 274.464
537.829 47.89
554.737 172.769
501.874 52.793
280.085 239.257
277.212 143.406
271.05 123.363
259.848 138.881
264.356 244.202
515.554 127.195
539.467 94.117
143.67 124.127
414.031 205.598
565.844 142.675
137.482 266.582
167.116 273.621
527.074 153.166
563.409 113.121
369.475 192.703
399.171 173.39
191.44 74.565
495.972 148.302
73.047 69.908
88.924 82.487
157.252 125.512
315.095 66.235
558.548 54.449
221.786 266.627
246.72 238.215
556.92 55.392
225.216 143.942
354.427 241.69
507.591 78.817
488.375 60.949
544.979 153.479
616.435 71.612
497.333 164.131
133.772 267.61
337.778 139.573
466.364 264.54
370.031 59.179
543.581 123.6
415.418 45.093
201.083 207.114
384.669 200.023
385.501 138.544
533.127 122.262
213.603 212.639
69.39 58.307
323.787 76.213
259.073 275.682
296.312 71.642
268.604 245.288
382.76 280.609
379.268 203.693
91.368 73.508
67.342 162.85
344.021 118.731
360.39 211.813
274.824 156.925
528.94 69.174
423.186 247.752
176.015 265.404
343.785 130.517
116.119 69.62
326.781 68.027
534.888 213.374
154.552 83.04
153.338 174.564
159.706 266.638
542.564 168.458
197.911 186.554
418.171 128.664
389.443 142.232
90.458 148.665
375.487 46.979
150.059 244.69
264.854 215.569
146.003 159.863
405.241 69.778
467.384 180.947
403.098 110.322
513.355 118.451
425.588 61.138
37.889 71.116
284.422 254.266
494.172 63.684
228.774 69.528
461.82 274.222
387.88 274.058
134.993 212.268
221.29 96.491
73.657 65.095
517.346 295.872
505.941 58.593
542.097 184.73
530.497 46.64
213.016 128.927
205.339 156.645
410.615 258.216
153.492 180.065
141.671 76.371
524.553 165.862
467.214 264.064
148.02 164.329
558.398 81.553
400.393 219.72
350.661 139.521
525.979 82.228
215.945 177.51
286.676 235.27
280.405 215.079
223.25 261.005
378.198 259.62
403.606 44.677
344.885 130.862
447.529 259.095
209.339 95.321
554.961 217.301
145.308 85.19
72.981 83.26
392.256 170.957
79.999 186.68
149.199 263.167
219.119 182.086
206.257 251.033
371.322 209.391
565.026 124.321
178.876 74.915
293.772 203.165
270.893 161.321
80.168 194.88
204.113 153.133
383.214 247.853
259.765 126.156
419.657 65.945
431.49 264.491
406.998 246.19
277.989 205.15
554.848 85.686
344.823 55.803
412.154 78.269
147.856 264.793
149.651 152.238
77.414 158.491
153.93 126.665
204.827 270.391
228.216 240.671
401.637 105.728
322.621 78.267
94.741 52.376
227.435 248.346
280.471 257.468
560.134 192.854
147.064 258.055
369.891 64.986
290.599 211.243
192.133 48.195
88.632 193.702
229.732 82.604
410.18 209.501
279.606 184.71
394.184 66.892
133.354 133.918
147.923 165.705
363.25 92.216
291.718 209.782
290.599 72.656
561.962 87.594
352.762 138.62
484.556 160.297
167.651 259.893
61.633 86.042
460.878 251.68
200.84 169.128
394.834 130.863
201.585 198.491
215.08 117.963
215.751 151.002
220.952 71.133
347.067 245.575
126.486 142.093
164.13 54.817
550.029 117.911
426.225 270.431
519.531 129.794
379.121 254.881
542.702 171.486
533.587 193.6
353.604 121.234
153.577 225.175
131.818 196.413
338.059 70.676
502.425 53.132
279.089 245.427
424.962 273.664
541.892 207.897
288.184 263.429
363.827 265.306
434.536 247.975
306.924 75.287
357.175 95.026
550.997 243.846
225.038 176.439
494.728 143.432
208.753 164.191
534.01 104.303
523.878 92.525
208.278 130.828
571.587 223.68
421.788 65.191
152.784 150.06
388.643 121.815
145.311 193.749
336.64 148.961
147.827 77.153
217.384 96.016
83.202 190.785
300.021 75.656
509.887 134.425
258.35 256.755
289.982 171.156
234.963 71.14
266.122 269.04
155.977 77.838
420.946 145.487
269.45 56.583
280.295 194.453
216.378 255.732
354.207 259.14
308.861 64.675
550.972 215.511
277.112 200.836
558.011 213.446
218.72 179.431
279.444 193.006
223.894 202.671
133.828 129.865
110.659 48.998
415.625 270.712
409.835 184.817
88.906 177.535
234.054 69.396
142.123 234.205
511.355 95.765
276.673 242.271
80.271 83.59
516.803 178.258
207.09 70.063
523.571 169.846
413.615 53.313
556.515 102.585
473.569 57.638
549.435 209.464
371.697 272.552
529.762 76.723
205.227 246.668
226.211 145.084
402.252 213.079
361.722 242.738
116.976 82.377
566.192 235.924
212.968 111.195
521.856 119.299
197.769 154.941
407.636 67.966
217.485 190.594
142.425 169.315
213.616 144.545
281.668 64.198
316.955 53.68
611.901 94.149
515.021 205.44
561.765 185.146
290.116 119.855
148.061 151.3
238.884 251.554
187.236 251.004
421.539 206.07
499.836 182.498
333.297 67.385
395.483 272.715
425.303 252.941
419.815 259.24
198.391 122.152
547.831 197.477
358.086 59.121
82.024 94.299
393.754 156.3
386.413 207.781
525.497 303.835
472.797 65.192
86.283 66.421
482.707 274.638
322.533 65.029
84.397 199.468
132.521 198.968
519.081 192.127
203.091 178.294
264.012 247.958
287.651 69.627
353.447 109.286
513.723 166.886
173.961 83.423
72.469 113.909
398.233 134.742
158.584 242.587
495.59 133.187
70.126 94.395
224.886 114.947
364.425 60.943
491.794 52.014
226.804 113.42
559.001 142.851
78.025 187.731
197.681 245.843
554.24 65.097
63.911 59.246
286.357 255.755
455.714 257.773
215.922 200.166
205.102 215.964
432.223 275.736
516.308 68.135
550.304 222.013
486.712 71.213
492.849 72.718
216.549 140.222
200.799 201.183
284.629 204.29
268.85 245.107
220.207 121.188
517.594 96.478
61.004 79.416
71.369 203.86
347.066 271.847
149.655 235.922
500.374 71.338
351.678 62.954
260.19 140.643
542.158 47.147
220.291 210.706
358.91 149.916
62.165 168.395
75.541 166.697
150.848 125.786
107.168 70.819
337.409 268.332
64.657 54.803
77.251 200.846
397.515 157.147
412.723 137.78
495.941 81.677
540.797 108.446
545.314 106.726
224.747 123.255
397.417 57.349
514.872 185.131
458.995 262.931
345.529 99.793
69.801 59.326
83.352 177.713
78.885 178.132
491.757 156.937
127.081 66.05
569.869 245.238
197.643 139.958
108.601 61.827
156.992 124.172
161.732 186.49
104.151 69.683
196.171 268.661
127.226 129.435
416.785 58.725
518.163 70.306
514.856 203.009
349.292 67.574
146.664 125.167
398.97 186.104
368.383 73.977
380.351 271.92
102.271 49.523
75.187 122.784
348.201 239.961
344.229 97.662
535.874 44.97
287.668 198.734
524.597 99.436
569.566 232.117
267.022 214.467
559.561 225.188
277.99 217.576
403.419 272.483
201.538 186.804
60.66 56.916
153.214 164.862
208.245 76.134
408.865 193.317
504.253 180.144
410.327 249.085
147.83 143.212
339.817 156.127
358.973 71.461
489.145 165.707
537.526 210.846
391.472 267.171
85.792 73.969
108.282 81.346
388.528 114.938
131.456 51.794
399.669 136.672
199.119 108.886
209.731 160.802
473.178 247.637
558.519 178.299
541.971 60.065
65.867 198.91
92.309 56.044
215.562 55.317
553.903 101.419
368.523 205.616
271.564 190.7
205.973 156.249
390.68 191.052
361.025 80.888
434.574 273.13
571.201 76.892
242.838 254.59
274.691 157.7
151.521 79.5
478.623 275.46
125.753 175.505
480.189 74.162
459.399 253.911
276.159 117.31
104.445 49.827
548.475 75.564
73.333 151.213
481.217 78.434
561.667 185.233
496.875 132.725
499.8 76.371
569.189 113.514
560.178 71.477
467.709 68.916
468.29 194.759
412.936 212.713
415.333 135.025
523.486 123.115
390.17 155.221
397.839 115.135
554.365 184.05
543.266 126.736
404.246 123.979
342.388 146.859
533.779 291.338
283.355 111.436
219.481 239.174
80.915 190.14
79.948 173.321
169.63 257.895
557.15 136.398
147.914 251.274
217.025 56.208
422.679 276.143
527.646 187.477
557.478 113.741
84.288 91.325
363.107 266.285
417.227 118.392
346.876 273.544
255.119 254.615
216.022 131.951
260.205 112.299
276.119 133.02
162.988 254.934
524.322 212.404
61.886 159.762
221.966 84.365
218.027 189.225
173.146 273.542
214.585 163.478
546.085 237.443
339.459 153.665
315.106 58.259
363.918 195.026
349.798 127.554
153.469 171.592
501.613 142.603
503.001 49.285
136.839 118.946
247.244 248.746
259.307 124.203
198.034 79.151
284.038 222.837
453.714 266.86
499.848 141.688
63.426 81.056
196.305 105.213
487.638 149.632
402.793 136.734
259.285 271.831
388.745 198.366
552.003 144.521
306.715 44.197
204.765 178.604
493.495 80.028
541.557 170.906
373.124 191.568
143.997 260.291
145.413 134.021
221.483 117.691
86.468 276.19
318.588 75.4
263.646 267.212
386.378 180.394
210.034 137.122
542.03 218.657
375.549 212.609
486.789 147.376
315.803 45.083
195.441 128.903
183.462 56.708
264.289 199.217
406.706 139.324
565.385 246.927
94.456 79.462
354.705 148.16
134.035 270.36
131.587 267.355
336.108 276.117
394.167 252.934
195.989 197.909
63.659 163.31
71.4 139.913
182.017 81.1
288.481 259.297
545.689 74.203
504.901 141.692
414.643 184.557
384.815 243.263
347.087 50.041
541.625 241.244
127.347 137.868
344.224 261.82
195.014 185.797
539.118 199.539
410.959 150.048
220.807 87.946
549.865 241.712
509.842 177.705
318.591 73.925
190.849 242.915
190.148 101.682
532.144 169.727
224.808 243.448
86.321 301.344
222.153 239.231
410.339 254.329
418.156 210.19
272.95 254.606
519.545 129.738
206.801 144.411
566.065 115.461
556.976 179.287
121.504 67.869
150.147 76.747
208.808 165.647
222.161 138.463
528.759 67.716
262.396 204.21
129.417 168.61
552.683 175.132
214.535 119.446
557.208 79.646
530.965 63.236
418.444 200.322
238.047 261.703
201.217 265.071
188.839 251.476
348.708 264.786
421.765 147.291
205.848 124.319
224.155 203.642
525.804 300.697
315.523 47.177
156.13 234.999
347.307 94.456
377.41 275.057
228.194 60.68
340.11 47.505
258.291 271.581
463.857 277.719
143.76 173.415
337.943 79.388
208.768 191.12
218.174 169.87
120.374 69.637
142.111 79.349
65.189 194.559
265.601 240.356
205.206 50.705
72.794 78.228
140.844 137.3
190.788 75.969
517.686 307.463
415.431 255.132
283.963 174.407
418.147 122.465
410.948 205.373
548.561 176.338
567.103 216.972
67.875 208.449
377.47 212.736
211.217 107.484
232.098 257.044
570.518 251.044
537.054 99.6
492.822 151.568
560.119 189.217
163.872 153.646
254.252 245.615
153.044 226.544
395.057 50.816
404.819 250.744
211.73 245.554
495.527 79.616
540.445 180.337
67.157 178.634
487.325 73.155
338.961 262.146
327.824 76.202
264.788 148.672
411.801 149.752
545.801 167.888
381.32 258.931
77.082 148.806
438.205 247.067
277.219 217.202
153.108 141.308
72.744 176.62
78.191 153.043
385.004 255.349
84.214 146.275
357.401 141.967
392.569 209.086
272.731 209.088
513.608 131.033
287.792 55.099
281.524 240.627
383.039 244.185
548.194 65.577
200.833 190.582
553.983 192.146
309.007 72.724
478.194 72.762
73.299 70.263
136.423 80.697
217.195 240.13
341.674 97.195
515.473 199.523
155.072 220.078
512.089 163.482
522.854 154.554
183.056 250.378
341.047 122.501
345.953 95.014
550.792 47.075
559.868 158.059
374.838 63.68
145.011 215.368
356.158 137.856
543.425 191.575
545.588 238.605
215.476 261.659
441.318 253.737
65.681 184.876
270.161 112.893
352.854 60.85
476.358 275.85
274.912 59.732
412.047 146.851
195.946 193.243
223.197 185.781
126.828 80.84
481.956 272.217
544.021 90.908
239.202 270.965
74.192 172.856
204.18 152.365
391.736 257.346
70.064 108.978
377.457 259.427
418.944 71.442
134.456 50.422
421.493 193.089
348.102 142.676
531.364 59.176
175.41 59.453
155.979 225.854
526.837 133.972
208.875 74.816
514.117 159.016
85.96 169.66
412.851 67.483
68.553 141.475
134.29 235.118
86.373 93.228
71.369 115.289
138.216 50.256
402.711 204.28
395.114 111.776
239.142 269.993
388.421 261.051
81.629 78.8
555.003 65.936
551.724 145.508
542.121 104.975
396.117 218.822
365.647 210.935
213.869 195.869
567.011 237.42
135.469 79.51
267.565 257.905
177.214 68.157
550.62 177.249
499.154 292.428
391.36 247.512
227.749 58.164
365.975 210.569
264.609 262.179
69.783 102.732
556.311 71.504
197.59 59.151
213.355 207.597
279.515 239.76
179.58 48.884
127.226 207.061
261.452 275.561
406.099 193.134
533.034 66.447
409.175 104.793
406.772 159.045
368.958 275.674
533.311 224.809
132.11 250.674
555.441 53.792
264.483 210.155
332.588 69.141
420.322 76.218
227.481 85.85
527.408 223.165
544.468 118.908
472.997 274.917
422.758 55.335
402.631 201.536
216.9 154.263
543.466 203.563
346.36 242.362
552.204 132.477
565.084 246.381
339.731 109.21
269.233 178.604
332.215 102.669
151.753 231.715
148.682 261.689
59.388 62.118
503.576 135.766
132.005 145.804
492.546 80.018
229.121 247.395
284.378 260.545
90.861 76.96
532.476 107.514
157.01 61.279
337.387 59.17
284.537 64.368
107.119 57.084
131.908 135.15
77.188 84.619
430.904 242.27
297.882 48.99
399.959 179.531
504.268 166.813
225.386 126.597
268.322 180.777
301.324 50.778
338.592 68.205
130.727 140.968
274.751 234.646
568.924 107.925
549.747 208.022
349.295 257.126
522.211 188.499
525.786 131.324
412.403 132.521
422.457 184.72
150.859 166.605
546.712 76.858
73.738 118.968
222.977 127.784
391.316 148.891
393.092 129.072
347.417 138.538
446.942 245.123
67.825 77.78
228.258 150.303
193.087 187.929
304.843 76.258
100.706 294.773
432.035 266.388
255.184 274.318
78.209 159.772
206.795 50.302
571.821 227.766
391.961 270.423
210.551 252.573
60.392 85.137
515.908 93.042
222.111 213.711
285.927 62.461
410.052 269.27
529.92 96.843
550.907 215.721
190.945 107.655
225.704 255.698
156.554 267.669
193.243 88.168
531.502 64.974
225.236 189.682
196.739 157.088
142.429 225.017
342.41 88.898
553.501 154.316
526.924 109.113
212.822 192.042
382.042 135.716
409.317 166.828
529.794 188.01
395.916 102.454
93.64 48.085
140.571 166.013
407.362 269.161
362.934 78.531
357.629 68.195
388.398 55.93
206.153 190.86
407.127 62.276
363.135 195.926
343.376 258.874
365.953 248.967
159.238 179.363
96.618 56.1
395.511 211.984
308.175 53.668
448.146 275.88
220.69 245.319
406.674 116.499
411.731 71.066
564.352 116.217
549.045 198.422
77.078 144.052
365.648 199.451
138.614 258.243
525.691 162.047
408.616 152.786
193.332 60.961
159.342 239.521
510.713 185.669
405.747 207.256
130.346 63.986
192.684 204.679
273.763 259.327
540.555 109.468
147.623 78.259
290.057 260.842
395.387 215.599
431.33 242.557
293.342 66.148
293.395 78.69
245.165 259.409
67.023 102.628
542.743 169.78
123.31 73.36
337.907 56.36
450.478 270.448
78.232 202.113
197.203 117.844
513.33 167.79
548.788 155.852
193.896 247.434
334.65 47.013
151.128 223.262
272.4 110.884
83.858 120.707
406.671 189.347
339.124 51.943
426.373 253.62
272.725 239.45
330.483 108.386
120.526 63.863
306.765 44.208
612.019 87.445
392.23 182.075
417.294 45.928
150.268 160.546
405.196 109.883
529.631 164.126
483.033 246.138
140.076 265.938
252.376 275.053
485.057 79.65
529.336 67.265
59.775 81.049
444.043 245.829
158.796 139.456
168.305 71.5
552.679 239.59
382.507 197.737
541.806 85.979
505.689 148.174
271.214 143.773
71.393 193.794
263.815 252.402
133.9 199.836
553.259 237.582
506.929 79.714
211.548 58.883
338.215 100.071
389.223 144.348
83.006 125.87
510.055 121.291
131.256 207.792
515.589 61.882
526.489 207.761
424.434 247.221
322.536 56.562
197.313 240.404
153.582 64.471
86.076 90.98
500.928 70.699
362.181 78.51
403.845 213.099
147.301 190.152
194.674 149.846
193.899 195.013
359.399 88.043
294.655 73.824
366.827 47.847
560.845 196.592
420.375 254.2
397.512 188.021
360.2 267.189
87.598 141.437
551.363 246.065
291.794 50.271
363.697 264.91
460.067 256.363
489 151.738
468.904 71.063
59.617 54.741
440.32 267.303
255.521 260.297
271.029 52.683
222.898 99.995
571.252 234.04
486.408 61.481
286.955 161.297
344.393 125.356
528.775 201.031
326.166 86.869
89.707 141.608
536.372 86.766
482 79.878
427.477 258.54
98.993 61.222
209.751 86.031
536.64 178.181
136.76 70.601
405.318 174.242
368.491 199.451
229.97 80.624
527.259 103.745
347.648 84.603
154.127 72.793
358.555 90.631
86.083 202
219.325 177.094
260.047 250.829
128.127 131.094
551.68 127.203
220.426 258.817
217.205 50.809
225.751 238.252
543.404 151.528
192.765 139.709
509.835 197.508
103.067 51.414
216.208 141.647
290.678 204.968
198.398 73.954
519.583 139.616
202.254 73.541
400.049 55.709
420.908 180.137
117.813 48.982
531.681 164.888
513.056 78.722
527.198 149.315
460.694 251.168
373.739 264.849
521.962 75.583
406.831 109.821
549.843 181.692
549.591 243.887
510.805 139.358
152.982 81.183
554.946 90.941
168.729 59.026
529.351 76.204
396.126 218.937
548.618 189.27
74.081 201.978
68.809 142.8
374.811 210.588
406.682 56.267
281.395 220.587
483.171 50.862
77.473 161.92
344.441 90.359
211.23 173.815
351.938 116.116
476.601 65.959
540.595 149.624
616.924 97.695
79.166 175.302
201.619 55.926
284.444 70.694
212.022 141.632
347.365 144.446
160.855 157.758
273.445 114.407
94.848 62.861
532.704 184.698
160.588 218.688
131.81 143.798
185.206 65.97
415.768 208.498
135.161 70.849
344.503 274.821
88.02 72.009
136.099 206.222
183.786 57.324
395.818 46.476
338.293 45
377.415 253.952
377.229 251.078
211.418 135.904
139.293 249.898
247.635 267.956
66.572 113.201
431.955 249.882
150.836 206.404
62.893 89.863
223.665 259.119
145.626 159.61
396.907 71.3
82.585 206.102
291.283 170.021
536.28 208.591
397.088 207.005
540.545 150.369
341.721 149.515
225.387 70.582
147.458 74.054
545.179 72.568
392.523 161.255
392.671 248.05
363.876 213.203
348.345 108.858
542.794 210.808
385.674 244.738
494.429 52.287
142.053 127.246
59.354 60.783
406.673 71.589
78.083 184.933
92.037 69.579
389.762 172.706
124.578 53.067
105.146 82.284
530.342 169.987
479.484 260.565
190.688 111.019
354.968 133.863
569.725 112.118
414.487 264.043
202.398 159.58
188.833 89.13
278.858 240.773
567.799 117.748
404.53 269.214
37.63 76.426
459.176 267.042
96.666 76.978
384.976 120.861
412.252 207.364
122.589 53.736
78.806 174.677
153.019 220.851
131.239 231.812
561.125 129.629
119.922 58.61
93.822 77.251
197.309 264.397
151.775 180.085
519.076 127.993
224.684 236.543
365.028 196.597
148.228 257.66
128.797 53.823
281.949 148.649
128.757 244.58
415.236 269.725
252.064 268.429
556.589 242.002
482.719 257.554
414.797 144.279
527.652 84.945
522.73 56.861
290.006 50.062
153.114 65.246
72.373 200.609
164.621 72.479
78.062 185.283
146.964 247.378
89.501 71.347
296.149 70.34
396.701 57.649
277.936 62.653
61.605 138.236
75.34 170.023
84.969 65.753
405.909 157.701
225.458 259.565
72.09 115.921
96.732 67.032
152.902 133.419
535.058 135.838
548.625 227.504
278.726 176.143
196.4 252.119
207.543 69.642
470.912 77.287
559.035 98.404
142.046 107.481
227.42 71.906
478.956 254.799
568.323 215.201
527.568 185.684
536.548 286.69
355.061 114.991
521.609 76.773
189.549 65.093
556.669 125.052
82.945 133.507
365.249 255.058
336.255 92.529
288.616 58.42
264.211 157.453
507.191 198.282
345.755 67.748
140.527 176.168
520.432 118.293
85.717 77.551
162.885 184.612
208.872 154.36
109.455 48.804
167.917 55.268
322.411 44.797
87.692 177.095
563.584 84.472
553.563 235.699
279.6 178.855
333.079 89.898
335.802 94.024
350.357 268.938
207.116 100.024
397.847 210.242
535.493 66.574
274.478 253.203
367.129 52.51
189.865 93.966
81.514 68.459
268.795 140.509
284.718 116.936
200.204 265.282
557.109 245.576
553.027 251.824
284.037 167.426
187.949 78.038
209.256 124.015
304.453 76.902
437.267 271.194
158.875 211.122
341.64 135.405
191.532 90.353
71.149 141.33
134.186 247.58
263.043 136.551
156.457 148.328
540.499 218.768
543.253 184.398
354.556 98.34
561.449 108.39
210.035 87.678
342.165 266.014
200.052 211.112
77.036 54.847
268.128 246.169
244.981 264.564
251.684 240.788
145.86 211.703
207.837 171.791
75.87 55.067
492.167 60.205
545.083 107.371
542.095 218.44
507.701 173.439
401.155 209.951
153.869 154.606
200.025 133.585
286.594 121.642
404.105 60.501
78.131 57.312
77.417 79.854
132.861 117.807
567.233 118.787
144.113 74.569
71.993 181.29
519.651 189.987
528.719 159.16
138.819 199.265
499.272 81.705
522.938 154.852
489.837 53.763
477.342 56.482
159.697 133.668
457.241 249.281
199.907 111.698
439.926 270.123
543.489 160.226
134.911 121.496
210.781 205.965
545.665 194.413
388.847 130.346
357.765 52.975
549.985 50.756
205.434 79.546
195.04 185.369
401.234 129.826
492.316 138.656
223.265 114.882
354.11 62.551
464.162 65.214
534.346 130.38
261.475 141.025
352.053 91.546
178.979 83.824
387.381 190.66
572.114 242.669
520.2 207.927
203.602 210.574
374.379 44.851
512.229 86.822
289.293 158.414
86.28 164.707
355.558 139.118
482.782 55.626
247.149 237.29
486.051 150.617
521.182 209.219
290.79 255.353
300.369 59.469
512.911 70.806
527.372 64.647
566.005 101.849
506.437 197.776
347.806 259.37
503.599 75.568
398.619 249.332
129.359 192.823
83.773 208.488
167.809 59.731
510.358 208.128
408.254 266.349
149.159 77.878
463.004 270.693
133.405 257.781
285.501 135.327
555.607 242.085
66.737 65.674
381.82 196.932
192.205 87.905
157.291 132.36
349.876 138.703
526.518 105.911
164.302 65.909
480.444 61.259
356.057 202.638
409.392 48.766
391.656 245.28
482.661 256.499
200.907 103.508
286.953 110.147
503.569 82.619
306.681 67.599
533.726 204.077
418.036 142.178
196.595 259.006
171.776 68.592
134.657 142.362
525.421 120.786
423.695 194.572
483.712 77.049
357.244 110.472
220.022 167.781
544.437 68.405
275.707 159.261
480.254 71.917
124.679 171.051
333.857 115.501
151.893 209.055
537.412 109.063
132.366 258.209
286.676 256.909
363.27 66.675
177.688 241.702
569.053 115.336
75.036 203.907
204.378 252.125
530.766 48.161
68.233 270.371
385.43 172.075
542.78 110.132
81.486 143.986
416.975 205.093
525.414 111.81
131.281 77.318
214.556 133.452
415.128 117.545
480.855 69.706
177.988 75.28
272.196 206.315
83.338 200.267
540.66 178.249
361.645 277.367
84.678 69.994
493.505 169.761
562.575 250.267
284.538 129.247
76.068 122.725
281.237 142.867
184.548 47.726
567.366 92.725
210.82 253.97
198.897 253.876
262.583 114.711
516.178 176.385
153.099 206.412
198.41 182.869
270.956 64.662
540.762 169.668
68.464 210.303
355.017 267.211
150.618 134.749
348.555 68.701
271.322 111.262
141.123 230.444
111.793 75.377
433.236 278.531
560.212 193.228
284.981 139.282
268.158 135.669
539.329 231.843
577.035 239.757
544.726 69.011
407.985 111.353
281.587 215.419
327.238 67.018
482.45 254.499
356.189 215.385
82.149 120.169
529.254 188.351
280.828 149.691
497.607 175.396
327.647 79.269
272.601 202.275
550.225 150.131
132.153 135.551
200.302 154.087
274.081 210.189
548.016 114.753
421.116 263.997
277.279 257.684
534.472 104.627
334.133 160.005
542.252 125.534
471.142 193.632
131.888 49.894
199.871 77.752
103.029 49.745
406.54 193.091
219.445 189.731
149.349 79.222
337.006 84.557
520.147 132.303
144.596 229.61
534.568 90.496
535.062 168.889
373.296 251.277
217.588 116.453
334.538 48.557
79.386 130.36
610.744 77.305
428.913 270.698
69.062 148.164
188.476 67.48
125.48 187.855
205.721 60.297
384.004 265.089
530.89 214.371
97.128 74.821
203.041 247.89
552.999 187.898
177.42 255.601
415.369 183.146
378.696 265.608
399.264 215.387
333.066 113.376
281.196 150.795
491.453 56.435
211.528 77.868
279.183 144.548
130.158 130.777
217.505 51.101
164.615 70.189
213.62 180.563
210.021 54.162
511.756 181.741
407.458 250.964
225.221 127.95
353.579 116.357
62.954 184.451
183.985 58.098
546.71 61.302
515.532 207.12
551.451 218.877
127.887 75.893
271.743 64.37
92.254 303.214
551.649 166.285
560.578 245.061
553.566 83.264
157.963 141.773
548.813 219.406
492.437 73.722
521.29 61.591
277.176 69.078
259.634 139.516
340.236 257.377
194.292 198.734
286.577 255.819
151.954 226.488
285.356 59.922
273.184 244.532
463.028 259.585
531.399 124.616
174.073 83.129
349.93 94.294
448.097 278.47
317.47 51.805
527.112 79.666
406.085 203.591
243.183 269.533
341.988 156.949
543.453 223.181
338 272.991
300.942 60.09
535.375 188.716
279.717 237.365
126.778 257.547
71.104 165.005
202.763 264.456
557.411 241.588
132.471 201.16
366.138 196.133
390.762 177.578
366.986 42.947
59.432 75.446
446.124 253.233
544.729 147.041
413.835 70.3
119.384 80.611
85.355 188.452
409.936 130.457
556.305 223.911
553.24 181.98
79.333 60.334
85.126 73.4
143.608 259.696
341.217 278.196
141.351 264.68
164.592 75.363
148.926 130.747
276.267 182.571
530.359 138.888
239.649 249.057
387.716 134.106
293.48 169.875
399.25 141.801
389.433 104.219
377.078 62.982
200.912 194.512
72.115 85.493
426.551 262.001
364.103 71.693
161.478 61.167
90.705 131.218
395.209 50.665
487.067 55.89
552.203 91.055
558.514 103.907
226.863 256.141
287.865 157.742
344.764 136.114
165.27 69.867
536.19 227.244
75.399 199.091
205.387 156.259
477.617 264.89
265.854 256.005
379.21 278.653
133.394 187.353
560.119 212.847
129.327 172.164
543.417 145.822
77.124 132.25
355.596 144.264
101.748 66.971
413.777 165.301
130.566 165.593
172.541 80.013
421.574 265.445
416.064 127.544
525.451 119.217
222.667 173.388
392.203 243.266
487.597 69.255
83.013 58.656
346.35 275.972
409.7 181.718
112.136 52.579
403.479 172.815
380.207 263.605
229.661 178.776
280.802 254.463
353.805 273.172
280.545 180.768
375.879 54.74
190.686 190.387
120.5 56.103
209.352 163.418
488.5 265.126
139.825 250.297
125.516 66.89
131.163 153.616
152.422 113.353
90.179 59.513
286.498 119.892
360.809 202.527
610.212 91.652
514.158 62.652
367.002 246.923
411.967 265.776
270.329 67.564
502.055 189.42
532.522 94.74
415.886 173.025
128.78 210.744
282.016 147.639
475.99 261.699
117.749 58.007
364.357 258.097
196.888 253.151
210.039 184.587
448.147 259.5
158.212 231.87
507.601 173.17
232.71 63.462
519.361 65.893
528.042 81.918
226.566 81.937
524.599 106.443
373.448 269.984
203.171 171.614
408.635 56.735
132.589 209.527
541.122 194.228
268.25 258.029
224.737 170.701
555.579 56.711
98.954 298.435
279.372 241.906
93.739 66.542
340.44 256.451
160.659 192.027
521.515 171.777
359.087 220.473
140.369 160.034
80.84 71.805
211.624 249.216
150.615 111.449
76.228 104.35
71.263 70.992
388.85 109.54
559.854 102.477
350.035 273.276
325.637 75.378
70.53 88.04
181.018 255.781
536.994 199.407
537.352 118.248
566.265 243.324
225.998 58.887
148.737 205.628
225.756 89.616
385.404 121.376
202.037 201.573
384.74 277.513
192.2 121.244
517.398 64.556
533.848 74.686
158.598 57.682
266.431 140.506
508.936 201.334
335.874 75.917
198.397 142.041
492.404 184.427
178.169 46.879
402.105 274.355
192.92 253.861
541.449 45.504
414.994 189.473
433.518 259.247
148.34 79.198
383.715 216.071
261.309 273.66
517.024 83.141
344.663 92.568
551.534 96.284
515.753 131.67
138.211 274.2
339.675 114.32
338.617 104.527
351.625 105.249
195.326 260.457
200.073 110.8
252.425 236.306
196.359 111.701
513.813 125.783
402.551 58.773
84.144 130.552
518.492 110.981
163.483 73.622
420.623 132.24
154.323 227.483
357.436 136.113
333 70.097
126.653 59.805
198.202 99.163
214.541 212.574
178.492 76.201
385.562 203.785
281.497 133.526
507.046 70.727
139.405 51.455
519.474 114.166
557.433 210.461
159.092 219.198
332.257 152.693
398.184 214.884
509.248 54.043
320.443 76.011
79.335 86.919
87.813 128.117
421.292 152.804
450.818 266.825
66.062 101.872
413.304 176.264
330.827 117.176
350.355 127.208
203.36 177.686
436.314 252.284
400.101 190.307
251.781 239.649
263.739 158.087
359.267 209.529
261.911 257.806
128.177 77.605
163.201 233.565
273.055 262.613
288.311 135.414
287.925 206.068
354.913 265.627
383.563 70.073
231.604 259.828
197.134 91.411
397.227 61.55
489.43 65.11
365.018 269.722
498.256 59.593
516.58 114.84
213.645 164.353
510.186 194.703
541.991 86.694
144.279 228.796
516.107 86.897
522.892 193.433
527.833 114.059
532.689 140.838
229.98 268.652
71.584 138.725
333.339 62.613
194.305 94.268
340.844 75.405
392.171 210.078
152.056 148.097
214.25 114.716
251.381 240.868
335.17 254.369
554.228 223.778
66.474 174.576
215.898 75.505
195.297 76.548
281.913 169.358
335.578 55.903
503.447 49.679
153.747 127.207
280.056 188.534
191.871 127.22
311.242 50.054
571.055 81.027
290.983 64.51
83.365 52.159
546.225 153.424
385.294 212.832
156.154 235.465
399.672 215.239
347.407 71.414
67.833 54.89
148.876 137.127
220.838 214.979
130.019 155.286
196.835 131.564
65.72 76.934
356.356 92.555
527.275 178.622
388.03 159.971
492.87 162.338
154.408 229.713
78.622 182.578
143.168 255.682
338.838 48.601
556.706 220.401
206.415 257.927
409.085 266.038
414.662 191.563
462.415 261.612
84.86 297.132
324.95 55.852
368.631 202.63
557.459 107.642
98.246 63.852
218.893 84.844
567.536 244.78
481.31 60.062
530.658 212.459
342.243 114.098
537.574 55.72
366.328 243.194
479.852 245.777
472.164 61.864
213.924 146.112
539.83 113.673
97.59 54.539
386.127 276.048
140.369 150.171
339.48 155.211
219.637 73.988
526.982 115.798
359.196 61.699
531.603 82.226
440.275 255.275
533.336 158.323
162.209 185.836
533.627 186.195
518.223 66.541
560.255 77.238
401.727 106.877
496.61 140.374
403.863 128.194
427.143 259.26
146.836 204.186
518.89 150.271
551.562 155.009
277.893 122.893
334.604 117.152
375.037 212.861
448.034 247.572
181.336 75.705
186.753 257.181
275.399 152.446
287.833 61.187
405.861 216.846
73.174 141.703
522.674 206.106
124.926 173.848
150.511 70.718
276.069 152.281
418.874 204.034
413.841 70.892
192.809 103.899
79.334 191.032
484.491 68.715
313.879 67.608
478.461 78
141.32 178.481
508.358 64.272
535.208 196.691
68.138 86.78
344.561 129.705
343.138 86.052
138.437 237.2
306.845 79.212
315.843 80.567
408.04 59.625
518.469 134.227
124.915 176.921
68.482 190.889
63.66 139.841
367.724 246.617
403.866 180.229
215.249 127.67
488.555 61.74
419.366 59.697
353.544 211.302
199.917 80.936
523.923 77.454
329.117 71.437
513.702 95.48
159.68 142.805
518.664 193.098
409.198 106.444
548.384 50.891
271.608 260.468
269.643 216.583
420.997 275.248
412.819 105.233
387.799 110.724
141.285 242.109
204.665 145.441
347.553 141.234
70.853 110.663
550.957 110.326
494.898 133.7
551.099 245.164
485.483 72.116
479.058 261.7
278.885 252.811
194.994 154.593
520.955 162.972
358.735 270.58
203.267 108.673
195.967 243.693
549.352 80.39
75.395 114.613
419.686 65.137
263.786 272.968
273.76 143.165
138.719 242.229
163.826 73.727
535.63 100.556
70.822 104.47
153.864 180.424
144.352 270.024
206.126 177.467
261.554 262.45
368.953 243.751
504.91 168.144
208.339 49.336
215.925 63.366
81 90.343
196.624 257.378
146.25 206.02
534.058 79.391
336.897 79.177
524.143 49.832
283.099 259.555
352.411 105.86
343.436 113.397
158.645 52.743
413.16 160.243
200.882 68.309
421.375 128.589
192.65 118.799
104.195 83.296
171.824 266.814
333.151 123.162
572.55 227.715
394.243 49.129
494.31 180.12
526.542 201.698
395.265 108.216
276.499 198.886
268.25 205.292
212.096 158.434
229.254 71.166
533.167 185.014
193.244 120.593
202.995 152.833
418.498 155.64
612.208 87.519
369.298 63.811
524.306 114.746
542.492 145.527
534.227 94.486
169.581 67.167
226.635 151.185
200.555 254.299
225.199 179.009
362.208 267.093
210.023 153.735
543.603 146.493
388.518 249.418
90.358 134.429
66.659 138.779
393.756 185.995
282.916 114.943
127.383 133.377
218.605 93.106
412.299 59.771
232.553 256.759
346.25 135.224
491.432 73.957
251.479 248.237
463.781 274.817
409.794 260.544
334.347 110.283
550.66 77.412
406.767 114.142
543.536 103.256
481.041 59.125
514.575 62.546
498.876 161.297
458.996 274.794
203.199 252.233
422.731 273.544
332.408 69.694
340.174 101.436
208.42 81.085
284.89 222.736
335.821 107.763
526.432 120.229
410.666 277.752
555.442 110.019
188.45 239.773
72.443 275.6
344.778 260.089
491.882 177.15
192.058 112.449
344.563 242.435
97.243 51.786
548.906 87.25
257.124 247.823
490.447 165.854
561.602 90.638
338.935 98.27
273.447 243.299
399.721 263.823
297.636 66.303
277.98 247.249
208.567 86.554
504.032 180.475
420.572 276.727
493.693 65.69
163.73 150.607
344.411 117.506
368.454 216.248
139.567 167.878
451.957 257.711
424.379 53.025
497.676 153.312
491.788 67.408
217.068 97.224
358.789 199.488
510.433 134.337
566.677 245.077
129.896 163.44
349.672 96.133
416.324 269.101
88.766 68.726
531.169 202.858
73.483 107.554
460.203 244.651
198.312 158.886
353.181 102.624
552.823 80.277
547.754 66.064
542.623 159.646
183.932 53.357
228.655 188.003
151.502 254.574
513.839 201.315
200.929 202.481
352.251 91.23
403.581 72.132
465.852 71.704
518.175 161.202
419.422 147.348
510.316 202.548
212.668 207.091
470.064 192.547
503.599 199.88
347.507 249.276
133.556 68.637
380.898 64.845
163.048 70.642
141.767 54
397.732 253.509
518.284 152.488
137.433 126.93
519.277 124.669
513.46 195.24
491.353 156.689
284.232 267.368
337.369 94.787
305.575 58.49
347.97 47.128
197.114 126.466
263.603 113.633
335.121 75.099
369.328 48.257
338.455 62.514
396.688 170.222
550.544 121.577
76.814 138.438
268.557 191.349
335.018 114.392
357.404 241.261
345.842 153.086
371.945 250.852
409.088 279.72
162.336 67.232
185.432 247.306
524.389 89.499
309.344 76.182
411.352 198.411
441.349 268.004
132.768 78.338
355.167 217.022
284.824 129.735
154.725 77.755
350.074 119.832
202.773 194.839
152.621 243.455
408.185 278.368
153.244 229.698
86.981 59.352
201.795 126.773
198.089 269.562
208.979 80.644
520.91 163.57
552.031 210.137
283.378 263.811
405.58 260.385
497.736 144.3
68.558 150.291
159.521 152.109
558.733 136.27
206.042 116.91
551.557 125.627
522.028 93.26
220.51 145.356
384.934 167.447
66.133 165.518
290.571 55.097
355.547 87.266
62.641 57.46
382.326 69.979
404.001 263.141
167.442 260.184
283.065 211.687
365.085 45.797
147.503 84.919
346.042 47.923
243.977 249.715
195.67 78.66
354.686 146.42
414.544 116.795
90.556 77.993
169.487 259.277
421.174 125.959
422.72 256.797
279.804 165.303
262.125 118.588
336.822 83.576
176.297 79.643
197.454 251.47
381.856 130.545
239.512 258.027
289.388 59.5
570.474 85.895
77.686 150.234
423.836 194.943
142.025 265.241
156.689 127.452
437.303 260.964
80.481 54.909
380.3 71.555
382.536 127.506
320.926 66.527
361.096 208.905
506.717 54.993
333.783 151.329
261.017 239.374
350.669 103.68
160.368 150.588
414.188 260.123
200.868 215.429
408.358 69.888
88.597 182.39
278.204 233.043
557.11 123.524
561.021 247.128
539.416 237.404
161.852 180.602
490.423 58.377
614.026 82.133
563.463 119.51
159.032 206.187
61.989 161.45
417.155 138.975
405.113 150.771
379.181 72.465
90.939 185.872
350.95 249.858
526.805 77.493
459.305 264.795
350.089 65.14
330.688 105.209
417.367 122.58
65.59 168.882
132.301 229.334
518.136 210.547
382.526 279.903
284.217 57.741
570.434 239.877
180.546 243.712
449.207 264.497
171.455 253.646
150.193 84.521
158.981 231.528
251.518 243.097
190.686 95.709
220.356 181.908
379.682 191.876
522.376 198.933
126.045 153.482
200.108 89.644
562.665 121.149
211.542 250.909
279.119 258.503
515.776 295.896
549.141 121.128
195.92 114.147
394.702 57.483
538.71 73.494
162.131 239.095
163.94 270.62
267.309 57.077
565.395 94.417
440.648 258.854
466.664 69.245
412.534 164.457
330.464 94.121
277.062 71.202
560.362 79.743
385.195 277.123
83.9 84.684
212.401 85.033
368.609 205.037
460.959 249.854
216.445 200.933
142.873 137.845
543.393 141.821
288.218 176.098
565.428 233.729
392.004 120.919
532.54 200.357
121.498 63.085
185.763 52.173
77.268 207.355
555.107 247.965
536.426 165.995
149.222 181.964
78.148 200.054
105.044 285.439
538.611 207.71
292.046 262.448
59.628 78.05
350.647 143.445
284.582 212.458
221.703 153.011
76.923 209.537
351.29 239.399
339.215 276.337
403.403 52.614
431.484 243.117
72.857 174.218
77.896 104.698
386.821 72.214
396.163 53.271
524.172 190.053
411.133 216.878
141.019 218.252
276.823 193.393
269.665 211.433
162.38 256.017
540.423 224.273
527.76 108.139
157.329 152.062
482.946 155.75
386.052 215.864
502.064 149.16
195.63 74.384
309.71 67.441
60.156 147.604
393.202 142.026
219.357 194.393
503.699 169.276
348.527 79.366
316.996 56.977
370.578 252.636
509.561 307.177
471.801 186.662
66.034 156.192
397.563 70.005
335.888 127.085
130.478 70.601
488.39 154.239
522.528 69.262
160.288 152.152
400.74 145.029
287.257 129.949
308.733 49.824
379.567 281.993
210.9 204.916
360.38 194.439
192.93 250.003
142.234 138.943
131.807 58.869
257.067 239.323
556.849 84.183
382.71 190.846
416.949 211.429
345.674 94.985
256.025 271.357
411.596 120.01
229.619 86.052
195.861 196.893
449.716 254.235
149.95 121.965
352.97 149.35
555.864 59.826
273.974 119.042
467.751 258.06
534.94 162.446
358.743 109.94
549.926 192.421
349.113 66.131
260.374 243.899
361.656 270.438
76.302 176.323
289.142 168.689
281.88 129.974
548.269 222.419
400.253 74.404
342.971 149.126
213.195 98.483
403.945 192.508
224.547 203.928
360.537 72.242
215.239 54.311
79.939 294.256
203.908 86.184
72.196 101.548
141.75 84.02
526.939 212.011
134.092 209.916
164.312 64.402
152.801 212.061
385.604 168.999
282.8 61.321
372.843 243.331
146.422 266.512
499.345 184.81
391.396 177.269
350.535 206.098
219.837 173.991
486.388 55.752
261.562 125.634
314.572 65.468
202.053 144.475
516.87 185.158
411.065 147.91
215.508 146.715
62.442 202.751
128.732 76.736
174.236 69.488
567.15 102.166
291.768 49.365
539.066 76.101
537.046 63.373
391.093 256.294
139.584 238.765
171.038 55.993
185.41 46.31
144.659 68.09
332.199 127.916
519.606 107.33
158.991 276.893
360.638 215.562
215.729 210.023
564.3 80.215
465.075 249.991
291.459 46.543
532.003 56.504
359.238 250.725
509.6 75.222
265.734 152.601
160.128 152.656
525.13 90.824
184.755 51.655
408.89 152.258
417.037 133.716
334.816 64.095
401.043 176.984
264.488 264.873
546.587 172.129
219.532 263.418
370.215 207.028
476.372 249.701
522.973 219.106
68.164 119.946
366.334 43.217
531.394 71.171
192.112 121.497
95.623 71.559
495.219 76.435
161.457 157.32
515.478 154.843
147.658 141.464
354.114 119.325
526.735 49.695
382.276 263.37
287.078 141.29
354.642 95.342
90.384 48.824
165.749 67.992
410.087 163.793
73.257 150.362
346.578 241.312
275.497 148.847
566.951 122.279
157.848 274.704
550.474 47.638
137.671 155.504
356.555 149.387
64.311 188.508
207.437 191.765
559.855 180.838
287.604 144.809
164.53 262.334
423.012 133.024
461.128 258.614
150.821 56.267
272.66 258.439
544.296 170.77
460.102 250.567
224.076 146.425
225.345 81.864
494.814 183.138
219.296 74.829
70.765 137.443
540.641 80.211
413.938 46.016
335.91 261.548
393.802 158.865
358.608 118.666
459.078 252.071
159.681 70.725
295.34 45.175
524.662 110.091
485.075 58.03
557.078 124.986
515.241 85.005
173.635 259.595
65.214 81.728
415.096 246.511
530.866 108.428
215.793 130.076
199.468 124.832
217.375 141.791
359.809 202.394
87.376 190.218
544.006 88.241
396.195 128.19
161.843 217.552
523.063 70.251
265.03 197.157
251.467 245.731
124.369 73.347
77.755 169.944
345.65 68.544
411.639 187.637
315.822 60.035
552.869 159.724
129.745 119.375
423.764 50.273
77.465 77.285
335.281 96.124
363.793 275.836
271.331 255.435
373.705 268.423
327.641 110.169
345.565 76.932
214.363 55.436
336.808 126.993
400.824 60.181
501.009 84.748
393.567 259.906
282.167 166.682
214.037 182.206
71.392 117.347
343.381 65.723
224.179 205.813
70.38 198.662
467.244 246.081
445.971 272.47
62.763 85.421
486.599 59.573
360.318 255.215
513.996 84.401
409.101 49.184
142.57 175.968
484.577 261.31
405.841 262.977
177.13 74.503
405.712 249.07
301.827 81.122
254.952 241.602
400.312 44.348
205.709 73.687
140.152 274.219
537.187 87.889
315.194 41.806
335.124 259.85
142.388 178.493
560.407 231.531
436.53 260.987
67.021 115.851
150.806 61.886
152.468 268.425
546.09 110.08
89.097 160.876
614.304 112.685
560.887 86.24
360.718 69.494
418.989 131.312
214.085 98.126
297.973 53.744
538.627 91.848
407.053 174.919
270.275 49.888
483.015 59.456
393.444 62.904
510.762 303.19
506.219 120.823
197.823 129.504
210.18 79.408
393.549 252.064
129.748 55.966
201.75 101.765
227.843 190.304
388.39 152.099
250.999 253.18
501.245 172.939
489.246 72.025
359.184 216.362
563.043 139.074
67.645 175.544
106.958 287.667
346.844 263.666
233.947 59.785
88.613 195.647
369.671 70.341
564.899 147.73
536.205 144.969
133.087 269.627
411.845 208.459
214.843 172.463
468.715 60.313
237.149 254.223
61.948 140.211
150.029 177.637
141.2 75.076
364.919 205.233
338.156 127.798
531.092 184.651
263.298 195.164
563.586 224.227
123.206 66.34
131.19 178.659
62.036 153.67
357.355 274.081
413.066 274.949
67.72 196.779
200.512 247.889
350.575 250.404
411.52 51.034
336.968 153.947
141.156 77.473
545.73 151.969
208.146 144.435
392.274 132.283
531.564 212.889
134.926 200.521
499.711 174.299
206.64 176.978
121.736 54.655
200.243 112.558
228.283 93.27
404.036 147.741
384.186 215.867
352.515 80.744
412.603 200.645
538.72 102.597
427.074 256.932
289.295 140.1
289.749 264.308
544.217 226.625
443.481 264.274
361.395 206.953
160.115 119.055
547.13 221.996
547.693 210.08
397.023 131.491
70.012 200.059
534.178 85.632
398.558 76.112
347.412 128.75
235.027 265.287
333.786 100.688
464.529 61.613
103.459 55.714
470.778 64.515
143.206 177.208
355.238 83.798
70.949 269.894
516.031 212.134
521.396 100.447
78.402 137.251
80.24 190.717
466.766 243.777
79.977 118.988
276.998 134.234
377.245 279.845
355.25 113.213
308.283 57.517
542.497 89.919
261.394 258.901
132.67 136.042
68.972 133.172
564.638 219.407
383.999 64.166
550.227 150.597
251.524 256.283
227.294 113.753
191.427 96.91
67.563 157.319
218.222 125.272
548.229 50.447
152.819 163.365
59.42 86.442
388.354 264.515
363.854 47.603
562.524 193.351
152.316 183.401
206.37 207.72
556.338 149.888
423.613 62.822
516.537 57.01
72.527 115.302
374.984 267.307
391.835 172.057
508.887 132.993
275.631 220.335
396.81 195.478
183.88 240.08
125.756 254.659
142.68 230.526
364.239 219.027
102.467 52.899
356.98 89.637
213.803 77.585
88.821 174.058
453.949 276.765
105.746 61.154
537.031 175.54
224.073 85.532
277.375 258.015
224.426 253.493
336.551 56.681
286.736 138.551
209.944 59.977
336.16 254.197
156.884 159.301
443.564 245.914
392.771 192.872
521.999 159.49
147.408 79.473
174.334 271.022
368.762 215.403
68.924 199.973
616.885 65.214
75.124 87.249
373.837 75.223
155.835 80.538
405.025 159.343
387.692 116.279
277.442 66.188
140.376 239.185
297.728 74.713
555.75 96.13
201.291 160.021
515.88 109.575
354.165 153.617
526.538 216.427
329.982 125.618
484.435 274.098
284.169 163.321
128.167 259.325
267.492 168.735
389.378 254.449
110.569 52.704
126.531 68.293
180.1 247.038
534.486 184.898
539.896 51.644
476.063 60.389
516.672 186.322
249.471 266.73
157.918 134.811
540.669 57.747
509.653 82.044
36.9 76.518
457.736 248.898
387.505 256.652
274.206 119.463
370.633 263.125
76.145 176.216
83.622 70.676
226.897 152.169
367.437 249.639
548.49 154.63
549.56 160.891
72.179 179.548
79.946 80.142
559.327 112.126
509.141 78.737
463.82 242.42
455.807 272.335
172.505 60.906
129.812 46.427
328.691 92.542
142.4 212.91
229.913 238.348
446.499 259.149
530.54 116.852
375.958 259.561
312.492 74.274
272.629 144.948
134.751 265.285
338.102 265.844
363.963 252.304
129.969 150.45
400.821 202.909
409.765 213.69
213.733 193.061
538.736 69.869
553.666 117.612
363.031 198.402
332.353 156.881
362.349 220.042
472.408 245.979
370.783 50.821
250.184 242.586
261.426 138.283
525.329 47.881
392.758 196.024
528.065 219.008
427.402 271.525
530.435 223.313
190.846 136.141
78.031 296.124
134.298 161.148
37.105 98.353
73.279 281.412
408.957 131.409
275.737 145.62
619.01 68.143
105.704 62.187
205.554 83.36
331.545 122.626
224.4 97.101
263.453 262.302
566.335 198.975
610.693 102.775
137.209 146.765
219.947 177.426
150.248 62.259
266.779 123.153
211.625 130.948
539.753 205.753
416.265 54.432
527.031 180.172
198.741 121.168
326.859 52.647
75.681 188.903
211.171 157.66
421.328 142.872
192.398 53.455
507.433 79.364
88.594 187.263
532.48 169.589
275.116 129.187
180.566 51.477
358.788 246.976
66.542 170.503
392.862 243.278
170.117 59.977
138.048 253.815
200.395 161.092
552.219 152.346
490.021 150.812
205.729 83.811
150.849 168.087
354.913 197.583
527.642 169.252
412.697 209.76
425.135 262.348
232.519 241.802
518.113 69.365
343.665 72.756
371.654 252.379
176.305 57.286
424.54 68.162
510.771 117.018
85.982 56.124
207.874 158.126
138.969 274.333
204.628 261.008
401.492 255.114
273.953 155.031
366.696 254.558
154.056 187.435
478.78 277.853
475.61 72.702
210.006 159.491
397.699 208.774
315.231 48.38
512.483 127.595
369.985 246.24
217.66 161.206
133.162 117.937
210.878 245.869
102.489 57.259
278.691 233.13
169.644 76.5
424.392 67.071
208.83 211.136
286.579 259.435
533.764 196.348
211.177 249.89
183.852 262.002
425.473 259.683
294.6 209.936
382.552 60.648
284.961 163.86
565.041 86.293
534.166 74.177
236.479 263.813
129.777 78.547
528.355 86.42
533.207 75.656
341.151 110.122
389.83 247.71
196.064 257.619
413.756 41.953
166.665 53.905
202.726 76.099
277.767 134.291
525.755 47.185
74.057 206.634
134.752 254.244
364.338 60.395
364.906 246.527
172.528 79.548
558.542 227.575
406.339 131.964
229.66 241.32
224.074 196.811
533.989 198.755
153.528 273.096
62.22 179.787
195.285 138.01
516.598 205.419
290.088 115.434
455.234 266.358
547.431 60.409
369.567 52.114
294.083 214.869
227.795 181.415
548.351 224.707
292.804 52.913
287.655 252.907
424.884 188.787
139.714 180.932
132.82 252.248
231.01 268.599
512.169 83.241
130.352 210.117
525.343 60.247
338.913 152.267
67.676 109.091
134.318 72.892
383.867 263.554
154.949 180.149
196.524 245.337
145.152 210.925
553.947 171.589
356.704 60.08
274.126 194.112
324.352 65.359
114.476 58.754
401.145 123.374
129.623 252.025
401.515 105.446
315.7 64.932
399.833 56.266
430.449 271.93
85.072 140.741
265.6 56.135
225.077 76.208
536.699 80.467
209.134 264.714
84.643 134.715
294.85 203.954
292.316 262.214
261.253 262.493
360.925 79.333
185.433 84.163
132.71 139.54
490.746 64.727
60.85 87.746
385.918 201.928
261.179 118.631
274.448 173.381
369.753 197.042
135.289 245.549
548.435 68.853
326.632 82.225
536.911 148.08
179.108 78.058
542.711 47.484
472.502 202.294
151.346 259.386
566.977 82.85
286.233 152.219
369.837 268.865
207.377 58.711
403.634 173.736
362.1 242.808
532.171 197.452
90.08 182.037
559.733 142.226
403.142 207.086
559.798 85.278
404.179 79.147
85.763 114.167
521.573 117.875
105.715 289.948
346.603 140.703
145.3 128.239
123.747 52.489
384.543 129.212
205.741 59.395
486.203 50.916
556.761 76.739
329.593 91.275
179.375 71.909
354.818 262.605
93.491 299.007
510.161 304.996
144.048 267.344
472.443 270.937
184.115 260.174
123.897 81.711
531.881 176.393
391.573 158.249
526.766 157.603
135.211 115.692
277.077 236.389
212.004 203.066
191.522 48.45
266.851 168.518
418.381 250.548
262.047 271.974
127.602 176.75
563.425 74.855
187.24 64.731
433.022 271.267
340.833 126.497
279.092 186.844
352.392 276.675
514.965 64.141
503.441 137.58
130.971 175.329
130.925 240.951
154.113 77.578
290.701 77.206
80.46 170.715
219.73 152.407
86.953 122.598
79.898 94.377
89.714 170.402
219.716 259.856
292.659 203.098
549.35 225.53
171.42 68.212
271.923 223.108
142.502 256.078
170.151 254.16
277.582 58.418
226.282 197.663
76.146 69.784
483.109 67.778
485.901 146.474
154.552 139.146
336.504 44.217
180.723 58.064
221.274 116.092
390.858 215.195
129.022 191.482
374.162 62.846
509.239 132.592
138.014 245.565
394.61 101.748
422.01 137.793
91.09 132.118
189.419 93.766
356.832 268.909
181.352 251.063
398.394 50.098
380.639 266.953
299.502 75.576
296.964 56.788
376.608 194.037
251.756 249.844
60.189 189.382
497.574 150.332
570.835 231.154
407.929 177.033
85.701 172.751
474.264 247.113
227.068 95.315
548.353 237.611
191.195 68.493
289.589 209.837
390.982 201.425
148.035 216.017
140.465 250.398
341.549 120.235
344.154 256.704
496.33 167.899
365.144 81.875
200.901 190.721
147.617 73.489
275.383 115.092
216.568 192.712
487.738 55.902
66.213 174.082
63.345 131.426
197.783 160.562
281.986 63.794
512.238 169.522
207.688 206.983
151.278 130.375
532.245 95.758
560.08 147.027
399.009 146.47
156.574 221.246
244.458 240.602
286.19 186.184
143.13 187.416
125.162 181.614
560.366 146.752
63.194 137.967
242.917 260.198
286.021 262.414
186.786 254.677
537.284 231.837
467.702 67.276
144.223 156.462
87.382 151.564
422.452 253.423
152.775 65.592
395.978 102.707
316.275 73.504
272.878 233.577
227.597 203.865
217.684 214.28
157.782 229.651
470.669 72.281
135.841 160.455
348.1 269.109
64.523 89.536
372.394 207.355
224.415 109.937
459.248 253.787
462.765 246.669
370.272 51.728
267.599 63.217
330.008 69.379
562.875 150.885
72.666 165.861
566.789 226.672
346.871 247.902
487.27 153.739
307.011 72.726
513.844 203.943
206.082 103.218
204.509 132.23
414.028 183.712
403.311 104.116
217.099 60.588
104.416 56.457
167.026 249.682
499.883 181.588
81.468 182.412
182.839 59.82
547.005 71.234
553.835 49.368
81.132 155.988
522.947 146.293
516.107 194.033
137.955 261.916
132.825 191.573
108.307 79.009
130.586 63.816
154.39 76.485
553.836 65.105
398.009 250.375
91.148 69.109
339.687 104.544
156.618 194.935
211.899 130.163
490.504 68.846
419.542 264.559
394.521 167.605
124.733 60.071
298.09 69.356
92.29 62.428
411.861 183.036
85.691 121.368
535.389 201.723
550.415 77.465
542.891 199.393
183.509 46.439
543.668 137.324
87.179 165.514
223.683 173.451
544.844 191.082
372.821 64.389
509.26 196.519
266.048 246.326
559.654 177.756
553.512 188.665
375.246 183.336
149.588 191.127
65.709 189.507
405.492 263.514
403.908 188.06
402.836 144.371
520.246 82.226
208.859 181.467
143.949 77.547
149.525 264.366
462.55 274.67
148.221 252.112
72.377 154.225
222.13 158.506
445.744 247.271
84.07 89.035
158.205 212.16
202.535 93.801
133.717 261.366
514.812 167.554
362.091 57.036
509.776 193.283
125.154 48.414
63.666 53.617
385.658 126.865
192.749 249.283
488.4 74.049
202.49 101.353
349.466 199.999
272.622 61.483
136.568 74.85
474.972 57.827
141.965 222.863
450.547 276.526
329.478 128.849
205.181 91.173
541.599 82.505
191.422 106.768
139.498 67.652
540.001 232.36
403.742 159.177
101.299 74.141
146.523 208.822
541.415 149.531
488.809 60.066
610.017 99.787
272.838 162.472
107.57 81.896
65.892 144.805
306.931 74.07
77.199 129.893
64.005 74.085
185.326 82.43
544.251 54.291
413.729 167.323
468.888 64.034
348.978 53.711
153.311 263.102
126.884 199.54
263.91 245.932
563.531 233.267
73.217 161.135
477.981 76.232
404.71 123.801
124.824 140.14
239.985 266.123
406.469 157.009
566.236 124.072
224.457 212.887
325.806 54.273
368.797 53.675
204.754 256.463
209.904 252.126
287.744 268.132
495.46 65.117
381.093 60.991
497.305 146.718
415.29 57.078
386.684 170.644
283.284 177.791
158.488 69.254
139.75 131.435
285.066 123.019
65.211 107.618
537.503 52.882
105.768 82.564
517.363 121.011
154.864 194.592
265.204 257.224
140.907 131.96
357.878 261.966
385.886 157.441
458.596 178.301
512.111 203.71
144.678 81.826
508.826 158.868
359.647 87.267
212.12 193.926
356.005 57.12
92.447 49.636
385.713 180.477
372.889 262.693
168.861 247.679
138.627 70.791
520.668 136.209
135.608 229.32
225.374 161.024
261.879 144.123
216.078 68.013
149.751 82.042
556.835 97.425
350.241 50.187
79.42 125.943
357.036 63.929
559.625 113.282
137.714 240.405
272.531 207.126
504.856 125.952
148.8 73.452
402.673 150.811
154.581 55.42
514.97 96.664
459.992 262.448
131.339 234.058
399.165 244.307
507.485 177.176
416.75 174.35
409.658 145.283
81.119 122.275
65.395 167.498
518.2 170.286
541.591 122.909
64.65 119.554
560.665 75.492
76.305 110.058
77.544 98.269
538.38 54.918
478.463 68.155
142.352 116.903
76.344 285.173
132.508 65.183
538.657 79.945
98.797 60.493
614.354 83.414
389.644 137.919
523.948 132.779
201.034 154.445
545.475 49.001
215.926 105.465
151.846 150.124
66.161 62.718
123.704 173.503
328.901 60.953
192.945 189.321
284.971 199.82
515.84 161.605
98.786 81.856
286.115 198.158
536.714 148.311
247.637 271.068
566.073 105.578
132.692 134.203
540.45 93.094
422.113 69.758
242.435 254.468
405.746 198.01
396.21 187.16
210.359 193.636
162.652 150.515
342.654 275.173
296.692 61.263
191.747 109.012
192.786 107.154
517.196 185.877
535.989 83.461
404.268 273.097
205.142 169.861
132.499 55.148
468.863 68.832
289.553 260.869
59.378 89.077
397.089 143.916
138.891 209.086
67.835 85.137
261.897 250.283
553.068 165.025
475.69 54.097
233.296 240.24
349.633 271.319
342.776 116.285
378.124 193.695
93.625 75.191
491.226 169.191
367.547 253.784
204.056 162.71
290.171 179.949
79.671 172.708
141.418 200.078
549.548 66.843
216.985 156.334
376.969 192.815
440.397 269.209
332.105 42.406
396.561 59.679
477.68 77.747
259.678 241.705
134.591 206.704
411.232 159.987
245.776 262.992
221.908 251.558
533.563 133.22
282.883 231.403
342.865 120.48
128.259 258.542
446.362 277.504
193.484 205.995
460.003 258.899
148.152 62.55
350.452 242.924
349.38 93.726
530.401 157.863
68.147 149.714
207.269 78.74
552.073 59.224
215.869 205.331
77.678 71.556
362.949 65.671
64.766 119.434
527.633 163.993
531.227 181.494
275.837 160.692
355.98 249.906
219.237 255.676
235.455 242.057
389.053 253.549
339.177 128.758
139.943 264.78
277.45 132.815
205.558 90.522
198.92 98.74
384.607 125.079
420.181 56.455
381.226 214.846
486.878 153.639
144.91 153.042
201.07 185.476
190.575 73.642
141.894 81.507
546.765 184.471
392.101 142.655
230.994 251.839
207.262 172.491
419.223 187.515
348.037 269.639
561.801 192.975
133.524 263.893
399.573 218.36
115.085 79.077
222.711 84.125
158.179 192.776
264.575 119.171
479.428 244.96
370.082 186.598
138.189 193.453
225.398 97.301
520.514 100.548
278.776 112.345
476.278 269.012
210.272 173.405
307.126 74.221
515.18 63.08
476.33 61.357
71.13 139.533
370.513 276.747
87.171 51.125
367.481 278.423
141.332 237.965
141.563 125.17
502.121 131.156
529.316 293.886
257.194 238.228
368.023 212.313
68.357 103.529
159.725 232.597
62.018 77.513
507.226 51.044
206.734 210.179
266.883 157.12
522.085 135.693
568.268 190.215
341.782 87.013
460.225 249.606
191.618 60.403
165.349 237.453
151.05 69.935
93.553 299.382
510.765 303.546
514.061 157.298
392.373 99.956
231.559 261.508
394.132 245.696
368.572 46.01
125.298 268.577
480.734 58.637
361.605 62.302
277.991 144.887
146.569 116.345
254.437 265.364
384.156 203.039
516.974 181.808
158.92 62.077
145.953 234.419
271.685 188.865
337.324 119.47
152.814 84.673
348.695 267.392
516.289 211.411
178.895 65.183
517.689 183.858
354.089 197.017
135.198 73.974
197.97 136.083
561.207 88.418
509.477 172.088
405.949 77.632
553.438 136.773
153.218 65.587
416.172 276.425
239.423 245.562
557.657 104.117
399.687 102.122
102.786 61.977
346.886 244.032
545.67 56.87
565.063 107.819
415.076 120.836
84.938 56.082
274.21 132.937
106.48 79.251
542.526 238.584
344.239 150.391
71.789 49.502
218.778 162.829
229.855 88.375
562.295 147.241
529.845 77.047
216.709 260.79
477.288 253.373
176.108 52.82
76.681 110.65
475.861 246.756
448.887 278.652
367.403 268.613
81.728 112.928
333.538 125.149
125.615 172.793
139.673 254.157
59.488 190.242
410.785 251.538
271.768 210.419
147.795 171.428
249.754 255.413
284.063 186.607
415.345 63.906
243.822 254.984
94.439 80.899
160.098 274.289
199.929 156.819
155.742 215.81
408.644 255.284
548.227 119.575
212.741 146.122
131.031 151.932
567.563 226.749
256.542 258.031
492.251 78.785
548.913 237.371
164.75 61.877
77.674 189.675
278.309 63.237
410.913 186.738
515.084 118.185
404.766 273.603
196.421 142.607
291.014 114.418
63.731 186.008
367.488 77.429
288.425 156.185
355.512 243.803
563.319 152.195
288.664 208.203
418.602 59.185
374.792 248.551
516.93 116.282
398.038 148.779
537.848 93.766
270.803 240.073
532.264 197.468
182.425 79.815
185.644 55.725
253.183 236.285
351.018 95.935
358.616 111.857
367.288 185.893
566.681 102.699
284.218 176.977
420.322 192.401
393 63.759
150.819 273.622
337.749 264.55
67.126 60.47
81.209 135.747
409.25 52.077
106.377 287.793
402.225 189.345
171.248 260.845
312.933 66.531
570.91 232.456
497.587 292.279
76.382 205.577
75.444 65.826
161.257 264.883
354.908 270.661
216.436 158.84
325.776 63.491
409.118 50.334
349.393 113.519
83.07 206.888
513.145 290.512
135.025 48.193
64.107 138.357
250.581 250.305
289.071 257.55
234.742 258.971
357.937 218.689
357.403 60.096
541.648 117.356
346.126 53.587
168.174 57.887
148.888 179.519
388.952 162.21
476.464 53.772
83.207 194.528
194.577 245.771
72.404 122.557
68.96 186.493
305.562 70.506
345.316 45.694
89.593 160.201
530.517 126.387
527.548 82.373
130.092 184.717
225.565 145.129
342.916 274.27
428.832 246.174
353.439 210.427
322.752 47.655
81.274 107.464
401.821 154.903
332.164 106.491
197.295 123.154
355.705 78.016
485.978 53.426
135.666 197.007
75.064 155.13
197.34 243.698
132.955 115.381
395.664 268.231
308.026 75.461
161.141 214.478
75.415 99.601
264.879 140.808
495.067 80.395
563.532 69.662
483.178 260.343
191.035 62.96
84.103 192.913
482.797 69.716
280.558 261.587
494.596 66.486
211.198 54.983
519.507 153.266
247.603 240.241
553.647 91.918
401.617 165.793
152.178 65.137
150.699 198.046
269.629 63.764
532.25 107.058
268.364 209.822
96.333 79.315
393.461 249.779
359.869 63.972
354.185 243.593
354.81 268.478
307.024 74.165
292.727 42.57
183.028 240.371
537.517 107.46
515.569 127.962
156.428 241.409
59.987 75.322
328.428 116.181
200.496 125.142
371.787 70.428
224.626 239.764
561.789 194.232
201.248 259.066
402.444 204.751
541.863 224.63
153.807 214.44
423.913 275.293
569.113 237.099
163.255 250.687
419.023 68.875
343.857 109.586
575.392 232.629
286.725 259.429
450.852 273.448
386.94 247.118
276.883 209.967
149.717 121.924
538.538 82.338
147.602 185.447
118.327 79.621
117.216 66.682
145.481 219.734
225.469 248.241
559.474 120.268
171.628 254.222
293.463 210.905
235.593 72.364
218.336 246.493
65.214 136.39
402.441 102.942
556.939 114.934
210.709 213.571
268.043 161.97
539.347 151.352
226.981 247.996
515.893 119.202
274.646 162.018
224.045 145.469
389.762 60.126
369.66 279.218
289.881 207.797
547.646 104.762
545.896 55.25
277.853 168.396
540.743 187.309
75.583 121.679
398.297 69.346
286.726 209.649
231.664 247.902
216.137 147.599
189.519 129.898
566.831 76.894
81.8 167.936
133.243 188.269
524.797 189.888
403.046 47.236
85.507 69.599
385.456 116.884
463.238 251.376
80.803 136.144
536.65 144.005
354.823 93.374
326.912 85.896
404.804 164.083
208.272 59.296
358.921 112.475
363.247 76.719
224.778 89.051
479.174 249.256
128.01 80.444
193.638 136.676
344.691 128.135
556.15 59.806
289.574 169.995
558.508 115.414
256.075 266.625
335.389 63.302
160.232 119.877
69.92 205.594
163.831 233.489
210.701 149.031
77.896 76.125
415.917 79.595
147.816 190.445
548.639 201.154
424.145 119.378
521.801 170.263
225.316 209.822
470.552 60.491
519.077 204.553
153.181 225.343
273.71 63.576
550.706 92.02
548.939 174.542
290.984 54.073
272.094 136.746
147.655 244.136
481.245 257.905
360.733 78.14
539.821 105.385
417.737 112.638
87.218 302.994
405.5 277.574
560.724 81.318
141.736 70.881
239.176 248.03
502.668 79.908
507.34 132.199
411.031 42.604
213.324 204.835
385.615 113.894
235.635 64.973
170.376 76.824
300.17 62.122
61.707 155.116
511.987 209.628
492.578 52.489
66.543 54.934
331.443 97.036
520.891 65.312
218.42 124.096
297.441 77.756
499.919 145.927
64.568 77.231
468.219 62.576
546.586 81.588
403.055 125.364
199.753 110.25
289.986 48.942
345.252 107.285
180.557 48.65
553.61 226.296
401.435 123.607
562.285 76.53
374.567 199.009
252.671 274.213
384.073 265.34
184.303 58.621
285.144 204.614
323.113 50.056
127.424 178.471
177.56 48.241
195.288 139.08
158.07 206.181
286.246 120.656
216.493 243.384
137.906 204.071
503.54 128.119
467.618 63.503
411.383 44.664
105.109 72.279
190.04 256.613
333.187 60.771
555.664 141.07
225.405 96.489
135.639 69.829
208.203 175.357
204.007 208.001
192.311 78.505
548.22 46.028
153.679 148.046
484.321 75.917
142.905 189.852
542.659 228.742
560.197 84.291
220.408 163.304
547.009 108.945
193.85 91.589
403.717 110.032
132.516 80.679
550.231 155.651
94.28 53.842
126.946 187.447
336.028 269.075
130.023 235.89
91.021 58.552
156.905 54.331
329.757 112.419
269.445 165.867
507.84 174.069
264.26 268.936
264.997 251.086
70.976 106.24
152.583 233.044
547.951 148.532
522.847 113.436
274.008 187.034
219.579 77.821
351.826 115.703
460.102 244.262
413.94 246.447
499.815 69.16
504.935 177.04
157.77 66.337
475.47 54.905
530.062 198.289
449.5 249.616
404.695 80.271
368.351 275.149
143.535 198.722
560.058 116.694
66.928 119.17
558.849 104.745
273.027 162.528
280.205 168.343
397.722 196.043
134.229 166.647
110.097 60.892
198.523 104.621
222.711 146.323
517.392 111.628
291.393 162.897
141.661 135.884
164.601 267.026
337.95 262.194
395.595 55.949
549.416 81.264
77.481 169.508
134.569 270.884
507.023 293.271
552.37 191.5
348.751 83.188
163.855 75.899
81.772 150.206
503.427 59.456
422.162 263.371
346.816 62.34
356.824 251.866
224.331 186.079
207.336 152.8
548.498 185.701
70.633 129.742
102.719 76.753
197.527 246.58
263.927 195.938
495.76 49.259
365.478 201.918
313.151 73.536
222.322 183.749
158.682 265.479
305.104 70.233
408.635 276.557
157.386 213.058
410.621 270.093
188.345 51.484
162.851 65.269
409.195 262.961
262.297 128.723
187.853 243.001
514.123 117.19
259.362 273.105
422.355 150.347
216.56 111.624
401.096 165.562
146.875 241.868
362.271 215.273
345.272 134.223
214.145 111.785
79.452 195.93
553.239 218.916
152.065 196.497
469.905 245.34
107.092 65.051
391.244 132.559
147.848 209.335
266.305 123.551
64.569 192.89
373.521 198.116
350.384 154.1
274.525 255.293
258.399 249.594
188.88 255.578
66.286 186.771
395.744 155.241
475.467 77.466
557.976 249.646
274.272 217.588
178.145 258.153
74.325 106.8
133.118 137.434
339.829 103.88
300.276 71.496
527.063 120.841
141.8 209.253
337.774 70.065
180.487 47.449
160.755 120.886
559.038 59.627
200.195 176.407
355.717 138.025
296.028 41.734
197.648 182.223
213.772 59.26
524.997 64.817
277.252 128.257
564.214 226.169
378.037 192.848
513.259 129.984
354.334 93.924
405.746 172.84
415.922 244.353
414.039 59.902
163.389 73.021
237.961 244.501
420.125 190.999
528.138 190.919
486.496 65.891
378.106 52.364
278.162 63.357
201.013 260.646
137.412 173.755
78.542 177.619
134.967 251.928
422.298 146.499
66.977 172.038
505.283 202.668
457.546 262.557
141.966 259.948
350.212 109.711
400.585 182.012
231.86 255.119
256.244 238.912
469.276 252.022
201.754 248.345
130.34 261.729
372.059 245.318
160.468 55.479
406.448 194.368
335.264 112.921
492.483 74.21
201.055 91.109
70.321 206.676
402.926 147.393
160.527 123.978
262.793 121.94
519.785 158.907
350.998 147.948
155.316 193.322
521.214 96.571
504.143 80.177
549.121 117.281
466.911 63.88
512.354 301.332
152.146 210.719
190.42 73.082
519.702 106.062
380.2 273.817
302.374 59.97
421.103 145.229
540.666 47.76
260.577 267.608
191.532 101.036
248.314 242.688
516.429 123.7
141.651 169.346
374.765 277.443
513.268 77.979
326.343 68.548
407.968 201.289
150.115 129.679
352.76 113.427
281.583 55.186
64.335 86.272
364.422 50.402
499.101 135.167
357.048 50.899
558.179 117.546
390.156 243.653
331.849 147.605
399.583 102.722
89.331 69.805
346.23 70.903
521.989 154.715
528.34 210.848
523.896 293.429
545.249 85.464
330.821 116.208
262.848 264.534
155.091 65.082
530.292 181.077
542.525 151.414
555.277 192.516
368.4 64.978
483.229 73.672
282.307 64.095
531.265 214.408
67.43 132.587
259.739 128.499
155.341 123.334
305.616 42.881
418.807 50.633
403.917 55.487
344.349 93.733
62.15 97.378
296.323 71.496
130.018 133.411
83.481 158.227
362.391 51.17
130.732 183.346
396.034 169.708
397.253 184.372
396.532 148.74
330.185 88.672
268.54 201.47
417.747 122.009
342.281 148.796
321.611 78.61
179.617 51.691
572.26 80.543
225.854 252.401
189.966 129.771
388.852 48.209
329.076 118.63
235.787 72.669
176.575 52.307
346.62 69.801
114.01 69.053
252.221 274.41
281 139.228
152.054 144.654
410.256 154.559
567.293 242.353
416.656 75.63
387.165 146.483
562.99 223.001
147.145 74.294
567.011 228.187
467.71 267.12
284.816 262.554
356.069 140.444
348.387 247.395
318.86 77.413
342.106 258.572
292.106 116.321
203.361 200.33
77.588 135.53
563.827 146.686
400.527 249.724
517.51 140.657
414.713 147.557
507.968 179.097
496.433 59.488
227.464 74.642
415.102 70.183
353.907 111.065
68.742 76.721
243.587 273.349
303.03 53.492
131.445 159.259
74.735 205.615
139.178 142.568
162.788 276.151
271.48 195.58
352.104 210.276
287.173 267.131
85.261 299.83
532.999 84.364
332.997 57.608
171.373 73.058
356.444 73.246
354.313 103.833
228.525 121.088
65.73 94.379
397.824 176.832
342.361 61.356
227.149 67.248
534.152 149.564
405.986 102.513
292.015 218.455
169.115 64.701
382.118 128.893
504.03 177.05
196.704 87.94
548.897 174.378
92.813 170.004
160.334 190.657
199.25 211.071
131.077 202.721
337.068 150.178
512.37 65.186
570.754 77.827
440.155 265.894
421.191 142.496
297.986 49.268
195.573 111.744
390.2 204.131
93.549 62.246
187.911 75.339
528.574 195.644
293.837 214.41
568.374 108.069
244.933 260.88
552.877 159.646
69.18 60.519
210.018 188.367
195.282 208.706
280.698 257.006
512.844 64.742
271.235 166.659
64.691 76.897
537.131 166.182
559.182 213.404
528.238 153.635
210.335 266.392
406.272 196.086
138.456 268.182
568.378 233.15
61.073 147.703
511.958 134.334
248.68 247.445
368.054 192.165
357.333 150.038
385.158 261.539
131.62 59.089
282.406 178.345
532.589 186.914
537.677 92.327
232.564 260.798
194.028 239.583
305.721 66.884
276.678 252.404
402.803 65.416
257.55 270.234
562.25 70.271
391.721 59.858
275.928 258.993
541.601 115.146
197.068 147.38
419.198 146.828
552.883 68.396
171.897 275.683
205.613 124.736
273.838 128.418
349.613 130.426
490.243 52.751
354.477 108.728
516.148 52.172
530.754 84.465
546.402 145.057
504.743 202.082
440.469 273.76
67.354 209.574
388.807 113.558
77.232 290.396
363.014 61.259
549.221 246.082
394.921 259.66
476.139 253.065
84.11 148.113
301.318 53.196
68.103 84.292
265.234 199.538
388.457 137.87
157.196 208.945
193.676 205.54
206.878 66.377
272.562 68.353
117.926 56.893
553.667 90.945
550.854 103.124
551.098 140.254
97.104 61.82
473.048 62.032
521.511 161.161
131.241 122.601
415.217 45.739
156.218 268.636
373.911 69.651
546.746 218.161
157.401 217.149
279.033 239.472
417.257 266.311
210.472 98.045
132.789 176.377
537.825 192.67
431.12 259.208
210.86 254.687
179.102 239.411
437.046 244.348
523.283 110.911
425.879 246.068
142.433 122.995
373.412 214.068
144.16 172.135
491.233 171.754
464.716 252.57
130.086 180.101
164.407 268.663
504.712 181.493
395.232 166.227
218.197 61.85
289.987 63.035
198.225 263.127
509.284 65.825
487.9 262.69
163.385 54.451
149.493 64.889
98.852 69.308
143.943 236.317
360.903 211.161
196.171 160.589
218.675 57.882
220.952 134.79
257.232 256.36
206.183 186.011
365.48 56.106
500.418 54.574
353.815 105.244
217.627 121.981
218.002 256.416
414.78 71.745
556.152 81.008
498.564 295.882
494.47 153.533
208.879 145.407
465.25 183.692
383.133 121.47
160.825 156.326
360.469 77.924
349.96 277.492
84.51 133.902
175.398 60.286
548.819 106.129
282.543 66.914
262.994 131.227
205.095 177.691
120.926 67.692
135.641 137.337
193.003 87.289
224.187 155.067
149.393 126.721
132.342 179.532
511.612 156.057
546.025 169.656
144.287 231.913
298.963 51.935
420.297 195.241
211.858 253.76
392.392 135.971
420.964 184.376
510.027 156.93
540.299 49.028
337.917 157.381
460.23 257.873
538.039 178.942
447.769 253.702
133.217 272.901
125.567 155.122
227.438 261.183
392.127 171.346
221.736 160.956
218.172 164.055
394.842 172.417
397.165 61.14
416.898 137.382
366.299 55.606
85.749 87.392
208.538 257.879
197.655 143.968
248.145 240.503
535.788 142.865
120.263 51.131
201.893 120.068
285.441 210.697
222.057 176.287
215.364 159.712
384.223 57.624
201.113 106.473
526.788 114.788
525.404 163.443
226.574 195.639
574.773 222.169
414.547 256.952
536.566 166.423
520.302 122.764
331.003 266.444
564.374 86.625
209.884 177.469
138.573 243.658
341.568 272.573
529.461 161.387
228.305 90.077
170.122 270.159
524.599 135.455
535.39 104.135
359.624 188.102
397.545 131.625
372.734 277.262
221.719 155.855
193.447 210.804
355.57 83.401
347.835 262.563
135.216 59.626
132.977 74.636
314.929 48.106
386.689 169.124
354.77 215.879
215.154 172.578
414.855 185.306
383.734 246.012
543.549 207.914
421.676 187.246
470.655 254.546
355.055 275.145
409.01 61.855
71.088 50.802
542.519 169.866
549.177 196.664
436.54 257.925
140.678 206.17
63.314 201.061
331.051 50.789
85.123 134.046
76.567 74.444
558.404 102.258
198.704 267.47
508.645 198.158
200.078 178.982
502.914 185.121
156.157 205.702
162.949 59.648
554.941 66.593
190.083 120.785
308.433 51.938
491.016 157.395
190.212 256.064
133.927 270.429
448.031 256.853
528.657 180.165
497.581 73.943
384.965 276.48
561.527 246.675
361.339 101.004
521.116 115.612
556.037 143.209
136.329 253.139
392.437 113.409
396.987 144.665
151.728 157.627
70.212 272.238
359.745 208.071
501.007 167.838
307.914 61.426
383.906 274.396
353.147 249.732
387.545 52.573
568.196 79.524
279.675 124.104
394.403 161.167
365.096 72.017
144.24 237.297
389.932 261.793
265.605 133.103
189.682 238.873
147.66 231.972
158.555 230.178
503.156 61.682
61.764 89.927
80.62 110.542
489.754 162.682
527.852 220.434
220.606 116.224
337.202 78.051
212.74 166.304
557.521 245.359
561.301 135.786
195.895 113.564
526.431 86.818
232.309 251.896
199.685 255.712
518.005 203.612
411.335 177.115
283.734 119.883
225.188 141.759
209.025 130.104
215.314 97.718
343.549 46.727
341.03 247.813
74.245 109.935
518.847 67.719
547.227 83.968
533.75 84.941
511.385 132.568
526.185 199.936
223.715 250.712
381.161 278.596
357.088 87.301
129.137 167.574
150.507 219.388
155.477 210.311
388.769 145.097
169.112 245.741
495.448 150.481
533.18 123.196
528.936 205.491
326.161 79.695
406.504 198.547
150.383 165.193
390.982 54.762
141.561 130.307
472.806 201.755
125.89 255.348
365.308 55.282
552.689 200.941
273.968 217.632
147.064 214.05
506.872 149.933
62.131 131.719
270.596 240.451
225.856 186.647
450.184 258.608
560.394 98.286
409.145 179.45
527.577 96.393
211.815 151.475
83.228 155.009
421.881 190.509
553.034 169.098
190.714 187.475
531.298 147.713
497.066 148.342
536.355 149.061
310.33 70.084
223.976 55.692
471.375 58.903
342.788 116.29
324.484 83.167
518.904 86.711
411.178 207.487
422.752 128.513
353.881 77.798
484.487 159.37
502.303 60.135
415.145 206.471
206.786 121.951
257.602 127.535
342.863 132.994
295.597 50.309
196.75 91.082
353.997 115.398
285.559 67.784
277.795 168.75
350.754 55.499
254.504 248.924
421.757 198.974
392.584 57.204
132.328 62.822
335.364 278.478
472.997 202.054
514.912 112.848
199.264 205.529
278.921 205.592
364.592 261.013
178.403 83.967
271.406 174.451
265.654 166.886
528.26 115.267
254.237 270.233
548.486 220.992
399.008 214.37
555.592 56.315
268.875 115.893
185.213 65.162
103.99 70.757
351.603 117.271
552.427 130.731
381.856 268.348
357.583 250.433
182.831 239.186
363.786 262.888
360.965 95.771
130.147 57.07
527.149 78.043
344.702 113.939
333.78 116.097
553.555 109.01
209.79 133.748
153.676 240.563
354.96 146.74
400.37 146.071
203.36 126.069
75.429 143.1
138.486 111.047
271.568 240.474
391.433 123.219
287.753 195.464
64.464 78.911
329.713 74.067
535.115 50.8
521.542 146.82
477.907 73.527
107.015 79.633
498.444 135.291
147.13 242.684
554.724 176.576
112.988 56.863
200.003 194.553
270.812 243.627
139.23 177.46
511.243 84.124
542.945 207.964
61.042 64.183
212.419 152.258
277.1 207.069
401.927 251.741
159.637 216.183
547.623 229.256
401.491 130.315
84.83 297.601
201.978 113.065
545.804 91.86
77.801 92.971
405.061 251.548
399.265 211.385
552.38 70.539
119.307 73.815
344.683 151.951
201.794 205.445
274.882 138.59
394.921 78.41
294.094 68.891
417.56 47.549
519.399 74.5
491.446 151.381
203.982 266.815
86.857 189.188
398.65 74.077
483.748 72.913
67.288 48.085
284.081 115.266
86.582 74.485
331.538 41.542
149.019 141.856
387.33 260.717
295.259 72.01
206.256 97.374
509.808 114.605
413.928 133.69
388 172.52
358.595 151.339
532.63 83.993
390.511 144.522
190.51 48.826
280.612 213.945
366.002 247.818
562.896 107.72
278.675 243.167
318.174 54.218
505.603 82.204
66.685 94.796
409.876 183.795
169.231 64.841
519.907 161.569
390.181 161.385
415.683 190.25
69.803 172.35
521.62 73.024
415.314 64.11
537.349 194.573
532.687 202.809
212.213 87.111
77.516 293.409
314.372 48.678
519.946 157.633
562.879 226.875
393.842 127.284
150.203 145.886
557.247 182.074
610.742 85.605
145.013 212.272
363.757 60.52
273.431 128.224
140.486 204.149
145.643 218.159
560.436 129.337
131.192 194.864
507.782 160.247
162.177 151.363
527.729 104.994
471.013 184.402
523.2 84.659
94.175 70.234
183.431 50.98
209.535 68.274
483.766 253.864
65.602 79.469
128.739 189.238
88.69 171.909
398.738 52.632
504.637 163.292
351.122 137.471
276.298 130.962
190.367 245.121
523.994 103.266
330.254 262.611
562.287 244.057
563.706 121.255
155.882 136.3
219.443 252.328
130.136 123.391
357.056 241.116
300.524 76.87
262.902 270.55
225.756 116.766
151.978 134.801
431.376 274.049
124.294 69.166
210.599 150.183
279.362 246.048
82.143 135.74
342.899 258.532
363.84 59.071
320.413 44.222
165.454 62.445
499.095 84.242
131.109 156.49
223.413 245.271
403.737 114.549
296.36 43
87.998 300.792
354.818 242.677
523.691 116.52
346.27 264.985
530.822 209.63
87.616 130.009
133.577 119.519
284.089 54.694
95.616 60.232
366.786 78.047
239.339 257.262
153.378 70.184
148.642 171.447
70.083 157.192
529.381 82.443
355.13 76.308
388.353 219.476
115.104 48.161
151.388 271.461
211.266 80.199
194.251 202.369
97.56 77.537
409.593 205.046
69.291 61.199
215.469 114.045
87.867 194.244
66.768 178.738
513.566 202.936
82.708 73.493
353.54 208.193
486.358 255.206
532.324 211.284
352.925 266.079
368.741 256.316
555.711 101.102
538.009 189.409
372.829 45.759
550.599 96.244
164.936 237.465
68.612 153.464
376.558 217.263
359.481 92.457
349.69 103.777
155.689 196.979
293.896 54.564
403.163 171.525
547.896 149.456
268.392 256.173
79.302 136.951
221.954 241.82
225.748 263.276
132.293 132.47
566.725 76.241
429.749 247.031
133.881 55.546
377.252 252.466
132.007 206.443
524.59 206.048
289.228 211.878
63.607 151.696
291.277 59.366
292.829 206.448
452.199 248.926
269.765 225.065
318.991 79.735
66.486 140.781
495.787 56.414
225.069 196.507
207.109 197.47
158.383 221.328
543.972 224.998
129.119 180.516
265.042 243.149
532.826 202.689
257.766 257.484
162.648 183.593
190.44 192.668
433.389 263.161
131.013 190.343
272.332 132.706
534.358 157.491
136.939 72.129
292.071 46.103
131.931 128.843
451.54 267.072
214.197 121.805
505.835 68.643
499.634 57.336
109.266 63.384
233.992 67.238
368.137 201.804
395.209 264.728
225.914 55.265
207.158 164.32
331.817 108.257
281.803 130.479
357.614 215.12
564.463 254.282
192.393 249.664
340.861 132.804
507.928 198.081
69.975 132.381
220.773 212.359
170.309 240.614
343.464 251.312
262.564 132.021
201.595 168.637
170.054 255.023
82.941 183.567
568.833 236.89
279.06 212.441
164.504 275.793
140.785 229.862
164.814 62.182
548.536 195.035
109.265 78.318
61.078 87.292
436.312 274.59
73.677 174.555
228.529 260.531
395.586 252.606
254.534 246.723
458.971 265.044
333.112 53.473
208.884 82.165
508.616 75.029
517.457 207.398
227.447 255.071
276.511 218.054
390.927 114.09
311.942 68.831
377.327 200.062
391.372 63.283
283.875 177.818
87.448 62.083
448.929 245.656
539.054 73.993
202.298 208.992
271.227 193.756
357.606 245.923
208.76 63.66
93.613 57.413
145.277 118.235
494.04 164.481
542.566 193.188
282.331 156.039
386.82 258.703
473.719 253.619
554.892 87.049
210.14 129.43
361.483 87.55
140.164 78.734
415.129 210.256
267.8 124.889
345.669 57.069
152.395 206.297
423.308 117.266
516.138 134.254
265.65 138.307
219.018 101.086
82.902 181.001
510.739 137.164
215.158 164.402
530.994 175.167
395.959 102.011
210.003 105.614
134.417 52.091
136.022 64.544
208.714 160.148
392.264 153.761
231.818 65.543
488.398 156.882
486.464 254.702
236.756 253.192
403.273 186.425
447.237 276.48
492.307 80.651
132.437 149.982
62.216 187.777
381.411 66.312
347.114 118.186
147.627 125.29
69.013 138.545
78.18 95.684
285.069 113.298
450.567 270.54
411.014 129.797
525.053 60.13
354.723 153.786
266.504 244.995
266.775 131.494
394.088 205.618
196.702 212.854
314.564 50.224
514.363 120.057
346.414 115.159
433.757 244.092
212.194 108.508
403.935 189.252
549.473 52.441
408.383 149.585
77.337 92.946
320.861 74.676
162.818 242.523
127.945 173.423
199.022 130.951
547.29 198.339
162.253 72.416
135.515 240.944
196.365 204.097
338.13 158.699
541.339 139.133
210.312 212.196
412.187 80.279
365.772 207.875
500.835 49.753
221.55 68.284
511.876 125.368
335.009 111.01
350.82 128.549
426.365 246.957
276.134 158.788
279.437 115.257
385.501 70.752
129.717 49.545
297.089 42.278
394.749 216.942
334.545 59.155
71.291 54.891
268.68 261.174
562.993 140.828
279.451 229.123
151.941 161.504
195.539 268.736
150.998 145.853
529.67 47.461
510.31 194.835
76.544 59.005
188.414 65.752
207.776 62.704
564.41 252.11
388.884 155.911
536.652 205.302
193.59 151.454
90.862 184.297
372.06 194.843
387.978 155.553
189.002 241.364
545.648 245.738
233.153 256.659
531.914 168.329
520.535 128.68
225.459 243.694
272.562 153.024
525.501 160.329
437.738 246.713
152.255 113.712
470.956 67.254
140.908 178.03
67.234 101.952
218.367 105.82
559.784 125.777
439.312 247.89
404.678 116.757
446.718 278.776
268.399 137.009
414.691 194.74
274.125 191.739
300.458 59.788
543.685 175.022
389.163 120.309
376.337 271.539
352.494 72.054
176.777 247.53
402.775 163.648
83.661 180.331
334.466 128.658
279.186 179.359
222.698 180.865
382.302 128.579
526.374 47.472
157.176 150.734
562.99 238.18
226.72 246.138
94.245 74.752
559.659 58.9
483.874 162.421
283.674 250.116
400.096 105.708
148.331 68.856
396.016 164.109
143.013 169.154
496.849 181.85
533.299 105.304
183.586 251.012
266.664 149.926
282.671 174.96
212.175 147.067
217.78 186.46
526.724 77.099
189.299 255.026
384.606 72.144
359.06 193.005
179.187 249.763
416.82 267.088
127.171 191.601
512.551 116.048
359.464 139.379
564.535 99.386
429.553 267.007
412.784 58.869
343.465 99.827
92.282 72.317
421.385 202.56
387.551 251.595
411.1 73.978
270.77 205.762
275.017 148.994
219.185 84.039
418.389 273.756
338.501 78.965
390.927 163.899
208.407 59.663
61.948 148.738
155.481 237.175
70.669 116.403
146.295 70.689
213.626 90.195
134.971 50.411
95.251 66.943
410.891 70.073
494.915 60.334
282.485 66.867
200.069 173.172
225.38 122.094
194.057 66.703
548.225 73.986
513.707 120.603
472.227 260.64
511.224 91.481
540.042 171.284
424.402 50.125
346.103 270.262
488.673 58.338
562.954 85.014
76.792 153.381
477.662 65.909
207.173 73.629
215.153 153.285
529.341 45.686
148.673 212.751
390.167 200.582
533.017 85.309
494.67 177.481
414.844 115.853
181.051 245.007
401.411 110.094
384.881 210.126
227.961 153.44
267.893 211.802
528.233 115.727
541.442 230.361
517.217 71.313
145.731 150.536
498.353 294.465
542.545 225.658
162.15 264.987
104.21 65.073
446.174 252.246
222.918 240.822
74.399 94.618
81.655 163.746
519.233 130.768
269.356 236.447
556.577 115.704
153.398 232.717
562.932 143.282
158.619 234.177
567.774 188.915
261.65 208.044
401.054 186.144
123.536 50.318
214.36 193.446
211.502 52.892
282.378 112.987
512.246 199.883
138.18 62.924
179.724 78.942
289.869 255.328
522.475 128.063
487.874 175.172
214.533 253.265
383.135 133.732
211.704 130.822
549.787 132.307
546.6 203.862
62.55 72.966
163.831 213.557
501.378 56.638
559.773 83.406
492.661 53.069
450.167 261.094
285.15 260.4
136.973 218.483
557.531 122.124
535.688 211.698
215.607 175.879
484.956 163.187
195.664 77.322
480.073 275.42
395.297 52.013
72.633 197.504
76.065 115.076
311.677 72.983
529.693 77.475
129.403 66.358
489.888 150.128
398.429 105.096
147.028 79.978
330.707 127.478
555.553 150.776
72.014 121.127
161.999 243.989
214.184 111.557
422.953 73.811
569.675 83.945
518.945 85.339
531.771 182.154
409.209 195.825
407.497 203.907
205.226 64.45
150.378 115.792
330.802 42.264
137.033 211.08
500.555 56.65
353.567 137.807
355.209 112.526
508.039 53.373
390.692 76.951
84.711 125.176
222.626 187.116
66.829 114.867
130.584 128.05
220.227 133.044
455.294 274.426
273.456 254.77
309.668 62.486
552.235 99.458
295.605 47.907
285.06 149.716
140.962 197.71
66.345 185.506
510.216 128.728
195.6 81.501
389.022 249.211
315.993 59.137
396.803 250.01
312.228 63.512
558.27 146.856
85.26 166.687
153.519 147.587
507.935 133.972
397.017 268.616
606.765 104.378
279.359 211.027
218.696 66.874
146.168 135.146
261.394 112.688
332.419 41.672
536.234 75.189
213.555 117.503
85.196 142.287
285.671 170.81
546.265 194.145
196.537 113.237
279.173 126.593
327.716 50.396
530.659 221.074
273.918 247.443
400.166 252.247
498.198 145.182
528.184 294.272
561.802 247.619
281.838 151.91
285.752 140.401
416.262 197.62
342.161 115.706
354.095 80.244
347.736 138.319
556.09 151.533
291.954 118.535
465.468 64.728
543.554 127.873
70.249 160.679
224.389 191.277
460.254 248.25
392.418 207.347
369.199 197.315
404.72 66.488
162.918 227.805
179.07 249.643
159.279 136.355
82.237 137.005
290.394 76.887
206.144 142.636
146.339 189.345
397.687 190.057
74.909 191.747
523.686 203.732
349.868 66.642
139.08 263.206
555.137 150.221
222.406 207.079
330.148 97.974
253.804 241.824
127.943 190.99
68.726 53.835
545.275 105.564
464.861 278.63
377.325 66.341
566.101 250.379
209.054 62.909
508.092 135.899
142.606 49.431
80.255 130.674
218.34 251.779
224.381 98.874
279.18 169.59
551.918 251.311
69.49 175.238
288.349 182.194
475.616 251.668
174.345 72.956
521.264 135.462
553.97 239.374
399.445 150.953
528.507 96.737
403.039 271.608
72.225 193.04
549.762 182.019
270.959 179.262
546.72 243.166
228.735 58.975
389.857 258.168
200.825 206.253
289.04 199.562
401.961 68.139
511.584 120.712
552.719 71.083
202.079 98.402
287.885 111.373
198.623 257.335
270.145 252.686
390.855 171.494
98.752 51.982
355.933 53.53
425.299 246.212
145.512 272.781
429.561 257.894
163.261 213.111
161.173 159.467
74.159 79.042
345.154 269.507
397.296 170.301
138.659 208.923
340.328 129.88
38.63 72.389
257.295 126.653
280.594 141.829
294.784 75.937
209.087 118.395
386.64 70.344
549.73 175.908
357.177 246.166
417.775 264.518
371.912 183.368
140.968 183.278
232.167 248.72
157.346 119.388
359.881 208.681
369.478 273.795
547.992 175.099
404.065 198.976
561.462 113.717
150.546 126.26
270.293 112.349
447.013 245.187
216.064 192.497
456.014 279.204
520.721 119.857
361.174 216.333
526.216 147.13
214.225 91.112
215.882 118.606
524.577 221.911
332.059 62.811
507.318 158.792
550.493 211.693
453.919 252.924
158.403 64.912
159.012 65.469
237.06 259.159
419.744 152.274
311.317 76.922
474.275 263.732
527.489 87.238
219.753 112.765
180.928 71.955
398.417 145.353
155.735 197.669
64.199 57.367
127.594 84.186
225.132 104.026
161.42 124.753
205.037 166.514
334.3 91.711
391.237 246.316
462.649 244.508
178.658 260.826
394.244 134.58
533.117 49.653
261.445 274.84
416.021 149.188
354.523 216.88
158.85 221.782
271.272 60.659
536.635 149.907
556.91 54.422
137.571 121.049
213.102 249.367
88.221 60.74
610.828 89.671
355.829 271.862
548.256 243.264
209.785 129.445
213.621 260.531
369.665 254.502
71.569 196.034
536.107 233.296
266.861 142.948
544.286 111.756
284.439 64.298
137.086 122.182
83.745 71.29
131.617 46.426
275.086 167.427
214.039 190.499
449.469 245.124
131.533 232.346
198.319 74.433
159.326 269.769
389.354 135.487
492.379 73.915
283.826 124.708
510.178 141.529
535.072 81.564
464.584 268.495
145.764 183.112
243.961 260.777
401.857 111.488
208.841 200.028
196.193 261.292
61.225 153.035
116.918 83.061
534.438 181.896
418.586 191.218
185.569 252.647
152.565 235.984
415.772 274.505
207.242 54.781
151.459 165.165
194.247 248.277
367.787 68.129
413.195 203.046
139.177 243.384
491.656 184.643
287.779 186.406
155.741 161.442
409.996 119.421
491.794 179.24
156.906 227.137
276.963 155.42
166.984 263.718
352.329 113.202
84.494 54.641
211.758 102.231
72.97 186.693
195.151 124.173
343.6 93.323
540.765 234.437
566.518 198.869
190.15 111.044
384.854 136.722
328.59 90.656
553.889 115.948
358.657 80.172
126.586 163.43
527.123 143.719
290.035 117.865
470.756 68.488
544.294 47.01
389.753 76.577
568.387 73.469
225.212 211.272
274.094 131.623
152.098 155.304
215.487 130.109
473.547 63.403
474.481 277.785
83.141 128.031
128.392 144.561
211.126 132.04
155.991 66.02
495.506 167.363
394.672 97.661
217.002 189.563
380.58 74.744
571.284 239.73
180.076 62.997
221.191 82.29
226.241 143.413
563.959 137.564
162.261 235.716
277.533 256.654
364.866 83.71
136.314 118.917
541.857 93.936
400.133 177.326
359.784 47.894
211.167 175.386
197.822 258.059
83.25 112.574
494.645 149.339
501.587 142.022
561.885 146.32
536.011 53.138
147.855 261.698
410.514 80.356
135.702 153.423
132.282 260.663
364.579 43.5
558.211 222.048
526.934 167.28
201.327 128.352
174.645 66.277
407.003 260.74
351.331 67.109
127.917 254.293
340.218 262.05
268.094 60.436
169.373 260.65
311.225 51.358
207.681 202.802
125.953 73.599
540.571 173.568
167.473 67.703
466.96 261.389
156.18 144.227
197.213 210.139
322.273 72.911
359.982 266.234
509.126 70.864
400.761 44.392
178.844 74.229
209.729 198.296
336.057 112.384
220.436 203.64
79.803 62.824
476.025 274.889
178.669 63.194
146.251 150.395
482.355 244.609
335.092 154.079
222.329 75.945
69.607 271.047
541.03 161.961
277.732 256.943
422.622 249.477
532.963 118.141
421.542 149.213
550.611 223.766
472.734 202.82
181.643 74.411
553.349 92.711
409.237 270.344
534.245 231.413
268.188 261.326
465.833 242.698
362.497 75.923
506.403 49.021
547.708 182.546
290.608 165.4
538.784 105.198
148.779 186.043
309.959 68.855
329.57 132.301
129.624 244.182
313.599 78.346
173.673 69.734
512.578 210.06
477.114 266.335
263.081 265.705
406.288 167.341
456.785 245.625
334.617 91.868
372.8 278.706
131.318 148.083
107.615 69.26
205.297 92.392
358.142 243.056
125.691 69.962
412.185 210.693
508.501 52.566
563.35 222.023
563.318 118.402
483.634 59.507
348.708 109.023
268.253 195.134
126.354 251.079
210.351 173.95
206.463 153.646
142.916 213.514
509.931 166.094
408.678 259.358
542.881 53.166
218.626 245.229
538.236 173.247
516.741 115.017
64.96 159.054
547.653 141.914
80.813 156.238
162.468 250.765
155.477 169.141
268.879 216.863
140.321 258.478
406.5 252.67
617.865 85.074
78.116 292.384
507.555 178.994
293.666 75.49
403.73 171.364
180.623 244.928
265.391 114.338
139.941 189.328
418.007 246.56
156.16 59.296
77.234 120.89
360.124 257.999
279.626 110.68
528.924 109.249
199.352 80.033
511.538 119.127
192.266 134.582
396.388 198.352
274.385 60.872
70.233 57.407
481.508 77.564
548.478 166.009
300.681 44.574
189.153 80.194
143.184 166.378
85.94 146.579
269.072 241.021
197.208 212.704
399.498 71.546
74.304 206.498
531.031 60.767
181.192 252.409
364.24 56.406
207.504 99.86
98.392 296.921
540.527 93.18
385.992 129.804
200.442 128.954
497.617 181.78
211.7 128.227
61.296 90.285
225.197 186.718
117.132 53.254
532.665 67.83
488.787 168.028
195.058 182.099
114.367 49.473
410.543 156.339
420.321 205.954
217.84 193.437
505.024 180.108
468.717 270.421
485.935 59.742
198.759 113.017
404.205 139.066
511.407 202.586
411.73 118.719
545.672 244.366
309.93 46.615
157.914 63.636
393.667 51.89
496.74 57.271
331.947 267.846
403.368 52.96
217.868 135.34
275.098 212.728
442.527 251.974
534.387 69.103
226.711 93.168
256.106 266.889
497.872 61.954
471.553 276.455
548.656 144.288
417.251 187.556
82.6 129.125
84.85 114.333
371.272 48.381
549.314 169.252
71.24 160.424
249.975 244.199
253.524 261.824
347.974 241.699
141.932 201.893
400.111 74.189
193.467 211.241
513.398 63.898
28.756 90.844
402.047 63.586
241.355 245.82
518.874 72.289
547.747 202.825
266.606 123.136
227.82 241.801
347.933 93.411
185.372 241.162
211.955 170.61
191.967 72.097
137.248 235.841
348.977 141.94
544.499 81.223
289.727 266.911
225.564 155.248
75.267 99.044
526.356 208.808
60.476 164.658
519.587 213.574
532.081 169.052
348.181 96.835
231.56 256.147
621.583 101.737
213.211 145.142
266.964 120.619
520.081 211.549
141.569 269.923
176.943 53.592
361.004 71.427
76.923 82.696
549.285 98.922
74.214 81.509
271.562 114.573
136.243 161.751
68.349 97.525
117.608 64.611
279.093 203.037
424.363 70.071
72.195 94.074
399.996 141.279
520.491 66.379
432.495 253.89
368.212 270.364
280.783 138.178
363.085 210.783
196.788 191.729
83.926 51.748
270.203 201.83
224.225 213.609
358.827 80.196
195.5 97.695
126.155 65.462
179.246 84.153
289.648 161.474
107.152 72.627
96.115 50.229
215.298 80.099
295.494 74.753
180.409 59.985
407.003 218.211
533.803 187.782
424.737 63.953
327.112 76.646
604.901 110.546
493.032 70.629
531.054 53.584
568.136 236.378
146.521 246.495
210.247 193.277
271.874 122.244
369.407 50.636
91.919 82.869
162.755 130.72
105.486 80.116
510.287 81.161
202.837 113.017
93.072 58.487
380.715 212.66
362.655 110.04
427.845 267.898
477.586 57.027
544.284 184.387
268.594 171.534
161.576 185.998
410.5 272.442
282.816 240.478
216.281 95.634
498.807 136.345
414.714 140.376
161.114 131.857
309.262 74.215
193.744 196.82
519.254 125.754
185.962 85.036
332.467 267.876
272.042 133.682
537.214 190.899
508.977 194.708
407.858 55.626
81.598 133.058
284.661 208.294
542.412 196.588
125.841 200.314
95.429 57.626
348.869 130.388
392.279 195.303
494.66 161.267
575.615 236.478
236.136 245.68
209.714 55.947
180.645 54.456
391.78 244.019
416.64 61.629
440.696 271.573
233.1 249.662
60.192 88.768
70.207 198.293
470.173 269.946
413.168 206.908
162.976 242.56
564.888 124.052
90.748 132.44
222.907 118.98
335.861 148.336
523.281 302.739
161.239 149.37
358.377 113.548
290.768 158.944
488.514 66.596
140.569 181.555
267.442 242.356
409.191 211.142
386.629 145.286
534.878 286.49
470.244 194.065
349.519 265.805
557.867 217.95
214.218 128.027
505.206 170.615
210.231 157.982
242.427 270.034
506.528 87.071
154.458 134.62
560.023 87.589
140.473 208.342
282.696 187.117
478.098 269.598
268.281 200.531
280.632 252.095
158.57 204.942
423.512 261.365
559.039 92.018
343.036 152.622
288.538 126.674
516.388 87.552
162.162 189.661
535.738 204.222
64.684 55.047
503.606 182.305
197.971 185.632
124.158 189.012
168.556 69.969
67.33 184.879
218.505 63.894
151.759 233.927
263.864 216.475
140.027 188.978
297.455 71.601
125.189 260.668
136.248 133.314
502.706 127.46
82.061 142.669
273.934 147.692
337.926 50.152
208.748 124.959
492.583 71.786
543.463 222.002
397.181 147.789
91.678 299.868
391.994 122.249
277.256 183.173
139.802 256.241
419.958 75.496
275.242 154.025
523.003 212.54
114.131 79.511
425.083 248.513
182.104 244.979
535.834 112.967
211.065 143.148
286.666 133.31
269.732 268.185
142.007 250.802
215.622 99.898
160.689 56.995
204.36 135.71
145.477 158.411
265.851 247.325
366.548 196.718
200.042 153.704
197.295 147.521
225.7 57.308
226.271 156.527
280.453 54.907
346.195 105.307
551.228 116.206
220.572 81.072
541.794 139.561
352.574 118.057
430.02 266.439
406.403 129.872
357.244 113.904
356.74 94.785
152.194 170.75
507.423 182.611
402.805 138.871
254.41 275.241
216.901 191.383
367.772 219.815
202.909 138.68
347.247 103.042
190.164 263.332
545.633 233.452
171.758 242.762
196.898 267.305
222.975 63.454
466.562 251.898
288.891 164.641
170.269 76.049
561.93 253.509
376.216 186.424
277.789 245.882
197.923 157.614
409.418 278.019
543.227 169.761
538.679 132.691
218.963 248.383
193.519 141.65
234.269 246.572
192.301 135.758
131.272 196.406
393.638 167.595
505.644 304.216
235.715 244.176
368.251 201.454
542.855 214.362
298.555 48.685
218.082 243.315
334.816 104.277
131.718 144.2
184.766 46.676
242.18 260.489
488.124 150.935
166.988 67.112
525.745 221.198
244.084 258.311
345.51 242.845
494.321 138.03
416.588 45.837
290.604 58.911
566.414 213.424
226.309 150.335
287.248 131.382
301.482 46.182
288.373 127.722
83.914 154.782
204.767 110.182
420.36 140.277
515.108 200.797
522.215 97.621
84.499 170.478
190.715 74.369
76.525 143.23
247.284 241.611
64.58 133.5
564.107 142.157
64.964 160.798
466.974 275.781
86.283 128.819
200.917 261.725
442.414 266.625
605.937 106.73
411.752 199.325
161.943 276.395
199.166 209.793
430.078 259.612
399.851 107.685
538.082 73.46
517.751 210.978
193.197 117.294
254.158 242.429
225.09 120.749
523.22 84.969
395.317 72.163
389.691 142.794
349.955 134.345
197.751 69.578
353.562 265.648
372.845 65.143
372.508 211.818
399.713 75.331
471.755 264.56
151.28 138.02
517.115 73.073
154.25 271.602
150.473 214.784
325.185 64.33
149.511 65.341
540.666 66.646
510.236 80.076
82.902 287.975
271.082 250.841
418.581 203.399
73.257 147.662
258.673 273.979
513.104 116.42
357.873 101.125
405.694 271.611
524.933 96.846
404.512 126.936
160.186 274.639
548.687 86.965
104.683 81.703
142.791 219.851
292.754 54.398
278.442 211.358
245.591 252.898
357.71 134.557
529.891 224.226
63.571 58.949
278.106 174.341
216.095 65.448
281.272 120.53
257.196 264.005
318.815 51.802
541.859 199.873
178.793 253.896
134.511 50.477
195.405 196.883
300.24 69.504
394.126 67.371
398.624 121.893
196.898 80.713
461.34 254.062
266.783 246.707
377.426 246.99
67.526 153.778
315.829 50.269
70.437 275.111
563.407 100.25
542.554 154.572
567.789 250.389
328.456 114.79
346.126 158.759
532.917 126.589
358.871 117.464
352.165 148.042
209.992 123.26
326.991 125.643
390.895 249.212
135.698 247.667
136.875 68.853
196.375 155.806
497.913 49.562
268.691 246.174
528.8 98.513
357.629 93.793
81.355 191.071
69.333 117.294
146.526 240.363
224.526 114.819
343.89 58.602
133.283 177.897
401.175 157.497
84.204 55.04
248.131 266.234
515.741 82.892
378.373 211.44
296.504 72.066
402.051 67.638
72.668 88.153
128.782 162.46
527.461 65.17
369.404 280.102
267.605 141.725
238.358 252.73
159.242 177.431
