 121.562 81.002
 762.097 70.462
 127.569 113.457
 95.467 116.823
 639.748 109.97
 360.282 38.381
 306.85 71.128
 484.187 87.38
 506.435 122.746
 228.705 74.679
 775.634 78.058
 241.565 83.218
 55.554 77.417
 310.682 80.522
 598.054 106.678
 87.005 36.76
639.641 46.352
119.848 119.064
60.721 116.613
722.375 48.498
725.528 89.98
510.292 66.659
611.563 121.912
312.51 81.756
373.235 45.613
375.992 91.45
624.918 76.686
463.016 70.755
748.95 118.772
319.139 114.913
473.226 86.074
460.149 87.914
589.187 41.852
66.552 102.445
719.451 41.173
643.057 88.281
319.291 114.131
372.127 101.216
305.47 75.465
190.898 63.881
747.578 82.941
650.608 85.202
99.408 123.477
373.578 47.561
119.271 41.755
320.599 102.575
386.785 61.126
730.558 89.421
315.666 79.016
72.173 36.658
742.702 44.07
510.836 114.318
458.408 95.913
358.075 35.2
451.607 119.618
597.506 111.469
506.488 45.852
191.633 73.132
220.777 113.159
594.894 104.123
507.376 103.655
342.789 34.184
50.953 91.821
641.023 116.863
195.001 49.942
637.17 56.175
124.691 88.194
516.916 75.573
187.882 94.654
776.243 123.374
651.092 111.935
372.493 54.274
477.235 35.342
611.196 40.414
206.24 76.78
599.15 114.673
450.311 123.221
102.848 76.717
620.141 42.645
197.102 38.658
241.09 83.379
458.634 51.484
332.7 116.451
486.208 39.754
235.893 82.326
305.644 82.112
718.071 109.137
317.049 71.785
341.954 113.425
48.503 96.017
604.322 109.995
636.381 38.622
69.582 43.792
335.646 33.296
248.576 76.854
498.319 38.8
457.347 98.192
346.336 44.568
376.609 90.9
94.544 121.656
741.916 78.759
513.55 95.88
225.424 36.782
55.263 111.044
493.289 36.257
68.233 119.809
233.896 123.693
120.88 91.779
732.571 48.647
779.167 37.558
339.598 33.406
459.346 61.339
593.409 65.936
720.168 48.491
77.406 123.672
195.648 96.323
381.621 53.878
456.968 53.887
384.653 48.089
588.317 58.639
112.979 81.395
200.478 120.681
642.693 43.034
486.374 80.213
515.659 69.103
636.482 51.927
587.796 85.054
510.267 104.704
778.063 114.961
767.116 85.416
508.72 57.503
249.077 40.504
72.396 112.041
74.106 45.66
516.254 45.93
623.922 84.581
456.124 44.028
375.73 66.107
317.128 75.266
745.805 79.992
604.693 122.417
59.95 60.261
354.355 115.925
629.955 82.207
121.354 44.78
380.59 56.901
584.756 75.644
354.961 45.89
329.511 37.33
765.324 115.349
218.18 117.703
220.067 115.468
654.763 105.094
597.068 38.337
227.815 120.309
515.13 62.08
311.639 53.271
86.839 112.573
240.678 46.609
77.702 120.695
456.874 49.208
514.293 124.475
644.585 105.522
91.214 116.905
198.127 46.877
718.527 87.886
471.446 82.787
317.475 73.104
61.921 101.187
475.976 82.362
590.539 81.308
646.815 83.852
514.858 76.901
728.578 35.976
729.472 121.226
60.961 51.125
754.866 46.094
730.203 93.64
724.851 45.264
490.067 43.081
588.691 109.892
748.649 111.066
746.942 76.224
449.04 104.529
323.906 102.872
733.588 114.431
654.761 90.551
481.746 35.121
723.032 34.172
326.95 105.859
575.089 85.667
97.473 36.771
349.131 115.435
653.192 123.059
607.773 42.727
735.413 36.314
575.569 61.026
214.223 74.651
505.901 109.558
761.765 76.659
113.734 44.337
501.509 105.338
456.886 53.453
363.041 49.86
97.542 41.84
312.683 91.048
731.73 97.913
454.175 104.261
634.805 80.237
511.49 48.262
325.207 103.552
340.763 121.973
112.139 80.019
623.056 79.277
189.63 80.799
757.076 82.582
716.79 47.769
374.5 108.632
585.893 74.488
99.327 125.018
316.386 114.766
105.468 87.914
638.007 116.456
600.857 112.573
636.705 87.373
367.194 48.153
389.318 63.409
646.511 103.811
67.612 42.781
73.836 120.942
76.849 33.679
456.086 124.143
718.585 75.519
325.915 37.279
196.2 123.25
131.039 95.669
245.277 74.607
380.728 97.744
317.516 66.817
381.057 74.557
646.2 102.699
449.214 115.244
92.373 116.985
214.321 40.273
47.889 88.983
123.073 117.29
597.456 114.325
516.257 110.061
598.081 106.263
318.188 50.865
762.235 84.317
612.284 124.098
580.511 74.654
741.389 43.434
246.484 47.467
346.196 77.098
221.411 78.369
187.451 39.036
211.093 115.195
187.238 36.34
318.627 80.188
742.397 120.266
644.032 88.796
504.381 122.031
463.655 106.723
723.648 74.719
240.929 114.41
605.848 114.207
308.658 66.902
273.581 76.4
447.397 71.4
96.931 119.229
390.044 68.61
85.795 119.757
117.365 52.518
772.667 46.67
732.499 40.48
363.544 43.942
638.816 45.309
376.413 43.484
747.866 112.33
195.792 55.718
725.787 82.228
316.436 64.47
652.173 53.953
616.738 40.974
377.804 90.482
612.396 43.148
75.611 39.49
501.524 107.254
69.016 122.038
237.701 44.909
760.188 41.395
752.627 114.658
449.788 79.368
328.248 44.768
59.729 55.172
636.822 110.195
360.457 120.339
314.702 90.444
210.401 47.064
81.296 43.245
375.055 51.244
730.392 49.309
114.837 45.188
200.321 34.713
381.583 56.001
223.956 115.325
718.802 72.248
461.272 111.997
452.913 48.079
56.102 48.581
386.213 98.874
198.949 40.133
515.137 49.988
585.46 105.708
125.402 47.717
47.867 71.237
315.813 81.093
218.315 39.382
764.118 110.289
201.99 37.337
720.949 87.451
377.333 95.078
645.483 84.998
200.675 123.526
581.411 100.612
483.709 84.265
226.358 113.83
335.345 114.279
221.622 80.504
124.405 79.027
590.123 79.919
624.675 42.081
238.608 85.845
215.959 121.739
55.02 98.775
455.427 47.997
502.307 87.682
199.097 77.605
719.013 109.739
321.855 113.848
490.402 80.308
118.626 116.647
251.115 40.046
453.329 78.334
746.468 74.222
349.657 119.075
496.903 46.167
614.9 117.876
378.364 92.114
632.31 84.85
516.744 77.305
188.745 93.454
636.823 48.836
629.778 112.917
462.672 105.671
511.331 93.209
383.521 57.669
72.578 123.297
504.262 100.851
70.746 44.847
477.634 78.886
110.285 42.582
594.097 45.705
471.115 83.774
579.575 102.104
124.621 107.409
374.635 38.267
236.085 82.992
722.924 62.641
587.326 49.196
58.962 96.345
80.142 33.77
723.091 35.977
607.607 41.669
373.692 49.374
482.735 85.832
373.075 51.812
74.272 40.127
590.847 69.274
340.673 44.188
352.028 38.962
127.146 110.821
617.158 39.565
458.807 105.427
359.612 40.36
648.66 47.238
502.566 46.798
454.218 105.807
508.088 116.495
657.399 104.574
190.997 100.836
68.993 41.725
99.808 39.142
737.037 73.226
117.718 85.342
226.822 37.903
375.892 61.019
585.307 104.588
446.941 94.386
453.459 124.425
591.888 39.032
230.75 78.65
330.523 34.321
717.791 72.068
647.605 93.94
53.089 76.605
225.592 42.391
778.695 124.47
379.262 88.095
657.923 103.595
211.589 115.298
196.983 52.759
757.941 114.609
771.678 39.484
505.56 109.914
760.959 111.846
636.277 109.406
496.134 82.702
515.169 75.35
61.529 76.902
750.4 121.508
193.738 110.127
620.833 37.906
370.953 116.053
723.329 87.245
752.01 123.411
617.458 39.504
492.258 37.301
58.766 45.608
730.298 51.612
107.386 84.526
775.449 117.639
348.665 34.284
84.305 119.654
731.644 74.339
356.9 125.509
736.111 111.743
226.704 112.606
52.358 85.275
360.232 113.143
776.388 81.813
638.775 58.264
487.323 44.703
92.866 115.22
127.524 114.988
504.637 74.035
324.864 100.157
716.209 36.891
658.942 89.302
73.527 107.848
587.071 54.42
247.116 77.393
375.763 61.163
349.948 75.222
385.922 91.736
120.914 48.553
313.312 89.992
99.836 111.84
45.967 75.495
771.918 125.748
652.929 75.152
126.579 54.2
578.165 55.646
466.491 76.535
219.812 81.246
760.203 110.07
597.423 111.53
591.073 80.84
453 55.894
307.355 85.875
94.055 124.464
203.99 84.906
210.414 43.785
101.857 111.51
594.355 113.225
447.74 78.883
191.725 80.222
374.403 45.111
90.801 44.462
98.013 83.653
101.157 37.469
315.449 104.576
502.304 110.772
610.428 124.376
512.058 97.889
626.278 77.695
514.214 50.641
196.563 120.26
326.442 55.648
376.013 73.081
590.891 83.945
201.514 112.492
475.888 40.307
447.92 75.249
723.314 105.872
510.557 65.468
243.422 36.478
323.791 42.523
333.336 48.933
211.874 74.393
469.914 86.57
652.185 92.678
490.073 43.262
103.217 84.511
326.054 101.659
715.162 41.625
65.157 103.506
649.18 122.678
500.198 84.017
334.226 38.354
58.471 70.245
519.39 52.062
317.55 46.595
126.073 88.699
579.246 85.839
214.74 115.403
54.809 80.826
636.127 113.041
574.368 64.304
332.253 111.678
496.162 47.024
224.092 83.588
739.592 42.148
356.086 45.153
590.003 67.082
373.48 108.518
374.941 59.913
349.174 121.692
119.645 109.264
490.284 75.269
457.281 109.376
201.467 87.846
233.841 80.036
752.113 41.764
654.445 98.171
721.063 115.46
756.281 82.77
388.266 76.883
225.905 113.608
507.378 65.653
743.356 122.115
650.459 110.924
376.392 52.016
643.828 111.026
316.54 105.094
723.837 116.105
583.179 55.747
454.289 102.47
342.315 124.852
594.307 43.638
96.403 84.446
627.145 43.94
243.309 34.175
191.363 122.206
774.449 39.112
586.099 53.179
187.193 39.595
224.17 72.139
733.437 110.304
719.464 113.118
330.027 53.47
389.938 98.766
650.855 82.345
62.565 103.651
381.958 51.276
504.679 111.863
773.581 72.133
486.606 75.351
199.014 110.939
620.159 39.491
115.004 88.09
735.389 74.065
644.713 49.211
757.275 116.085
605.713 38.565
776.187 74.286
330.187 117.676
496.241 37.423
319.216 81.548
760.818 75.231
463.744 41.697
448.238 84.361
320.043 101.036
201.974 48.603
641.44 51.876
772.161 70.676
512.078 70.528
221.921 40.229
741.952 70.084
775.115 125.052
743.904 47.422
595.454 105.969
197.368 105.563
197.238 63.494
451.056 72.209
449.942 41.128
497.275 76.487
196.438 107.274
762.844 74.624
350.599 31.518
754.866 115.45
595.987 43.868
575.463 96.908
735.329 42.844
372.984 38.139
76.762 43.061
775.214 120.621
62.887 58.693
509.48 39.991
336.326 113.081
479.884 81.425
197.151 106.407
479.904 79.683
722.064 35.476
627.562 82.583
225.271 75.733
497.478 87.07
220.938 35.158
191.542 123.776
376.68 100.574
459.568 58.834
101.377 87.692
202.312 49.901
619.71 118.117
99.637 112.812
512.048 48.724
750.53 80.384
125.376 90.762
203.028 35.516
637.198 41.468
376.938 113.574
454.08 40.894
194.128 79.526
337.461 42.578
382.842 106.605
637.324 52.737
580.774 81.622
594.062 103.653
369.653 42.563
762.104 38.729
66.015 51.771
514.049 74.235
449.191 69.359
760.661 82.921
358.708 117.079
720.859 40.24
130.114 101.914
74.826 112.507
227.15 45.99
272.57 75.207
507.352 106.763
70.706 49.449
639.868 79.644
736.99 111.83
326.287 57.377
448.454 104.511
335.648 117.235
356.821 111.607
246.65 123.59
384.463 49.962
107.369 81.506
53.705 71.191
238.459 121.879
724.856 74.089
200.439 104.318
194.201 112.705
335.721 113.535
716.073 78.373
312.459 64.451
373.847 38.809
648.938 111.155
724.634 93.985
585.838 75.646
375.713 111.467
62.579 111.286
216.523 82.762
124.345 114.968
717.836 115.494
635.676 114.912
730.874 60.051
624.233 37.744
766.32 81.298
91.196 116.452
321.272 45.112
339.997 124.55
98.34 87.792
617.119 122.35
453 57.63
88.696 34.002
641.295 42
98.499 36.204
452.893 93.27
641.086 41.752
325.683 45.542
345.451 45.29
495.691 46.788
724.105 65.486
364.257 120.821
125.198 79.395
123.201 100.274
740.498 114.084
628.873 41.325
590.316 65.03
719.17 51.691
721.025 40.406
248.067 37.635
210.595 118.854
119.493 96.529
123.741 116.638
586.236 107.764
450.804 123.353
56.037 66.858
638.176 109.567
240.322 84.949
245.17 43.908
112.463 86.978
85.596 32.21
731.119 97.784
50.697 87.945
739.142 120.462
460.846 55.442
740.045 69.829
53.491 54.923
349.087 42.005
352.994 43.034
202.672 35.786
340.601 124.104
448.876 97.797
96.75 88.488
226.372 73.412
394.047 78.907
194.667 84.669
739.433 40.403
114.514 92.894
726.594 67.298
598.551 103.48
192.178 70.442
633.758 81.396
362.414 114.574
360.686 35.768
306.914 78.07
327.607 105.597
121.354 96.964
620.012 115.204
57.761 98.509
462.52 90.252
195.256 52.173
726.029 40.21
485.663 39.696
611.66 122.87
496.499 84.669
357.288 120.848
84.278 118.361
233.312 112.768
359.434 41.873
627.939 38.971
200.619 117.315
718.031 43.464
115.314 94.043
740.974 82.912
97.091 37.665
646.788 108.572
123.129 104.942
449.981 93.215
474.954 41.176
642.649 57.535
733.216 35.39
728.447 44.054
577.016 57.507
508.833 92.169
188.684 37.163
332.502 108.344
198.552 74.721
117.45 94.412
237.9 119.046
118.13 107.005
732.14 67.546
201.608 112.156
240.774 47.802
457.64 106.837
58.447 52.173
458.59 79.898
333.314 113.657
451.121 39.122
576.714 72.332
576.751 80.766
226.194 83.58
100.261 42.401
480.817 36.664
651.68 105.66
723.452 109.146
619.381 120.317
377.275 51.163
481.79 43.456
714.494 46.977
70.295 113.269
614.798 43.81
724.318 123.304
470.426 38.793
76.471 43.125
714.861 74.66
56.542 78.089
313.677 61.956
779.684 113.386
230.147 37.459
201.23 82.049
108.398 111.513
383.188 49.956
380.159 94.349
110.893 76.818
512.888 50.644
208.766 38.527
237.355 84.136
517.658 54.963
462.58 68.809
452.272 100.732
370.978 118.072
578.586 52.818
131.455 81.3
304.753 77.233
631.785 113.704
310.901 67.07
768.371 69.098
715.282 112.415
98.662 84.287
305.83 69.752
210.258 81.173
767.639 120.639
592.805 47.024
231.692 112.267
62.4 110.413
220.538 75.627
67.706 122.586
615.366 41.274
126.113 100.935
102.296 114.808
203.081 79.194
508.664 42.394
98 86.303
488.83 47.734
101.007 37.977
387.953 92.147
62.733 65.33
54.261 76.754
589.675 100.915
597.358 36.848
318.243 46.258
200.157 103.07
61.606 48.277
606.964 113.903
385.046 96.218
242.951 46.713
730.29 86.284
72.374 116.082
60.976 74.832
733.404 73.934
599.909 48.801
503.244 99.218
191.048 94.214
202.195 65.599
343.083 33.387
70.264 38.717
770.855 78.365
367.515 119.591
481.232 81.966
128.254 111.519
200.826 52.354
654.622 82.585
730.276 84.687
770.081 124.318
752.024 119.989
509.406 54.075
324.312 46.863
55.905 54.472
235.416 38.674
750.525 124.995
716.351 73.101
85.597 112.978
318.223 91.412
375.799 118.46
641.403 89.844
603.532 45.557
96.47 78.558
198.401 79.545
450.526 119.108
597.239 103.355
191.26 77.763
517.538 68.52
768.896 124.791
647.151 52.828
517.299 115.332
515.196 118.328
448.309 106.909
542.282 77.892
461.698 36.273
224.012 46.74
515.845 113.956
582.534 53.552
494.166 77.938
458.603 91.143
200.98 77.872
110.388 77.251
459.312 103.382
511.858 96.824
55.345 110.741
576.558 92.849
60.873 46.006
371.221 116.717
541.905 82.562
330.602 47.431
70.289 123.953
96.607 33.538
476.25 80.115
323.204 112.994
339.174 112.612
217.552 40.185
727.246 115.944
392.46 97.652
194.865 105.865
724.54 86.699
335.758 42.696
368.712 110.455
631.073 77.569
448.817 85.993
384.644 58.492
463.28 100.862
623.481 120.963
632.053 41.639
64.476 121.704
209.233 41.611
59.212 48.9
740.802 42.182
56.577 100.419
604.747 117.135
452.802 44.17
115.998 109.207
769.087 77.453
239.729 77.545
514.807 51.867
366.783 45.035
187.563 41.567
616.141 43.885
622.77 38.783
726.76 75.287
454.44 82.165
599.949 44.151
127.646 85.812
190.296 100.087
229.63 74.142
625.673 82.136
192.736 73.519
234.071 46.793
460.151 114.918
624.194 39.862
103.945 45.705
738.349 39.764
463.543 77.143
750.33 79.112
724.241 116.758
503.417 94.483
216.731 114.496
490.612 42.385
724.665 55.439
592.398 61.591
320.415 89.562
584.377 86.547
507.914 60.65
652.546 76.581
613.981 125.404
112.295 106.345
497.936 46.216
583.063 53.731
655.857 110.149
224.68 119.543
767.885 113.381
230.666 41.366
347.988 117.615
127.054 115.097
51.814 58.774
767.229 39.201
62.13 96.439
732.765 48.08
656.466 100.942
768.331 73.686
245.357 112.306
190.804 34.723
320.541 42.023
379.286 64.298
767.349 41.843
516.292 51.047
449.316 115.942
342.93 33.75
111.011 116.768
513.52 46.825
728.408 44.115
609.651 41.175
102.16 85.004
583.379 54.137
578.125 91.405
729.581 61.389
221.302 76.815
646.641 52.44
600.417 41.481
634.079 85.556
750.717 81.277
237.916 43.197
742.563 47.241
755.255 47.51
768.331 44.009
59.605 57.135
60.884 112.944
206.792 45.148
721.265 35.987
217.385 72.286
336.957 110.62
196.373 98.454
77.65 125.274
653.129 100.378
509.265 106.512
203.163 81.532
385.568 73.926
247.296 76.034
344.854 113.653
352.376 121.873
499.437 36.035
381.087 48.02
509.392 117.327
192.457 91.114
448.138 121.877
505.722 88.969
639.308 55.538
212.333 115.324
390.828 97.417
379.041 75.857
381.519 70.09
729.571 38.432
342.691 39.185
73.71 114.692
749.334 37.782
194.539 95.053
766.401 83.652
120.25 117.114
111.817 108.592
370.671 40.907
99.107 38.965
612.516 36.491
510.311 52.084
511.145 71.637
236.1 123.313
371.331 113.24
503.172 98.903
446.546 101.71
216.877 45.149
208.293 120.341
334.979 39.424
235.421 77.574
335.152 34.837
722.681 121.123
515.13 102.841
657.06 117.904
589.277 41.229
657.999 83.474
783.129 113.17
220.88 40.983
358.101 113.96
120.349 109.723
98.44 34.864
516.016 48.606
598.541 116.686
318.475 59.857
200.115 111.063
732.475 113.131
449.95 39.085
356.786 117.37
345.431 79.23
448.821 47.458
120.051 77.512
723.314 121.265
469.496 39.575
727.508 69.434
349.456 39.039
346.322 31.907
458.097 111.992
489.464 37.411
452.284 56.336
206.274 123.591
576.682 74.318
99.794 34.103
333.391 119.238
579.39 92.916
250.205 38.373
85.073 116.433
513.453 98.164
579.486 93.189
459.064 87.686
502.26 84.717
322.999 108.956
335.281 116.499
778.104 114.603
495.325 82.797
590.345 49.433
232.475 43.001
640.226 84.941
460.612 118.405
72.833 121.921
775.517 38.978
717.473 105.609
758.84 123.762
454.285 82.607
626.359 42.803
473.147 82.865
62.159 52.385
477.571 84.497
66.192 115.489
118.584 43.962
655.238 91.084
607.008 37.851
59.693 89.913
767.806 43.212
640.914 80.393
206.706 34.697
191.045 99.593
383.097 112.07
384.556 104.369
452.55 103.856
87.308 116.778
66.106 120.035
587.943 47.398
456.665 113.06
762.261 37.204
355.293 126.419
193.611 42.622
52.85 96.097
540.082 81.739
656.993 86.391
768.272 79.119
637.406 48.639
205.505 80.893
474.087 38.858
729.34 38.001
243.137 122.807
244.541 124.796
574.794 63.244
771.333 34.008
647.678 59.206
754.923 117.366
645.996 114.028
327.912 102.04
642.072 90.119
755.969 85.781
651.452 121.882
94.037 39.991
320.536 70.118
652.531 52.482
373.521 104.927
726.032 85.454
739.303 120.114
637.78 108.611
582.774 97.436
586.161 100.211
384.132 65.587
505.464 70.086
323.587 50.435
343.743 126.914
198.538 56.56
202.067 76.668
118.027 57.17
104.095 40.243
646.019 111.13
722.904 101.484
200.788 92.861
653.44 102.615
60.52 49.903
110.141 42.499
313.832 58.537
470.9 81.943
348.239 127.618
771.968 116.512
591.883 69.095
310.189 62.356
63.362 41.177
477.322 79.18
88.263 116.164
81.711 34.22
336.216 43.734
586.911 68.315
491.972 78.703
462.13 107.887
575.686 62.704
387.769 99.324
777.171 79.158
61.675 115.439
244.693 121.018
53.797 79.751
125.16 91.438
640.169 55.835
727.608 110.738
193.886 67.504
748.967 111.701
764.998 83.349
779.732 124.068
469.217 79.467
330.786 114.991
766.609 118.73
346.148 116.374
197.654 49.053
552.338 75.276
328.357 114.373
459.857 79.106
640.03 113.479
461.498 75.172
740.51 47.083
640.186 106.945
474.992 43.138
345.869 37.314
651.565 114.459
458.786 93.507
768.097 125.104
348.266 46.4
658.25 89.577
455.96 116.311
191.814 34.586
748.693 81.673
376.097 40.168
502.292 110.713
244.307 73.671
506.383 45.891
635.824 35.783
761.655 84.997
194.248 107.419
598.971 111.875
191.212 38.766
198.32 115.518
739.217 76.156
575.864 63.605
252.197 120.856
587.59 55.025
232.657 72.06
448.558 102.246
506.181 119.111
76.622 34.618
733.649 110.754
229.08 80.92
582.122 96.88
236.004 75.231
646.05 94.151
731.247 39.204
335.515 38.631
123.618 115.223
193.53 123.177
126.445 97.022
510.739 104.953
658.864 83.131
455.457 79.164
58.315 47.017
458.344 51.311
209.802 118.372
207.932 39.8
773.617 39.835
317.298 48.185
606.742 37.746
197.188 35.829
393.465 71.982
60.486 64.56
352.134 42.107
340.417 125.636
325.408 55.531
454.205 119.915
749.581 117.582
220.247 111.584
757.485 110.976
321.163 59.125
95.789 84.341
597.027 39.562
61.681 112.157
465.325 74.621
51.069 69.518
225.738 40.263
765.687 76.957
340.982 117.83
63.852 64.95
382.272 91.157
229.837 82.579
452.789 43.137
225.525 44.875
770.668 37.388
321.939 53.747
86.059 119.293
48.798 75.66
396.217 73.198
122.14 43.372
54.551 57.001
310.902 56.99
484.778 40.15
245.435 75.033
311.402 56.411
99.02 45.873
200.917 46.976
507.279 82.949
242.689 84
724.956 43.451
381.328 49.191
386.233 90.791
730.407 60.58
760.639 73.32
79.267 124.528
197.137 112.613
451.074 84.423
742.152 42.958
764.764 118.615
764.228 35.4
338.434 37.072
581.422 95.703
341.163 40.997
246.734 118.271
113.795 114.143
479.615 80.974
128.234 120.554
108.733 44.216
652.082 77.103
500.361 75.368
765.338 34.359
729.085 111.677
381.038 106.499
596.085 101.589
630.844 41.752
774.595 119.459
390.049 72.024
121.17 46.418
197.785 91.549
455.963 44.398
656.362 107.732
769.997 119.837
245.419 113.444
481.666 41.974
361.176 46.421
760.949 84.581
221.245 77.357
203.49 82.073
645.49 88.158
200.563 85.18
731.666 33.174
205.617 79.127
194.897 60.003
626.039 38.366
83.381 118.589
632.491 120.49
374.106 119.749
126.135 108.079
591.198 42.866
190.682 36.96
122.471 50.029
750.543 116.995
353.847 121.37
46.744 79.249
128.28 56.77
470.88 83.499
240.473 78.896
637.906 78.921
454.659 84.776
512.453 122.142
488.148 82.962
550.245 75.465
738.263 37.322
117.446 82.177
636.473 52.906
125.483 81.169
222.583 109.689
210.307 79.585
81.875 39.075
345.367 42.566
198.07 40.876
224.107 43.198
510.165 94.582
200.688 39.822
724.887 37.881
718.72 119.481
84.411 43.582
65.189 121.066
209.725 122.921
150.726 77.199
119.868 113.065
230.114 118.822
188.425 43.798
311.878 77.544
610.675 124.973
383.484 49.904
763.657 84.272
487.044 76.256
385.345 55.849
503.278 47.543
63.738 66.811
601.888 113.825
514.014 122.218
68.336 39.163
729.247 73.372
493.979 75.421
761.559 71.075
199.499 76.936
767.623 37.6
357.293 45.309
329 104.807
718.951 41.918
732.785 33.248
650.95 116.801
97.509 35.101
387.211 76.036
389.124 74.721
584.736 108.636
511.956 57.956
725.873 56.384
512.093 107.818
582.036 55.625
119.219 114.322
225.536 77.716
382.221 111.167
737.096 80.6
125.232 107.675
510.72 44.338
238.194 73.385
460.224 115.486
342.688 120.454
499.031 81.899
206.77 122.2
397.333 77.754
716.362 39.315
498.99 45.312
648.301 90.191
756.344 85.985
385.162 106.495
239.826 72.912
491.551 45.528
317.518 109.877
451.684 64.39
378.721 87.974
57.96 55.49
501.143 50.086
748.827 74.657
220.358 74.952
579.17 76.743
373.282 101.682
82.771 115.498
448.611 86.291
455.02 79.703
506.076 94.353
220.453 119.635
193.482 117.909
319.49 113.315
203.159 119.169
591.291 110.12
766.711 85.237
756.658 38.11
736.104 45.094
118.835 45.735
244.729 76.408
512.783 64.913
768.858 42.402
650.396 106.585
757.938 74.741
57.517 55.818
194.761 74.916
118.543 117.572
580.314 98.696
450.575 95.493
315.616 83.837
192.763 91.365
738.084 37.751
455.968 69.842
731.878 45.199
779.263 110.303
586.783 60.978
316.459 94.778
100.651 123.002
373.827 108.971
615.834 125.049
304.685 70.399
457.467 57.055
390.565 98.916
202.924 75.134
736.763 79.187
353.28 35.418
198.352 80.314
233.083 116.66
216.761 80.396
127.837 111.413
318.818 106.051
321.71 42.495
616.237 114.622
488.954 78.666
457.625 86.877
207.633 77.157
497.37 40.511
627.969 79.58
192.523 72.629
377.021 54.179
463.248 84.04
112.629 88.065
755.847 44.149
114.444 84.355
350.788 117.666
617.943 37.792
71.527 49.329
457.732 76.568
454.08 46.737
580.648 59.462
83.866 37.168
50.402 68.085
481.618 79.889
386.026 68.909
720.043 107.221
583.893 54.481
506.981 122.935
190.234 67.209
328.745 115.034
763.793 119.023
128.47 87.908
645.087 95.758
463.017 41.425
56.943 63.368
118.1 97.106
454.957 124.958
384.601 106.058
89.917 113.614
660.248 77.33
383.014 65.035
380.464 72.843
645.156 110.606
637.921 44.053
465.855 45.682
59.178 46.869
637.996 106.831
347.219 45.139
615.6 117.282
105.596 44.047
334.761 47.275
624.488 37.547
346.123 45.464
69.561 119.558
119.827 97.501
323.712 105.059
389.911 74.224
748.073 39.077
241.862 78.623
717.53 104.485
500.432 87.581
743.819 42.142
499.296 79.08
586.396 43.036
388.406 94.911
651.649 100.209
250.472 124.758
246.448 47.61
221.105 84.153
596.632 104.21
114.204 106.899
243.888 35.174
230.988 48.425
101.684 80.828
80.013 118.646
574.376 87.117
227.651 47.808
318.804 112.606
380.845 79.084
357.586 125.242
206.744 77.149
368.648 109.483
643.437 89.417
235.951 45.195
726.942 33.38
646.631 57.551
92.921 121.483
59.319 94.019
488.077 76.219
390.139 75.647
717.93 78.389
64.668 46.171
56.146 86.022
225.145 76.207
386.576 70.923
464.723 86.026
454.549 86.511
357.377 41.74
469.075 37.351
773.055 121.971
657.206 77.152
365.828 113.366
129.66 86.188
60.247 82.435
380.935 82.347
743.288 123.436
235.046 72.963
753.115 43.007
485.38 42.705
650.981 113.83
454.163 54.854
465.415 82.517
653.454 122.315
461.189 89.065
657.02 77.48
460.967 77.326
457.986 102.585
679.999 76.205
579.693 105.357
508.794 105.234
383.037 110.894
490.332 86.338
454.576 119.873
317.242 113.447
727.521 123.039
746.39 48.228
634.305 86.586
719.77 106.914
195.777 85.493
225.419 38.517
329.697 40.028
192.253 120.086
221.219 81.781
79.884 41.69
584.708 100.133
475.966 42.216
231.685 76.874
56.151 81.25
369.911 106.14
308.126 73.256
502.088 98.961
204.512 109.665
119.505 43.987
124.206 114.632
589.775 64.315
125.495 92.759
585.806 85.504
604.466 44.372
575.68 67.078
239.448 45.095
91.349 112.484
106.685 78.909
252.786 40.493
658.72 79.592
198.825 89.391
466.328 48.239
374.8 115.266
59.468 66.418
88.123 118.387
633.023 113.314
467.505 45.914
59.673 60.138
447.395 87.863
58.209 63.92
199.24 68.956
502.749 98.558
317.963 102.163
248.657 112.346
474.552 34.454
766.159 122.784
577.216 66.921
473.812 86.017
722.676 60.441
458.574 54.778
115.633 107.757
747.475 125.784
727.95 95.903
218.789 40.483
247.505 40.641
317.447 70.759
386.33 82.287
587.409 95.709
197.488 109.19
586.551 92.993
309.274 71.436
117.054 100.035
741.846 76.699
77.63 117.891
386.612 92.335
208.491 77.257
61.164 110.951
126.021 81.724
193.243 102.414
62.067 49.744
623.174 76.592
594.268 100.606
65.368 53.434
579.173 97.277
308.727 56.57
456.977 98.377
107.02 44.847
50.255 62.717
60.273 44.454
488.123 43.518
377.006 102.355
589.476 74.468
320.418 88.644
249.201 124.129
106.072 44.337
508.342 102.319
640.087 40.241
107.02 108.515
391.189 91.311
744.789 36.781
95.632 116.357
309.946 62.91
246.43 124.063
515.22 116.069
194.546 64.731
596.917 51.981
329.625 111.476
103.128 118.397
391.376 94.863
102.069 41.848
482.001 39.725
645.512 109.53
784.819 118.449
314.872 92.277
507.103 71.499
463.974 83.51
490.556 84.196
209.648 77.6
727.859 64.453
783.097 113.528
639.491 109.911
610.573 39.243
743.763 69.511
240.033 33.96
247.346 113.879
315.072 93.29
456.332 106.084
497.404 75.997
476.841 76.591
220.748 80.028
481.719 86.881
458.174 66.1
542.944 76.104
223.095 76.807
580.037 73.517
203.026 41.466
202.099 112.653
649.377 79.512
215.517 44.665
327.323 107.091
717.143 43.157
237.698 84.541
504.343 52.77
200.083 83.416
124.253 89.706
734.849 74.423
198.01 119.134
453.541 88.232
646.373 44.486
585.625 49.136
96.083 112.894
780.588 120.678
641.206 109.55
486.445 36.842
322.251 60.359
383.092 77.596
129.284 93.474
64.529 57.749
655.61 75.434
387.276 87.116
192.124 111.238
119.437 111.339
60.571 64.97
653.414 78.838
449.271 46.695
594.895 109.44
640.283 57.903
244.32 78.883
636.921 111.825
54.003 96.79
633.047 51.887
62.84 81.609
769.415 82.244
588.718 78.413
326.372 104.495
342.938 40.21
127.333 51.794
380.968 61.096
641.715 84.098
468.954 40.319
769.752 44.016
51.137 67.383
741.117 121.307
338.779 77.257
471.738 78.238
741.103 124.167
123.32 105.029
775.383 82.201
510.161 111.478
644.335 41.819
365.886 113.34
192.48 98.715
738.768 111.976
777.825 115.349
248 47.679
125.758 96.274
228.92 44.652
592.442 51.562
99.12 39.542
449.792 99.565
467.462 38.816
635.143 83.819
59.715 86.159
225.984 73.437
377.247 46.925
461.245 80.893
469.426 79.176
222.015 44.716
739.507 116.763
605.315 47.475
502.622 43.754
387.08 105.206
481.251 33.807
234.91 122.999
314.706 103.564
495.217 47.425
778.285 39.343
236.662 85.577
316.727 46.906
368.615 121.631
465.594 74.498
765.636 70.183
755.893 124.648
86.372 118.338
124.955 51.53
621.003 79.622
321.809 39.959
332.586 47.796
600.861 46.721
467.251 47.902
380.476 81.789
93.14 82.68
363.055 37.743
501.74 98.057
509.7 113.99
767.62 36.658
745.223 113.511
516.121 54.08
205.191 34.837
98.883 117.875
645.933 52.089
759.089 115.677
60.7 61.195
462.861 63.94
56.349 79.516
198.171 58.039
461.086 101.031
586.044 95.195
455.733 44.545
322.092 47.441
475.511 81.24
717.646 109.509
646.937 98.51
198.235 98.964
760.857 113.6
317.764 44.514
655.225 82.21
783.172 116.566
329.221 115.385
317.813 47.567
380.037 97.564
383.3 48.704
770.239 46.379
192.061 92.22
496.138 49.879
658.301 80.564
193.943 66.137
229.805 47.622
313.033 85.02
750.951 73.701
514.127 116.881
318.126 77.587
117.159 82.515
376.112 82.578
192.397 79.752
372.707 100.306
577.934 77.167
725.099 85.113
510.467 106.679
606.237 120.009
326.982 118.279
71.495 112.292
308.22 79.585
305.509 81.521
217.602 110.647
718.956 123.6
753.951 111.106
513.287 46.345
714.466 72.218
194.892 38.867
66.203 106.985
233.036 71.657
647.67 119.696
721.189 92.692
378.173 108.112
124.373 96.76
222.675 42.505
774.176 37.725
210.814 81.121
219.689 75.381
762.027 80.919
339.674 122.257
592.693 38.472
626.789 39.345
335.306 33.973
341.825 34.215
376.744 60.738
499.846 86.097
366.508 108.825
308.858 57.458
125.874 84.671
454.497 65.491
780.509 123.039
88.075 116.902
478.382 36.91
475.398 36.61
319.05 103.362
368.761 38.295
333.689 46.448
202.323 123.816
584.292 49.685
227.979 71.811
230.857 120.67
327.208 39.58
450.14 94.81
619.274 124.079
198.538 81.735
771.442 77.988
649.378 103.067
769.206 69.89
628.939 37.027
313.78 73.638
346.968 45.888
374.808 106.663
717.804 53.417
592.505 99.284
775.985 75.426
349.726 75.059
381.091 87.173
230.442 113.848
201.408 75.429
311.514 52.442
593.646 100.421
190.325 112.058
776.974 72.399
150.274 75.973
755.989 37.854
447.595 91.588
131.272 95.173
331.59 117.629
512.373 106.106
78.873 32.146
590.154 62.133
655.906 80.259
317.724 115.871
617.244 122.432
85.875 45.373
474.197 79.933
60.628 117.412
719.043 104.657
346.763 45.91
52.102 94.445
722.038 102.492
728.53 45.702
194.605 86.818
641.523 106.28
505.268 122.418
768.712 82.677
479.556 33.22
578.999 61.697
363.122 47.887
200.579 40.332
725.32 117.811
605.016 46.554
773.186 70.521
241.826 117.223
502.656 114.305
453.009 82.057
69.667 123.187
645.763 99.429
477.628 83.851
632.085 118.699
644.689 44.793
72.094 111.749
53.561 64.59
456.442 39.307
202.535 47.609
68.832 109.546
119.04 95.978
64.659 104.182
587.324 73.417
621.908 36.723
388.507 68.278
193.857 118.192
380.152 62.391
232.664 110.781
579.339 88.441
460.095 98.968
89.146 115.387
70.247 122.298
349.1 126.142
191.727 89.603
766.825 117.241
580.435 54.107
52.784 95.703
745.829 37.403
452.341 117.021
757.405 121.581
589.173 78.445
222.002 71.737
121.774 78.359
199.16 91.595
217.309 36.964
210.419 80.32
452.37 80.314
636.641 78.024
345.285 113.533
495.127 47.316
774.314 34.115
353.031 127.176
509.487 87.594
459.689 64.836
462.367 73.354
488.083 83.739
448.95 93.767
65.877 104.228
779.449 122.678
69.447 50.241
506.688 51.973
581.118 90.45
506.166 87.727
768.836 41.091
718.575 51.961
231.884 73.018
65.643 99.331
723.532 113.318
677.9 75.396
635.018 117.096
86.782 38.245
735.294 37.911
585.328 76.58
243.858 39.72
633.098 41.339
577.056 93.763
721.056 89.204
548.527 76.612
724.029 117.642
455.064 122.31
53.563 93.508
581.721 104.31
754.409 123.913
722.573 59.104
190.925 110.344
221.393 109.963
620.036 37.096
320.675 71.692
628.165 36.306
654.899 102.048
393.659 76.278
512.339 105.455
343.516 31.881
488.552 78.731
510.882 52.375
554.995 75.721
186.853 43.768
607.371 123.284
119.621 79.872
361.635 48.521
361.937 41.195
634.571 84.466
203.669 109.26
353.586 115.809
374.372 104.979
55.121 83.167
773.338 75.277
579.671 65.899
606.81 120.743
635.318 114.515
190.985 120.274
360.772 112.473
605.215 120.497
624.127 80.13
106.094 40.124
743.666 114.613
314.977 60.345
249.647 113.546
131.534 96.628
503.569 73.948
347.106 124.444
591.163 79.485
212.44 115.993
362.174 42.491
752.329 74.885
319.077 48.953
319.65 44.713
585.629 52.887
721.897 92.925
505.744 46.381
635.345 87.396
125.607 84.839
605.493 118.325
744.148 122.197
446.99 92.584
589.202 49.334
617.652 118.743
722.691 101.381
221.811 72.93
224.041 111.07
124.087 87.211
318.656 87.093
195.366 115.462
197.606 40.748
725.914 107.014
577.707 69.29
239.073 44.931
247.503 120.357
198.365 70.253
123.772 105.964
311.047 74.729
754.668 79.755
97.857 113.51
375.795 84.479
119.845 91.932
105.176 41.569
391.222 73.337
326.534 43.279
116.989 99.192
730.465 118.773
585.798 88.862
764.832 81.042
782.462 110.863
715.842 111.658
585.633 57.779
102.494 45.565
579.922 70.705
120.933 89.363
57.259 81.501
211.844 45.483
760.582 115.583
381.221 94.222
225.696 38.088
728.799 77.474
97.112 118.532
194.266 103.226
592.18 68.515
718.712 42.638
463.393 79.959
117.868 100.193
517.784 65.183
511.431 78.638
519.725 75.426
509.123 102.849
383.981 76.93
589.886 82.869
757.96 83.834
635.364 85.021
624.979 82.136
646.998 99.066
461.612 82.975
79.205 121.458
471.279 44.804
466.222 81.515
591.188 76.823
586.162 58.63
58.619 91.257
641.945 45.415
776.311 40.952
729.445 44.862
221.644 83.156
580.343 101.951
373.188 59.083
228.17 115.233
597.734 115.192
199.262 43.054
475.631 81.766
588.455 69.658
202.052 121.186
729.233 97.778
371.857 101.542
461.304 105.782
331.381 36.342
53.671 77.308
591.636 101.877
320.12 59.028
455.469 92.466
591.081 71.083
614.483 117.902
247.644 38.73
377.161 99.428
656.358 86.193
599.04 47.169
768.834 43.304
129.013 92.983
450.282 91.336
653.776 116.111
732.713 92.407
464.988 81.456
718.172 104.946
376.055 102.477
189.425 87.539
242.006 124.963
503.801 90.354
723.728 71.837
118.153 57.19
370.825 116.945
348.862 34.603
199.912 96.01
329.5 115.548
65.412 110.225
514.466 116.845
447.344 121.895
578.669 74.307
72.112 111.738
352.551 111.415
377.175 74.363
115.589 47.86
647.094 113.396
767.754 34.601
123.939 48.879
213.993 115.111
725.741 43.511
639.714 78.51
190.459 42.69
249.243 47.224
725.464 122.779
448.559 86.301
311.587 56.434
307.697 72.978
338.609 120.729
655.365 120.505
621.913 76.228
762.072 122.332
311.24 60.576
60.897 61.928
247.818 77.841
359.643 45.141
760.477 111.898
481.061 76.131
650.563 115.903
128.152 117.998
605.357 109.914
306.356 70.476
246.061 82.075
253.538 115.847
463.785 88.235
585.889 73.468
587.855 61.207
580.824 84.603
383.606 45.408
594.894 103.549
477.556 79.709
341.448 39.808
94.684 113.253
380.803 49.199
640.505 51.593
233.068 44.562
204.933 122.74
69.564 111.787
774.407 81.684
586.259 99.757
457.679 80.581
188.452 42.748
322.678 58.078
320.052 76.278
651.615 85.243
306.115 83.381
104.917 46.36
74.688 33.516
311.048 96.7
198.409 60.556
615.601 44.089
645.073 114.399
730.13 41.929
330.243 37.519
318.447 47.757
507.573 115.363
379.674 102.634
45.73 77.23
383.928 45.769
56.639 95.249
313.682 68.653
519.587 56.807
651.491 119.401
740.885 39.252
606.701 111.728
647.893 52.399
207.209 40.572
59.49 44.637
60.703 43.744
640.404 84.133
619.725 113.057
457.117 82.442
86.399 118.19
380.21 112.18
505.088 83.194
323.686 112.682
379.265 49.033
769.562 39.544
734.529 122.159
637.403 40.43
616.258 119.884
458.552 64.221
455.565 106.012
127.854 109.882
496.862 87.053
584.376 88.956
581.326 54.307
504.769 51.236
600.218 109.979
348.855 118.552
223.157 73.788
92.032 36.219
484.822 79.255
330.546 53.428
741.957 80.674
116.245 88.619
53.417 53.814
458.169 105.885
735.086 116.238
184.253 42.275
582.327 59.305
458.125 54.541
393.525 69.998
634.211 112.133
748.908 82.147
451.226 83.448
504.813 79.08
249.352 37.812
580.155 51.275
225.709 43.141
100.099 84.208
369.325 105.264
460.859 43.371
218.508 122.676
368.621 39.063
322.086 88.685
723.992 87.532
453.92 82.33
580.175 81.236
576.615 74.171
208.979 75.393
576.065 56.643
773.35 44.089
501.471 85.297
734.447 116.522
378.379 43.244
456.764 102.954
194.091 61.094
249.549 43.821
505.825 87.493
121.443 115.716
473.868 81.889
311.263 88.362
57.328 94.818
100.328 90.216
470.18 85.305
221.737 44.118
384.762 58.7
507.465 40.51
198.298 119.518
518.06 51.455
629.961 38.567
124.671 53.185
655.981 83.948
717.083 40.022
382.497 105.196
611.967 124.57
380.473 58.797
121.582 60.193
332.167 53.76
726.827 89.814
589.911 100.669
502.883 110.735
63.705 41.356
754.494 123.402
84.255 41.691
91.984 115.969
655.261 120.199
730.204 65.142
610.13 44.833
650.874 115.105
449.448 118.95
118.126 49.302
753.882 124.665
466.94 87.533
118.81 111.389
316.132 96.663
223.778 46.124
446.108 104.044
450.594 122.916
764.184 119.501
650.794 112.711
624.112 40.661
320.768 94.868
226.077 79.728
352.159 46.836
363.652 48.896
99.356 34.159
582.728 83.781
249.846 109.947
599.218 108.742
126.736 97.256
65.753 40.729
243.752 118.911
128.949 97.122
316.326 96.732
649.056 98.879
52.601 71.437
753.765 113.678
469.962 41.141
95.301 81.537
449.932 99.307
381.029 109.258
632.144 49.093
313.393 91.423
124.818 120.453
315.863 56.537
467.389 79.371
576.034 95.217
64.091 121.499
343.378 121.659
732.507 95.898
739.828 36.298
352.434 31.699
49.107 63.182
102.939 120.239
450.131 45.521
749.715 114.864
719.495 113.094
744.574 111.086
131.958 77.344
506.859 39.841
52.233 91.671
742.38 35.854
768.113 71.013
493.504 40.715
511.6 48.309
509.29 48.76
772.798 34.296
241.799 72.609
582.503 78.406
244.564 83.299
125.994 94.172
339.009 115.318
122.297 106.562
230.939 109.23
645.727 102.108
510.646 45.409
741.732 72.21
518.959 71.488
458.47 68.138
604.624 36.771
747.247 48.06
312.841 68.1
447.881 66.551
510.977 121.303
328.155 39.835
222.294 77.22
511.259 66.087
358.047 36.419
724.227 60.421
129.308 97.63
322.228 71.954
221.39 118.244
734.797 119.929
368.6 112.199
509.865 69.142
723.601 83.548
197.01 54.505
586.608 49.435
730.703 122.156
117.158 52.33
189.794 45.459
713.282 44.763
722.903 65.541
634.633 82.598
313.728 75.191
722.466 71.431
457.548 78.923
509.082 112.712
326.756 107.575
313.151 86.443
460.803 73.72
384.558 67.018
95.836 35.335
48.95 64.466
574.628 95.812
306.031 81.236
205.075 117.478
647.737 115.5
59.394 81.15
577 62.922
727.536 114.756
460.414 116.185
498.848 47.667
727.478 102.397
96.722 117.767
466.797 76.768
104.058 109.514
777.487 118.966
514.338 51.885
252.46 110.598
637.133 116.848
124.53 121.011
755.858 37.62
639.312 46.77
209.646 76.917
212.672 41.539
359.977 122.04
189.244 64.141
592.261 49.998
448.068 96.266
642.759 52.117
120.125 104.821
56.903 95.853
325.258 101.581
356.856 38.483
99.879 112.598
116.625 95.144
232.424 122.056
367.254 115.031
455.363 103.182
361.023 41.733
107.127 86.82
649.862 95.943
322.285 49.023
724.709 109.318
460.973 78.046
334.794 113.258
122.023 48.178
721.552 107.13
375.365 58.13
650.39 120.364
369.14 116.641
459.735 57.334
502.715 47.61
369.702 118.237
495.938 36.332
63.73 61.863
79.23 37.175
118.648 53.674
315.109 59.729
613.241 119.533
773.113 121.18
370.213 115.202
468.581 40.713
490.892 86.276
764.069 71.134
760.214 34.849
384.088 83.817
211.222 119.817
99.839 82.672
629.168 38.261
601.88 43.864
579.921 99.351
66.877 120.386
757.223 45.298
55.689 58.129
101.665 45.451
246.073 33.749
196.482 91.147
52 60.524
62.076 58.099
456.798 122.8
384.218 71.455
501.455 114.414
507.922 52.998
454.765 45.496
84.969 119.999
94.446 43.014
507.984 81.717
341.955 48.062
654.868 77.775
630.122 35.761
516.012 54.251
650.01 108.404
316.761 57.761
390.658 70.51
319.957 75.527
457.938 94.918
747.79 46.798
52.962 83.412
731.578 36.614
203.959 106.666
460.365 91.56
588.676 81.09
212.488 44.701
628.248 76.136
214.786 111.267
651.923 114.782
508.044 46.982
729.409 98.949
757.138 38.322
75.039 119.363
361.882 44.362
101.616 48.403
208.299 41.798
462.888 83.095
205.88 115.959
505.911 41.099
515.608 49.429
449.445 68.578
356.74 114.68
749.423 122.468
389.893 91.131
478.289 41.586
115.852 43.98
248.028 41.235
757.071 38.415
770.276 113.961
59.194 78.934
600.668 108.221
643.766 80.93
461.818 86.065
611.918 116.512
515.847 120.411
244.484 82.075
742.565 35.011
636.601 80.842
623.219 119.092
309.72 67.118
514.469 104.814
199.624 57.822
449.121 123.246
200.8 74.147
759.236 109.435
67.874 123.649
487.275 80.687
478.961 76.542
765 112.34
345.941 121.353
578.778 98.902
653.685 102.572
188.246 42.458
622.026 82.945
388.847 65.86
732.335 83.749
191.771 57.071
235.045 45.046
70.817 49.696
380.939 105.193
448.303 105.336
717.889 106.781
330.657 43.953
737.305 73.528
605.37 44.873
190.141 101.293
718.925 79.997
342.364 36.396
601.122 47.162
656.595 88.022
226.133 114.463
451.786 49.578
122.497 53.281
248.461 81.532
354.114 115.691
312.735 58.591
52.255 54.493
634.608 116.572
380.258 63.783
248.999 124.767
243.108 78.218
638.037 111.157
504.499 48.28
60.037 107.183
482.34 38.93
760.269 117.354
86.144 119.662
314.857 54.729
368.48 37.908
774.093 40.081
643.589 48.375
640.197 88.103
360.156 114.088
606.423 43.625
491.876 78.345
216.464 115.907
631.472 111.574
755.562 48.191
321.648 73.246
652.93 57.096
59.699 85.944
248.436 33.093
211.28 47.053
383.87 58.339
484.317 39.928
728.119 96.017
639.381 38.585
128.215 51.412
108.767 85.461
775.543 37.285
507.362 48.153
456.761 118.432
219.306 37.044
191.266 104.43
370.527 116.193
203.168 48.196
641.182 105.835
115.228 85.493
777.805 121.725
582.208 76.126
749.19 80.84
728.181 76.574
619.629 41.264
650.136 85.523
608.473 124.351
248.144 48.228
326.23 54.112
194.282 83.413
371.801 119.585
110.253 76.617
222.024 72.752
743.509 113.253
458.053 59.805
238.644 46.072
55.929 95.661
714.847 42.797
350.374 113.591
106.544 45.578
200.379 76.205
124.343 100.801
468.168 88.525
581.387 85.61
357.349 110.841
53.908 56.239
389.255 69.709
103.911 81.906
381.087 45.857
507.593 91.268
764.308 115.229
716.978 57.542
237.347 120.051
588.673 44.993
127.747 119.761
313.722 81.513
586.322 51.701
653.914 94.911
221.415 75.461
342.81 45.566
359.627 33.393
367.242 40.404
67.168 116.353
645.63 47.03
384.796 84.788
338.562 36.511
727.153 114.317
96.816 116.704
123.182 52.94
517.483 56.352
208.633 78.543
359.561 32.932
377.108 67.221
729.154 97.329
379.208 107.534
218.607 121.595
240.247 123.231
228.003 75.627
101.314 47.75
49.065 89.832
381.641 51.412
446.287 103.122
474.391 78.567
225.482 114.655
764.166 80.985
575.33 63.792
576.797 101.536
723.572 109.148
450.115 94.944
464.179 35.348
199.956 111.676
333.519 119.839
191.843 113.615
59.45 111.154
56.352 96.543
731.109 64.884
195.442 118.893
447.317 70.135
324.695 100.22
198.469 117.987
377.137 77.558
639.593 51.731
733.817 34.367
313.501 81.783
119.023 59.036
457.639 100.655
327.749 57.665
62.154 69.018
195.796 116.224
727.303 113.847
383.412 79.645
319.323 108.495
335.548 120.797
456.253 89.065
478.751 43.407
86.233 32.612
449.998 86.146
725.306 85.336
48.487 98.537
476.893 38.774
378.803 95.34
593.424 45.479
447.776 104.185
189.193 78.409
592.096 55.602
241.266 117.612
326.484 48.777
459.259 42.679
50.116 99.135
95.78 86.009
223.785 41.419
458.941 66.178
351.753 126.704
784.369 112.604
53.263 92.313
462.6 91.768
206.121 46.318
125.23 81.846
719.851 113.288
739.786 82.969
498.626 82.43
307.229 78.109
761.943 75.745
120.983 97.237
360.923 118.651
345.377 43.685
634.473 41.341
725.936 45.356
735.746 47.411
496.669 34.355
447.753 71.841
723.948 116.59
305.607 82.975
638.718 104.211
107.293 80.072
110.269 76.454
382.599 69.577
714.99 77.639
646.735 79.399
621.761 79.178
83.118 45.009
62.479 62.568
726.281 74.304
630.058 118.634
647.834 120.92
384.363 70.263
494.715 35.598
483.989 75.69
617.211 35.89
330.198 47.429
119.092 98.084
612.394 42.196
619.745 120.821
482.576 41.594
586.514 86.736
50.612 63.631
611.615 121.975
773.758 122.655
757.314 119.086
321.074 49.448
639.953 82.046
578.932 104.078
317.792 92.696
453.02 96.269
75.657 48.483
50.362 89.357
250.236 123.3
106.188 80.002
327.719 45.421
58.233 71.138
758.504 38.42
575.438 83.638
509.923 41.969
498.561 47.38
128.457 52.603
320.751 103.573
196.651 96.593
205.871 81.855
504.553 94.58
376.079 58.19
507.507 100.836
474.439 41.436
342.811 41.581
200.286 52.713
252.595 122.807
337.875 43.973
590.478 53.966
194.066 106.083
632.789 50.889
68.007 44.245
69.239 124.026
733.706 45.398
124.651 75.286
376.052 63.778
123.02 105.712
649.416 115.265
188.32 107.034
331.596 40.988
595.513 107.548
382.709 72.001
47.616 64.706
120.77 44.322
347.277 32.083
344.398 75.24
240.649 42.297
624.445 79.215
205.092 77.195
726.329 37.385
60.266 110.609
651.687 109.483
658.153 80.91
239.286 74.384
48.188 70.195
202.841 53.547
650.247 87.909
761.611 77.302
59.655 44.679
104.867 77.863
728.354 118.918
72.057 109.189
117.996 84.821
649.812 116.471
587.518 61.46
454.634 49.361
504.043 50.774
637.311 116.717
379.871 79.005
744.422 123.078
72.578 39.59
129.554 84.553
632.352 45.978
126.896 86.842
49.218 69.495
382.654 106.309
102.895 117.75
590.539 63.399
128.433 85.65
63.093 109.618
218.894 34.385
583.764 69.425
389.235 91.555
390.335 79.382
647.743 120.338
719.215 37.124
508.256 123.296
193.605 119.738
722.208 46.32
317.751 62.826
187.952 76.352
320.892 62.552
652.742 79.005
772.245 35.657
492.827 35.46
461.893 64.924
579.897 60.763
379.529 71.283
317.363 110.104
113.968 76.705
239.596 46.82
57.859 114.948
77.106 121.948
503.187 112.728
748.478 113.138
201.421 39.765
725.43 67.387
505.581 71.647
53.677 86.169
48.699 71.574
72.516 50.67
193.775 90.873
545.497 76.975
513.025 121.956
722.554 112.256
343.792 47.697
635.329 114.738
252.763 118.127
778.043 110.668
766.768 43.675
385.796 107.414
313.475 91.476
200.636 50.755
733.792 117.672
460.297 113.016
641.043 111.9
456.464 115.438
101.558 86.911
63.339 96.387
319.551 66.702
453.45 40.543
100.19 124.123
500.972 50.746
50.642 63.561
639.901 82.618
514.193 77.421
587.528 78.84
60.895 80.781
114.055 93.741
507.492 83.178
339.189 75.74
758.304 118.764
450.862 70.387
321.27 92.656
463.701 69.632
232.162 118.346
225.979 48.538
478.646 81.75
628.503 116.298
758.278 81.141
186.322 42.863
93.754 85.4
620.256 83.84
460.762 110.916
456.689 108.939
645.049 101.951
588.658 57.106
327.987 112.056
125.483 106.263
63.452 106.087
123.961 76.037
246.287 81.709
186.651 38.29
732.154 68.863
116.539 105.907
353.819 121.571
449.202 98.599
457.324 93.98
638.288 55.196
449.36 105.306
503.193 102.127
746.545 75.71
620.701 40.568
113.604 102.314
727.757 104.656
113.56 85.027
357.291 35.72
624.992 76.318
729.383 100.861
374.491 117.293
651.999 113.186
593.759 37.839
373.267 108.714
126.273 76.852
728.446 33.106
218.772 40.248
582.428 86.099
318.694 81.686
321.426 84.025
227.966 77.727
618.395 122.36
737.009 48.018
190.452 39.224
328.041 105.029
330.468 50.557
742.009 38.192
502.637 100.357
54.469 76.246
324.144 106.52
79.055 39.027
588.347 99.672
329.137 39.141
310.539 69.614
597.342 36.578
451.424 73.55
619.45 38.712
743.077 80.835
62.013 62.553
213.967 36.772
334.651 119.251
447.377 106.412
726.285 85.761
121.435 104.662
760.39 79.719
728.842 94.915
589.215 81.375
123.421 90.854
199.361 43.556
389.138 102.875
457.82 113.738
236.459 40.105
497.758 83.468
749.273 123.479
112.943 42.955
729.693 79.261
208.366 41.489
504.579 116.916
380.046 84.437
518.88 53.856
99.648 113.633
451.545 49.025
207.128 120.115
728.479 70.57
577.007 58.971
97.645 79.043
581.916 106.746
766.545 123.433
274.375 76.664
119.368 112.827
512.103 44.76
455.938 57.188
103.508 39.869
386.593 88.658
324.2 118.062
57.728 49.463
240.132 78.446
587.743 56.689
96.578 124.074
102.502 77.145
75.391 119.277
772.418 39.239
486.694 86.48
111.446 85.747
510.263 118.322
472.535 39.895
124.766 51.738
347.383 123.353
100.572 41.887
773.682 72.686
451.815 77.655
512.868 58.522
649.105 113.023
777.464 123.524
619.789 36.289
601.293 38.08
63.365 48.53
216.397 78.454
81.802 32.732
760.94 70.539
208.286 124.752
742.801 82.502
645.514 55.056
242.379 34.283
512.437 120.827
730.455 83.832
482.256 82.266
614.723 119.189
583.634 101.375
579.801 63.694
651.518 100.188
651.275 112.977
631.86 79.963
304.019 74.708
248.807 47.327
774.428 34.345
762.121 114.969
200.691 57.934
446.851 119.969
114.141 94.444
760.716 78.541
725.864 81.888
58.901 95.435
499.864 86.648
721.106 123.423
655.864 114.432
195.159 91.307
244.805 36.943
48.579 92.581
48.413 70.753
626.351 79.882
118.241 106.322
309.273 58.106
319.943 110.637
629.579 78.046
767.737 111.703
109.756 107.997
505.225 53.174
345.787 39.501
51.303 86.36
383.237 54.879
54.209 68.622
756.341 118.781
453.888 45.033
222.583 37.07
230.757 71.853
623.379 37.931
82.775 37.728
369.899 121.596
196.595 109.095
374.018 104.661
119.762 88.381
589.536 80.237
238.929 78.821
191.829 69.831
108.536 78.361
46.73 88.025
576.835 55.019
502.346 104.124
617.474 118.443
95.485 123.525
640.755 86.802
110.376 116.682
227.234 74.825
725.65 40.751
53.691 79.173
601.794 46.517
448.999 119.867
129.296 93.982
471.935 38.281
385.31 90.121
55.484 85.468
190.858 42.168
81.818 45.301
740.981 80.814
637.785 83.664
100.359 88.321
554.436 77.409
723.824 111.563
582.874 103.487
460.288 105.934
98.843 125.03
511.775 43.713
327.689 115.336
196.864 118.712
69.385 46.255
223.905 45.473
727.599 106.733
211.417 123.303
484.506 80.639
782.803 111.975
510 68.42
515.506 71.439
359.288 43.338
507.968 96.76
589.925 75.851
321.382 101.088
504.306 90.936
344.582 32.568
236.656 82.12
92.077 37.833
777.603 79.534
753.086 36.608
592.93 57.905
201.926 89.772
593.811 103.743
332.7 43.42
199.308 54.472
643.277 100.421
512.269 77.791
485.688 86.534
188.946 64.424
514.79 65.89
233.95 37.463
737.197 119.268
458.375 50.253
725.799 95.324
76.31 126.268
450.56 80.988
715.984 111.01
195.416 66.374
193.598 97.878
373.061 39.895
51.909 87.758
367.99 41.82
383.155 45.913
388.054 84.388
377.24 102.584
729.796 33.359
194.231 62.57
622.5 117.921
218.547 39.117
108.338 46.654
188.695 67.586
583.621 78.763
196.399 85.073
336.3 117.868
62.607 59.389
651.575 103.185
96.648 42.346
66.819 101.08
631.855 110.629
726.282 55.836
778.283 112.594
591.912 100.254
485.175 76.366
112.196 110.324
452.679 121.412
630.759 45.684
737.298 115.649
727.131 110.163
312.366 93.917
583.854 107.544
727.268 118.341
119.116 81.124
389.63 103.644
239.594 84.935
193.61 92.047
607.012 123.731
68.539 107.169
95.241 36.893
313.901 56.37
771.756 121.32
200.018 104.267
57.345 105.895
584.17 75.003
199.9 76.197
757.057 79.379
201.354 45.324
476.133 78.778
751.773 74.984
508.258 102.662
639.432 84.4
592.411 48.077
214.059 42.071
769.203 123.789
738.674 120.055
726.325 50.537
619.311 37.465
379.734 61.405
384.9 53.72
594.567 60.727
391.202 76.19
61.28 49.247
49.186 92.342
121.398 77.166
194.949 101.252
503.824 105.172
249.844 46.652
601.049 109.754
118.329 120.169
131.859 97.07
504.057 115.554
377.671 57.93
458.255 47.049
230.562 114.836
375.767 55.934
582.983 75.799
577.891 93.796
755.34 77.031
217.285 79.251
460.534 48.468
747.497 40.292
379.032 78.565
71.172 40.554
731.351 76.264
505.537 49.372
127.326 52.097
304.944 70.146
198.689 64.485
100.21 120.754
645.323 107.324
382.965 97.5
382.902 112.777
325.944 106.729
379.106 50.219
195.335 93.308
451.231 117.845
514.624 112.078
459.261 116.909
742.4 117.862
206.259 118
456.058 68.55
507.248 95.911
593.282 45.469
115.217 93.245
450.455 88.209
360.264 38.051
624.472 41.591
51.822 69.33
732.579 74.806
727.19 109.464
382.083 83.846
78.629 37.722
60.089 118.41
588.898 57.053
198.113 58.129
651.398 121.517
64.331 114.36
311.982 82.948
645.352 101.866
111.568 110.731
723.649 54.099
579.392 83.959
65.925 39.153
460.428 85.582
496.535 37.281
483.057 40.169
45.152 74.643
500.071 45.5
54.579 91.165
460.639 73.291
331.829 39.794
107.49 86.508
313.417 73.211
474.134 35.24
220.098 83.592
578.232 90.888
318.617 94.791
194.515 117.744
605.37 38.727
200.768 55.111
501.824 81.568
318.787 79.63
485.757 45.771
196.664 76.545
322.837 106.212
208.965 112.719
372.38 38.195
276.434 77.909
616.276 118.282
728.691 90.971
380.86 82.686
214.144 74.139
108.896 80.121
120.49 102.54
382.488 95.101
355.004 125.402
327.476 112.018
70.64 39.663
386.519 109.902
453.347 48.469
471.815 43.895
234.642 114.921
738.732 77.644
356.489 35.85
88.797 44.33
328.991 49.842
211.38 37.346
333.161 52.47
369.9 42.924
747.489 111.869
730.528 112.653
191.571 102.26
496.396 37.871
369.512 49.914
351.328 47.202
347.236 75.557
739.793 43.904
578.412 82.46
356.027 121.375
508.873 49.137
187.203 95.56
385.184 106.216
60.571 101.785
350.71 40.675
517.979 73.529
246.122 120.491
599.784 110.271
747.766 123.053
745.58 73.282
335.209 33.477
642.972 55.302
247.816 73.932
658.134 83.26
388.579 101.509
495.03 81.238
500.485 48.508
386.396 76.839
653.178 101.594
124.302 110.233
728.861 90.748
226.782 37.556
499.355 77.838
48.786 77.077
451.238 76.011
468.009 45.84
447.847 92.111
499.912 74.342
320.566 73.758
62.609 116.257
587.116 46.478
496.275 33.425
375.776 81.072
503.893 98.913
131.249 93.454
638.993 82.861
453.505 52.947
205.092 35.325
195.9 84.076
386.843 63.569
730.371 118.605
312.349 57.517
116.628 43.791
221.519 45.868
488.252 80.426
205.385 122.961
636.896 82.819
74.543 111.022
221.657 120.875
746.407 44.901
457.109 98.085
102.814 36.997
337.312 44.703
621.03 77.384
760.906 36.938
51.031 81.619
771.139 125.283
372.393 56.283
205.179 40.258
720.763 70.266
64.415 47.529
331.513 118.605
60.328 50.184
209.124 46.311
457.337 106.076
586.852 81.785
189.03 76.768
112.761 44.106
55.44 61.476
468.546 83.961
197.586 64.845
74.923 108.183
197.486 81.682
372.832 106.199
719.539 81.054
125.668 48.637
333.978 115.159
348.658 113.798
360.94 48.858
605.006 114.188
728.008 54.365
378.826 69.91
196.236 39.862
717.416 49.911
377.431 99.083
61.061 85.805
313.03 81.964
621.392 35.732
244.42 79.147
355.49 36.929
731.145 78.797
203.371 57.115
322.019 80.366
274.522 75.006
237.934 38.555
519.304 119.115
461.007 66.138
461.37 44.394
203.745 90.724
310.835 65.854
485.891 36.499
383.981 64.375
327.039 52.657
745.149 39.484
199.358 61.592
730.107 55.677
588.295 84.791
466.855 44.842
242.695 125.76
239.976 46.13
375.039 112.672
60.534 92.635
197.349 55.854
238.552 84.302
766.526 43.161
226.424 38.077
581.47 76.384
347.076 32.167
238.606 76.339
491.172 44.973
77.356 40.181
213.18 43.438
502.8 95.791
87.186 116.144
576.93 101.384
498.748 85.186
64.099 39.958
100.67 89.048
449.04 74.825
190.451 42.764
187.936 42.821
478.464 33.565
623.671 119.423
80.899 32.371
501.164 99.873
643.533 88.935
373.758 48.925
56.803 70.212
592.908 60.072
482.263 84.887
205.29 119.076
512.79 74.903
382.487 52.873
391.227 97.553
198.021 47.112
200.056 91.778
53.685 51.74
380.348 100.566
588.841 69.805
200.516 104.785
597.401 50.879
131.663 98.387
581.331 107.22
722.834 71.475
594.549 99.338
643.797 47.515
635.027 42.441
740.867 35.231
59.462 117.019
200.61 107.343
647.736 95.509
68.342 103.537
775.217 36.892
768.31 77.509
644.876 110.283
726.541 121.656
452.361 92.196
196.73 72.155
579.553 85.275
464.437 85.077
68.804 50.232
477.257 35.467
719.809 54.686
649.144 117.564
364.771 41.251
765.958 38.874
481.44 39.741
457.248 72.085
586.039 49.392
121.106 119.449
316.647 111.473
465.303 88.637
451.824 70.119
124.962 88.927
249.429 44.493
69.802 102.678
512.018 69.968
194.934 100.797
654.978 103.415
70.44 50.771
328.007 48.231
457.983 51.353
510.238 116.564
626.931 76.069
624.491 114.854
380.567 86.48
508.665 97.139
739.138 72.693
496.022 44.497
589.263 58.765
354.805 116.814
50.176 74.233
744.282 74.012
463.933 113.577
756.644 40.605
90.645 33.22
501.17 84.103
462.514 36.305
380.73 94.067
485.098 80.179
151.136 75.733
212.205 73.85
222.253 113.482
518.685 67.733
504.485 93.046
204.715 108.736
637.288 116.756
725.38 67.041
738.442 47.981
488.962 85.506
720.657 108.881
52.893 92.037
650.599 47.237
505.834 61.997
654.932 119.647
222.241 35.645
723.09 66.428
220.865 39.907
751.612 122.929
55.613 110.84
460.206 98.594
635.749 107.301
618.648 118.39
636.757 36.913
453.166 75.545
56.486 86.217
114.528 45.287
509.422 110.629
246.544 116.141
189.677 104.57
604.783 43.241
313.623 107.35
129.676 103.622
331.418 116.433
615.64 42.09
107.705 112.256
124.189 120.909
308.479 84.698
721.419 54.605
455.889 119.579
55.684 107.934
327.284 108.331
462.031 95.811
721.163 92.8
225.268 81.823
378.546 50.346
315.931 70.422
652.888 114.981
239.349 47.51
104.452 113.245
85.368 37.928
461.37 110.585
235.84 38.577
638.512 111.982
506.196 78.398
194.875 98.546
741.18 72.866
720.143 43.575
117.029 40.555
639.366 105.33
743.818 70.499
630.593 114.052
386.185 94.145
199.394 46.981
515.83 69.892
119.873 76.867
91.56 112.85
642.407 83.247
391.692 79.005
593.87 40.967
756.709 35.964
216.986 117.846
724.377 65.365
514.943 106.071
715.311 71.924
466.837 44.734
324.046 38.563
189.608 34.942
119.308 53.197
590.508 105.207
582.39 106.032
304.608 77.665
613.651 119.362
243.699 45.439
378.924 54.112
587.851 56.886
56.05 76.226
317.269 72.29
590.548 103.052
774.447 43.312
103.561 110.453
756.614 83.174
337.035 47.987
510.085 66.25
650.851 120.324
621.824 75.891
580.764 94.996
590.932 65.481
230.229 39.083
49.508 97.955
758.885 39.64
613.295 37.247
69.018 107.289
587.256 70.282
324.359 114.359
216.278 78.902
586.247 59.799
235.501 77.564
115.812 80.851
578.751 58.099
654.348 107.33
363.899 115.457
376.644 52.35
614.83 120.384
633.429 121.118
510.939 41.922
718.948 118.18
463.075 86.768
54.039 76.67
747.39 114.125
641.402 80.553
194.491 69.303
116.146 105.407
725.66 68.515
373.128 54.088
343.385 120.937
364.163 118.123
66.247 116.408
230.077 83.279
68.09 123.464
80.874 32.203
630.902 45.399
360.677 48.701
355.957 111.363
124.515 118.406
775.816 42.342
375.482 52.831
742.341 124.26
607.499 121.397
48.801 74.812
648.578 52.941
124.347 54.627
751.565 81.197
371.892 49.436
579.977 101.104
205.835 124.324
226.91 78.939
61.526 116.986
743.238 42.6
620.618 32.943
582.696 79.542
108.775 49.407
480.412 39.649
120.579 113.25
114.882 45.945
211.285 48.45
223.495 35.3
516.679 53.351
243.724 44.476
59.135 91.775
626.102 34.046
758.804 35.512
316.728 85.398
730.897 96.05
454.33 51.446
516.339 65.8
721.837 61.834
655.448 102.431
777.773 122.181
446.646 104.847
724.803 59.372
588.737 67.032
578.426 57.101
454.468 95.383
728.689 75.335
725.967 52.034
777.899 77.258
650.092 46.267
749.326 75.104
506.146 78.258
540.45 81.475
353.372 123.031
775.046 124.481
367.864 112.305
593.717 55.239
727.205 45.663
218.324 35.278
502.037 51.837
767.111 84.424
755.268 85.96
71.074 44.203
720.923 107.94
193.244 98.985
197.604 121.586
597.002 112.838
509.164 107.336
730.589 95.09
604.199 49.805
53.143 79.696
188.605 104.038
67.69 118.581
777.797 41.913
59.271 44.512
346.987 33.879
464.835 67.541
586.89 104.443
63.239 56.4
503.092 100.676
127.761 88.906
629.549 80.905
249.369 119.515
329.046 115.316
581.948 93.053
504.462 77.019
241.997 119.079
511.145 55.818
755.484 112.362
317.747 109.97
205.861 118.396
647.163 46.711
544.756 77.286
59.748 50.844
358.669 41.8
590.163 78.288
212.402 41.334
576.966 66.106
104.034 89.446
747.415 115.811
53.306 54.636
97.304 119.478
247.578 113.717
380.559 75.567
610.112 117.131
99.546 46.085
200.194 118.529
245.47 78.725
207.089 74.069
222.389 78.098
198.571 97.198
195.979 42.014
582.254 54.485
770.46 45.984
458.419 67.695
193.03 111.82
207.952 43.075
110.538 105.903
68.937 114.282
504.977 64.929
357.704 35.293
585.772 81.042
656.473 96.043
757.834 110.497
62.971 107.703
772.147 33.989
61.295 61.883
225.316 122.29
754.623 42.843
328.294 45.031
506.253 103.541
383.21 79.888
386.052 49.743
317.476 81.305
624.616 36.32
373.047 43.656
375.851 55.184
196.054 109.262
195.134 109.957
589.83 84.122
767.641 117.438
448.704 117.826
576.904 60.901
211.987 36.625
732.752 73.531
613.094 123.737
774.705 41.845
60.058 95.586
743.912 79.981
728.865 74.273
727.615 78.112
579.961 95.743
608.31 38.051
763.182 72.356
96.12 121.929
199.865 95.974
127.276 93.736
515.766 117.985
189.483 92.646
511.084 101.068
449.859 53.475
508.765 76.746
743.997 118.467
193.321 72.786
479.294 85.44
759.986 41.144
740.828 119.758
636.634 53.449
55.834 65.439
729.397 74.024
86.565 114.61
229.273 79.131
640.107 104.714
239.139 81.596
631.976 35.39
724.009 61.726
759.346 35.383
611.51 41.897
243.949 36.118
85.84 118.741
242.304 124.847
220.801 115.127
718.088 73.569
379.194 112.419
243.93 37.692
247.298 35.659
120.241 92.73
72.824 113.819
501.598 44.391
716.086 81.211
254.198 116.279
127.214 104.675
716.608 112.982
636.589 78.183
353.651 126.575
387.18 64.424
600.839 49.568
110.75 89.747
363.035 42.139
186.833 45.685
716.013 48.137
44.423 70.477
198.942 95.125
220.59 42.208
129.07 78.247
95.454 36.743
580.773 82.815
460.573 93.966
309.393 79.798
327.734 37.333
80.09 35.568
244.237 122.229
739.631 73.646
315.772 94.879
350.133 112.754
202.241 36.004
321.531 86.636
503.559 52.698
60.126 48.468
357.054 41.467
318.667 70.677
323.668 40.606
219.997 117.013
61.155 117.109
387.154 74.783
356.133 33.539
104.721 47.856
515.579 73.086
345.432 46.559
96.178 85.299
637.688 112.752
371.988 117.337
619.536 113.094
593.467 40.45
612.543 120.93
744.428 42.202
453.591 68.079
447.849 51.923
650.675 92.68
766.334 37.652
743.116 115.531
52.981 98.825
744.625 122.708
110.553 105.379
646.879 59.208
584.001 91.526
390.897 100.296
620.715 37.735
746.129 79.076
746.414 44.404
720.938 110.611
775.761 118.297
204.521 54.064
375.507 46.068
70.247 115.058
210.5 81.234
330.11 114.694
190.005 103.573
376.722 84.659
395.565 76.196
391.026 95.896
718.968 61.099
190.468 105.995
450.457 42.398
113.948 81.474
769.482 72.874
472.053 82.744
757.319 39.613
51.893 57.818
455.276 94.059
373.335 99.068
61.092 61.763
507.715 111.168
90.804 112.603
462.703 109.939
766.367 70.899
500.733 95.963
62.707 48.015
110.739 76.559
232.82 112.151
478.528 38.166
97.462 124.195
658.826 78.676
629.878 121.506
194.251 83.722
63.291 56.356
742.684 70.783
631.09 81.917
101.742 112.487
321.522 90.355
454.901 55.625
581.037 86.794
653.855 90.132
750.88 79.631
588.288 106.721
248.396 33.346
311.029 83.225
376.711 46.602
453.74 56.213
121.21 82.584
233.037 118.569
377.276 111.771
637.781 40.465
109.777 109.441
48.741 92.461
476.42 83.679
725.663 107.061
447.417 89.138
622.42 78.242
85.529 115.958
579.318 69.679
779.088 116.14
638.956 116.993
503.147 112.248
208.282 118.744
718.026 47.522
325.764 38.384
461.65 73.277
203.971 79.818
449.972 48.403
327.426 114.025
731.243 110.056
312.092 76.49
215.425 118.296
342.881 43.043
463.57 71.542
733.756 48.449
205.606 74.627
642.875 47.03
125.115 79.555
47.782 86.434
123.361 117.591
453.798 51.164
459.374 108.918
386.869 60.4
204.33 71.033
592.361 45.378
628.485 119.77
448.386 114.377
348.047 122.673
343.72 126.643
454.311 115.114
313.21 59.065
454.758 68.249
320.855 69.188
119.414 56.357
512.266 101.144
768.751 113.83
451.949 108.531
73.753 113.796
320.291 48.729
500.94 52.134
719.496 45.89
240.85 34.29
654.156 113.074
618.554 33.997
192.707 48.918
656.022 108.337
721.432 86.928
756.907 121.533
716.244 44.686
648.469 46.313
350.901 75.487
197.144 45.248
52.926 68.389
626.086 82.566
198.27 54.994
515.966 72.491
772.875 43.163
639.627 53.687
592.68 102.815
488.092 86.46
321.776 115.493
107.427 111.068
478.587 37.473
98.736 112.78
607.068 121.538
746.662 119.326
582.44 70.263
736.896 36.815
131.014 96.42
348.663 46.907
197.036 118.384
456.716 97.571
194.586 41.537
457.815 89.377
582.34 66.055
448.208 100.032
581.451 81.88
719.528 113.453
768.276 79.747
97.963 89.249
719.02 85.143
193.222 84.651
395.719 78.102
328.33 36.949
588.424 81.84
48.48 98.243
774.91 79.472
502.698 108.511
328.894 40.67
773.711 82.109
585.166 86.007
108.613 115.714
198.075 49.581
328.453 42.332
62.084 78.872
201.47 43.753
337.885 42.913
201.493 58.899
458.534 75.029
458.632 78.935
122.104 76.333
75.468 112.022
502.464 89.808
584.919 61.804
628.786 40.112
718.673 108.305
729.076 96.964
196.078 61.97
46.065 72.601
208.164 116.817
376.679 76.387
724.257 53.722
579.903 105.857
591.375 72.271
510.077 105.856
728.628 105.072
511.66 58.084
512.156 94.869
195.574 98.841
98.99 82.943
728.298 98.443
632.873 42.623
125.903 111.846
376.81 49.661
470.314 83.829
98.462 120.221
643.724 82.895
319.704 55.731
628.703 40.551
123.538 113.227
62.53 83.487
128.707 53.221
228.896 110.024
727.55 77.909
638.092 50.245
238.598 84.48
225.369 109.291
191.26 34.721
316.276 110.198
316.319 94.87
313.32 69.853
192.328 44.799
654.53 116.094
51.122 61.189
318.232 69.276
771.908 80.303
147.359 76.762
273.207 75.294
127.496 115.458
506.148 70.519
381.119 114.293
731.178 33.912
215.99 76.368
102.374 123.018
343.541 32.906
339.136 110.761
206.747 114.893
645.039 104.915
640.622 100.643
717.649 122.558
316.158 109.23
89.434 44.544
321.315 66.274
450.437 69.274
578.758 54.251
75.677 44.383
197.989 46.214
447.013 49.679
324.477 42.366
462.916 42.669
720.324 90.794
504.816 97.931
479.041 81.556
449.663 100.944
469.314 83.361
374.727 112.542
246.929 115.063
243.847 33.009
447.685 83.853
392.99 73.841
729.829 36.718
326.475 39.49
516.972 46.425
198.226 87.751
577.093 95.569
71.118 109.538
468.063 37.764
194.704 108.247
636.127 83.813
340.779 75.518
733.472 72.644
304.161 80.076
652.835 121.826
118.37 85.647
736.139 78.93
354.527 113.995
598.863 116.523
59.474 66.543
592.584 41.784
623.242 122.276
500.937 102.787
507.018 45.149
632.66 47.972
119.574 116.58
377.928 57.635
735.152 46
635.677 118.409
455.837 46.779
389.124 80.385
717.125 77.93
351.231 117.574
584.686 71.98
96.753 124.865
512.847 69.27
726.999 40.021
721.33 35.077
601.919 42.722
777.219 114.873
59.955 111.392
541.366 76.681
505.552 111.468
593.373 57.495
450.827 46.677
461.432 103.715
736.637 119.729
492.597 38.825
108.415 108.307
509.292 43.258
347.995 39.836
322.367 41.529
723.901 105.039
346.713 31.46
498.108 35.611
66.447 121.526
780.786 117.193
714.014 48.843
222.422 45.198
512.396 77.937
739.215 47.743
243.659 117.57
581.772 53.013
246.791 74.472
722.319 82.644
53.965 95.939
644.995 105.508
199.069 87.029
196.181 39.172
654.823 88.814
645.773 59.254
211.186 73.014
235.08 81.91
592.276 45.408
489.628 78.203
90.499 33.135
98.229 39.102
127.299 96.532
66.027 107.447
206.324 80.393
192.72 94.879
592.785 101.666
765.36 83.066
130.344 80.998
70.875 46.227
631.579 85.056
715.139 47.676
46.226 67.7
776.709 71.381
490.265 80.902
747.625 48.41
497.932 76.636
385.218 63.708
738.831 113.702
317.803 65.714
754.368 125.014
452.871 56.571
241.213 35.546
98.022 87.283
519.876 53.049
215.451 112.715
130.201 76.059
717.216 79.162
203.889 84.954
102.564 84.715
343.571 121.122
463.059 92.747
504.753 101.073
732.938 68.183
751.046 47.232
186.649 42.712
730.595 91.926
772.897 119.34
518.574 66.487
307.296 71.071
718.272 82.909
194.056 108.509
323.349 41.631
334.593 45.125
56.727 91.435
456.552 50.934
755.496 36.387
763.714 41.172
213.457 76.029
338.619 111.463
126.697 117.412
124.312 90.815
586.773 105.269
62.897 82.383
717.544 79.239
345.295 126.258
603.112 107.561
112.272 114.674
464.674 78.173
115.675 90.782
762.095 82.504
582.504 74.515
449.55 108.779
128.196 102.279
720.333 58.249
509.877 97.917
578.844 68.044
730.821 39.082
735.214 118.275
481.968 43.052
592.812 105.162
625.462 81.298
604.118 37.147
376.391 82.79
250.109 119.425
64.87 59.589
637.633 112.009
232.636 36.788
369.139 47.587
453.574 94.306
597.136 39.103
97.685 35.029
377.508 104.204
720.337 85.726
614.018 35.009
56.37 88.953
719.796 40.068
55.02 67.707
111.6 47.566
500.79 100.485
494.604 76.769
110.868 115.152
643.097 82.651
634.005 108.074
87.077 39.278
458.065 54.142
374.834 114.928
460.154 69.868
238.809 44.261
204.457 75.574
251.582 116.324
581.951 61.706
511.758 100.516
474.839 36.633
452.639 49.005
310.293 94.368
501.841 37.895
508.728 47.476
53.921 94.988
758.725 80.105
63.859 43.602
726.91 120.399
447.063 99.262
384.392 90.38
512.526 88.149
748.578 123.715
195.093 80.122
718.494 107.616
384.782 89.579
734.467 80.249
453.798 118.09
741.551 35.941
345.399 75.883
360.944 42.675
354.43 42.767
637.921 110.424
746.712 47.981
312.057 63.408
461.809 77.748
221.501 79.464
449.027 71.715
377.148 52.276
457.733 108.269
503.542 118.244
379.042 100.526
233.562 121.715
373.257 43.967
609.794 126.251
189.569 111.185
239.293 36.408
114.111 80.555
617.632 36.657
729.366 65.695
509.737 118.778
454.982 78.123
379.529 47.836
586.087 67.521
775.202 112.947
580.477 67.521
120.444 58.045
598.836 105.651
723.803 88.604
587.463 69.198
512.951 123.942
742.175 46.377
319.672 48.825
586.774 93.065
768.888 72.555
395.562 75.239
579.365 62.507
722.992 124.005
316.276 70.3
781.226 118.898
373.759 98.606
373.964 61.007
115.912 90.725
517.583 114.65
213.602 120.373
761.77 37.354
761.105 118.008
542.919 74.861
605.119 121.288
380.221 77.407
307.927 71.812
462.225 41.674
90.708 119.126
771.925 82.583
602.084 115.571
191.104 96.321
59.155 53.923
250.421 122.882
635.149 37.772
460.604 99.601
483.566 77.543
729.893 88.761
746.878 115.374
599.603 111.854
514.484 115.87
386.069 101.256
114.046 113.497
57.341 82.065
377.48 43.675
384.815 80.954
240.339 39.202
91.954 38.635
225.511 112.259
70.07 119.23
196.445 120.239
225.432 113.016
196.879 85.294
59.874 110.231
380.663 109.379
202.92 60.942
446.266 90.452
195.365 61.456
579.066 52.418
471.764 43.482
577.231 58.91
191.647 118.715
319.858 55.536
59.568 116.25
721.248 80.676
454.365 107.708
581.453 72.567
323.266 108.216
191.263 110.114
195.684 73.004
110.547 83.742
579.507 77.979
458.646 71.529
377.48 89.341
741.534 80.214
585.84 46.217
314.996 91.431
611.511 46.138
103.572 35.675
247.973 111.444
451.75 49.928
593.519 108.334
484.843 75.663
579.529 75.642
603.106 49.248
739.286 122.647
369.688 49.744
503.205 107.61
61.259 96.185
87.682 119.008
490.613 83.027
597.687 114.446
478.018 40.587
462.013 46.417
511.302 54.984
730.698 99.135
54.642 72.72
368.232 38.901
455.941 51.897
187.474 115.993
304.789 80.861
52.828 74.553
122.327 51.677
622.1 119.555
619.351 120.063
201.528 117.468
756.648 74.459
765.966 124.623
309.103 74.561
725.156 104.154
312.456 92.524
644.941 114.565
96.603 117.27
726.45 88.044
577.745 92.087
448.945 116.788
615.672 121.954
647.417 106.079
375.889 60.468
130.588 94.505
237.494 74.127
589.512 107.279
506.635 64.039
725.318 64.758
518.9 56.369
382.42 49.113
589.646 64.841
55.862 54.525
457.85 53.264
234.295 78.572
375.65 108.416
49.582 95.745
456.52 50.914
644.806 112.035
109.308 42.919
218.348 119.956
196.776 41.659
64.279 118.186
186.651 40.044
719.698 63.6
586.797 71.649
726.274 95.841
452.532 109.765
199.207 69.777
615.555 113.582
515.376 59.379
242.784 73.103
650.207 51.492
88.066 44.764
122.244 94.581
120.652 46.149
190.012 98.838
635.813 83.537
512.88 76.667
596.221 109.422
619.53 43.415
587.725 55.302
114.265 44.416
734.7 69.902
637.355 106.774
309.95 58.337
60.821 79.479
373.262 42.695
196.947 97.812
115.051 112.528
314.993 48.109
731.118 62.475
759.97 40.128
383.383 50.122
458.217 42.338
746.341 69.527
758.077 112.074
743.025 118.466
502.31 45.66
362.698 45.196
87.715 31.636
314.167 66.349
732.593 49.461
383.481 59.187
452.22 70.476
489.623 82.035
202.503 118.631
248.385 37.736
490.825 79.731
737.583 112.976
54.282 71.628
452.185 105.717
575.942 67.887
607.789 117.392
117.739 97.392
764.542 71.295
750.821 36.742
196.484 67.265
584.907 74.118
376.562 116.87
773.774 46.372
67.212 39.057
634.908 80.884
193.912 83.437
223.99 73.415
488.664 85.507
600.528 37.681
465.518 42.901
62.245 49.934
607.435 37.799
389.203 70.757
504.429 49.612
244.29 79.285
120.329 92.672
341.041 113.954
591.142 80.27
122.481 87.76
743.452 69.882
782.544 119.197
107.316 116.595
450.819 116.447
68.71 103.635
750.076 110.832
212.5 34.544
447.274 108.156
726.982 54.526
647.954 86.918
462.118 114.847
63.594 91.344
451.573 90.242
508.302 42.391
383.261 109.444
621.028 114.603
323.927 44.738
190.542 44.362
125.447 102.606
335.754 41.355
189.234 43.028
640.407 114.503
55.499 49.684
192.065 82.474
65.14 117.364
75.871 115.158
447.651 71.369
98.549 34.544
635.68 51.608
195.284 73.432
507.215 62.809
49.64 68.189
482.256 84.307
220.264 113.411
756.304 118.197
773.113 76.128
327.977 37.054
212.767 76.385
645.604 84.948
612.446 38.182
645.124 58.228
365.616 49.365
450.786 48.762
114.96 115.499
205.586 46.953
375.995 62.783
467.125 37.429
324.055 47.351
736.194 69.295
106.836 77.123
199.055 103.415
53.872 69.152
456.341 47.831
321.09 104.543
582.861 104.422
655.981 102.384
725.758 60.051
98.734 86.254
642.182 44.746
714.368 40.506
205.537 114.745
307.035 86.538
49.664 66.713
766.586 36.498
199.002 51.849
762.88 85.087
311.699 70.516
733.926 74.088
189.818 108.13
581.836 50.5
122.308 121.212
245.284 37.412
515.745 76.506
386.494 50.44
450.637 51.801
601.53 38.301
318.571 43.493
577.862 87.523
393.928 69.949
466.176 42.111
752.273 77.983
457.897 67.941
743.601 122.625
757.818 82
58.323 110.552
769.155 116.376
371.088 43.404
118.97 50.616
449.224 102.931
645.366 111.284
650.283 50.694
473.919 82.489
387.305 51.942
65.644 39.368
204.173 77.003
649.35 82.714
315.383 79.155
607.364 119.789
675.663 76.809
237.314 76.944
232.744 72.05
314.167 64.064
719.64 58.878
497.038 79.151
207.184 36.945
655.026 122.585
636.126 54.063
724.894 83.64
509.82 95.822
655.488 102.596
500.269 84.8
596.038 38.368
511.909 55.897
253.241 113.848
85.698 43.644
597.338 44.079
306.122 79.488
118.604 113.317
228.904 37.488
249.66 78.607
512.679 48.23
749.525 84.186
386.007 77.022
655.033 92.621
208.746 36.671
192.288 36.53
310.324 70.363
238.92 40.312
732.012 85.613
315.564 76.229
130.899 98.039
640.589 84.823
237.683 34.041
111.562 90.047
723.271 121.076
608.355 117.493
231.575 81.543
606.175 115.234
448.584 105.663
383.827 102.701
239.407 123.79
315.03 58.803
244.631 120.832
744.474 45.982
507.165 90.834
451.888 116.314
233.838 111.224
718.127 79.074
455.219 56.332
379.278 52.33
743.71 116.19
121.946 99.221
726.341 87.171
718.07 76.606
96.04 44.166
516.086 103.687
61.836 86.524
73.803 109.389
130.138 100.133
200.525 110.222
344.032 33.135
363.551 113.204
724.527 34.687
653.061 90.991
726.839 45.971
56.961 103.648
248.446 78.408
656.99 102.385
236.504 79.481
493.168 78.39
447.268 89.901
314.929 53.941
511.49 53.843
310.374 80.868
110.114 78.196
362.87 115.973
599.19 113.462
392.55 97.642
731.589 51.32
718.819 71.577
194.1 69.292
90.011 112.507
770.61 79.892
121.104 102.266
248.394 41.061
583.227 74.021
514.106 49.664
510.852 68.374
322.976 82.462
350.718 41.184
88.831 113.085
723.47 61.246
751.425 49.163
625.903 84.371
488.072 83.407
779.331 37.654
446.059 90.946
190.159 123.11
487.757 85.67
237.581 72.612
226.313 45.425
582.241 89.113
379.652 91.525
745.476 46.548
633.274 47.459
313.611 51.82
308.941 66.168
509.686 114.276
56.064 65.561
353.919 35.41
207.797 77.737
117.818 82.042
371.48 109.849
468.78 84.954
126.427 120.549
725.836 61.474
652.115 58.997
657.869 78.484
354.459 115.78
357.379 43.084
763.863 74.063
725.298 55.486
120.236 89.292
320.78 55.94
130.877 79.848
224.467 115.12
514.058 111.1
503.991 115.247
350.892 38.975
652.74 49.374
354.243 124.488
359.037 115.64
576.612 89.046
232.341 109.713
651.505 101.901
92.947 35.55
452.168 72.484
70.284 106.007
190.778 117.969
505.771 42.321
61.113 65.585
271.257 84.349
717.955 119.367
590.668 68.618
746.133 122.936
481.205 38.544
462.082 101.788
313.038 86.337
52.311 83.676
623.72 118.433
471.994 80.389
727.623 119.519
621.566 82.135
612.849 122.755
384.014 53.204
579.568 94.923
373.205 100.991
517.014 120.601
511.161 41.373
452.396 52.863
449.97 98.895
195.617 70.749
374.192 45.085
461.341 53.901
57.009 82.316
61.756 68.399
604 123.609
546.608 77.527
76.587 32.859
199.486 59.288
384.645 96.617
485.414 43.307
642.627 107.864
111.35 108.348
377.428 51.749
207.303 37.249
319.457 85.489
447.794 93.454
452.18 70.702
382.245 69.866
202.688 54.809
611.37 116.815
350.648 121.933
195.557 42.887
363.724 42.406
590.105 78.654
305.221 69.079
103.577 37.409
773.651 41.129
723.846 40.184
588.515 80.922
209.995 112.696
201.467 38.169
719.929 51.981
96.92 111.648
48.664 74.556
49.117 76.618
755.782 109.67
381.056 111.389
765.426 112.345
374.126 56.377
608.464 41.084
210.423 117.064
58.891 109.576
753.645 47.107
752.552 124.503
319.485 110.048
516.023 69.114
316.057 56.021
77.683 34.76
750.638 121.853
244.895 75.46
235.695 36.693
94.909 116.574
481.152 83.486
320.743 94.503
193.702 51.223
119.832 96.802
352.418 117.244
199.009 89.096
131.479 93.783
450.149 118.517
723.594 58.691
344.866 123.591
320.48 82.309
722.4 109.505
765.905 114.296
97.433 80.701
120.796 88.965
450.813 104.134
580.182 85.172
376.405 85.37
750.764 38.114
634.667 38.149
371.227 44.22
755.785 82.705
502.56 115.858
231.606 76.537
355.442 111.399
386.947 75.889
487.042 38.952
379.11 48.847
756.491 34.802
353.727 46.916
724.675 71.023
461.133 51.867
506.835 61.924
352.748 114.502
382.526 67.252
768.693 72.182
199.912 68.729
118.472 82.876
642.226 99.199
500.066 51.509
358.312 122.496
46.821 67.781
511.32 102.772
200.887 86.03
381.371 95.841
391.525 67.751
190.979 106.325
635.473 52.267
520.469 51.039
509.445 119.222
588.875 84.306
464.358 81.635
458.361 111.198
53.239 84.072
482.018 37.021
725.732 60.262
101.958 35.075
733.906 35.301
729.695 75.532
115.986 105.829
215.183 115.819
725.721 95.583
504.635 95.543
372.873 118.04
313.542 86.958
494.663 83.36
589.596 57.944
585.129 106.519
780.331 121.193
386.341 95.869
117.613 104.3
371.059 114.715
780.839 115.526
502.551 115.09
618.128 112.361
453.107 75.747
120.375 95.653
579.142 65.439
220.385 39.441
603.093 36.784
510.941 58.131
749.042 112.682
580.36 103.57
730.288 86.767
351.647 120.156
620.478 115.952
725.367 33.879
507.138 90.044
337.018 121.717
107.479 85.3
723.935 66.681
495.616 40.081
452.46 103.419
239.328 83.44
307.016 75.032
454.192 120.963
357.309 38.589
504.975 68.173
320.909 60.541
201.118 79.266
642.645 52.093
388.111 97.766
328.825 115.726
47.55 91.444
478.551 40.662
375.076 56.025
636.97 55.987
212.014 35.795
487.344 46.167
624.62 113.582
723.499 58.216
222.858 43.487
645.581 84.217
329.26 44.491
113.403 46.6
450.327 119.193
729.421 97.082
518.738 52.944
722.636 87.509
611.069 37.823
204.557 79.411
588.259 108.474
461.225 53.518
218.853 80.269
344.14 125.463
240.322 80.933
516.748 53.303
202.08 115.718
606.58 43.508
312.737 65.815
646.548 52.491
221.862 46.627
507.899 47.389
310.77 73.411
729.342 56.976
643.478 54.052
719.177 57.87
730.243 90.445
373.972 97.994
756.976 114.656
127.661 98.915
594.577 107.937
747.73 40.142
114.875 113.734
647.392 112.42
746.246 74.65
392.259 80.099
772.057 81.825
634.137 80.227
467.801 84.268
760.582 83.722
189.598 120.898
89.031 117.701
476.367 36.106
204.657 54.335
200.768 83.245
777.838 79.195
759.718 42.26
198.813 98.653
377.254 74.17
514.325 95.961
509.733 69.808
389.497 82.192
485.154 38.068
649.679 113.965
745.986 71.682
120.931 114.182
388.653 74.56
320.807 40.548
637.907 87.932
480.796 81.895
307.736 66.332
760.272 38.361
583.906 97.053
200.786 38.341
505.039 66.03
73.605 122.939
507.894 73.357
497.8 47.388
722.743 65.769
237.749 80.354
464.488 64.92
735.852 123.288
771.889 122.082
459.51 114.576
717.807 80.09
387.872 100.702
784.221 112.136
381.086 103.607
317.064 56.275
740.41 115.915
63.51 79.974
482.591 37.817
130.71 100.958
237.677 41.588
722.061 34.751
655.413 93.681
502.608 90.236
379.102 66.118
758.521 84.903
512.783 103.816
189.713 99.394
726.06 99.395
365.336 118.035
242.527 84.014
97.015 85.031
580.242 59.835
753.537 73.363
591.267 70.237
79.105 45.651
461.491 38.47
617.232 33.988
515.679 58.943
715.325 44.572
310.445 82.101
120.485 106.176
347.34 125.195
249.796 110.459
460.724 113.345
578.355 65.518
332.191 43.056
585.21 82.687
777.283 117.003
509.646 58.741
308.239 78.961
732.601 82.325
724.679 77.969
378.094 114.466
64.022 111.067
56.94 64.989
722.753 79.864
723.905 63.134
462.896 38.175
477.901 37.53
127.187 83.041
623.053 43.704
385.717 98.306
201.871 86.904
64.546 110.969
733.317 40.507
191.186 114.072
657.099 86.157
449.618 120.594
57.564 115.199
716.736 119.694
755.873 117.179
58.545 49.605
99.889 118.896
322.81 53.178
607.94 44.636
590.708 63.881
514.099 106.983
92.953 35.972
351.587 115.941
453.541 45.625
367.549 116.672
639.077 52.212
514.361 120.356
462.341 36.259
724.206 104.303
195.806 73.133
47.461 89.492
87.369 115.503
351.413 33.022
57.982 110.072
385.93 66.435
509.298 44.763
126.639 77.627
462.492 75.973
118.757 119.155
383.49 90.516
459.261 39.722
619.78 115.851
642.755 43.226
99.75 115.677
511.513 58.884
681.159 77.066
233.926 43.523
112.962 112.272
127.976 113.969
452.142 84.013
85.486 116.547
368.212 113.836
199.669 44.464
369.482 119.682
741.632 40.246
730.855 67.999
640.622 86.323
109.087 45.61
200.477 56.067
362.243 118.381
223.887 110.029
317.824 57.031
202.961 121.83
717.139 81.982
54.226 61.871
777.885 123.072
464.437 68.438
652.82 77.572
727.126 116.86
582.53 49.454
320.308 89.776
59.21 110.107
91.083 114.846
743.696 73.721
310.049 76.926
765.458 36.115
192.657 69.806
503.396 73.194
643.354 86.043
61.249 87.256
612.733 41.694
731.145 39.886
471.598 79.223
210.981 44.167
359.977 46.822
72.085 124.805
52.842 86.81
110.819 45.422
721.557 106.807
720.595 108.136
583.19 98.509
242.667 118.185
63.766 45.836
721.612 82.827
727.826 112.574
307.452 75.86
623.993 119.585
56.208 59.824
496.07 34.904
601.535 106.516
654.184 85.315
462.875 67.189
252.709 110.464
352.899 117.435
458.374 71.195
313.718 88.624
389.19 74.769
505.969 88.22
649.653 84.034
47.246 67.584
191.937 98.397
730.148 115.274
329.927 50.652
369.262 111.648
75.8 46.248
76.555 111.166
780.478 110.456
326.611 111.574
86.5 115.713
729.187 80.517
617.948 37.013
336.228 42.072
597.545 40.676
783.907 119.935
80.799 33.577
577.454 90.852
761.652 112.944
57.302 104.783
120.767 78.415
383.927 111.389
75.999 116.823
215.714 35.49
205.052 46.44
187.572 83.839
582.478 91.335
96.864 36.48
717.736 59.813
238.262 75.292
634.688 106.776
117.074 79.383
314.085 89.78
245.324 41.182
359.19 43.921
504.327 99.188
378.704 46.492
481.085 82.694
203.926 75.582
756.381 110.392
463.518 86.029
768.636 38.604
452.915 124.548
732.076 45.38
128.011 103.832
317.751 92.627
775.674 78.063
513.168 46.65
53.509 88.228
125.795 99.368
474.583 34.519
652.984 83.791
623.129 81.354
65.186 42.732
330.802 118.391
755.461 117.587
51.824 100.384
588.655 82.051
594.503 42.311
718.815 119.392
321.583 44.212
464.175 75.502
347.998 43.567
752.878 48.437
625.784 85.891
374.048 118.809
247.647 40.838
324.859 112.265
50.435 64.591
586.219 105.848
245.48 76.628
53.718 55.277
63.934 104.873
725.554 95.196
654.124 120.573
730.442 87.066
454.413 44.734
50.715 90.833
392.6 78.948
59.66 69.452
384.305 111.76
72.028 47.015
653.303 103.195
85.942 37.244
121.486 97.524
753.656 118.169
514.495 110.07
481.516 80.092
502.454 96.559
189.683 96.701
250.456 38.08
606.14 112.321
123.036 85.112
196.592 43.158
376.203 110.239
459.722 115.127
456.267 103.936
761.417 122.887
95.667 33.305
774.448 118.193
726.107 82.77
321.536 76.343
76.935 123.17
453.201 93.189
213.659 37.732
776.264 118.358
224.567 80.768
517.068 75.224
767.857 79.31
233.817 47.179
334.303 40.351
754.077 35.911
589.346 81.62
497.522 46.695
149.043 75.797
235.45 37.613
752.021 43.752
117.708 103.492
515.413 115.314
325.518 110.348
517.285 50.293
49.486 72.107
641.952 88.504
578.43 61.648
121.74 89.371
505.856 40.697
389.57 93.976
328.584 52.861
511.379 114.655
517.106 59.693
208.032 120.436
515.856 45.519
331.804 53.413
609.152 40.279
614.938 42.027
638.795 102.034
508.078 64.947
200.413 73.655
74.837 38.511
619.89 35.189
77.092 42.263
310.322 65.885
588.392 67.137
366.538 111.053
125.792 76.788
309.501 57.621
207.745 118.134
74.198 116.472
101.501 47.15
51.143 96.488
88.195 37.79
315.966 98.336
640.946 103.085
47.113 75.739
311.986 82.964
749.152 76.789
592.04 104.219
309.21 66.604
625.783 75.701
60.571 103.228
759.88 124.032
639.823 58.701
317.988 110.102
386.774 57.365
311.134 54.12
374.606 44.202
641.212 83.608
716.096 77.684
509.895 103.992
106.881 46.206
224.789 45.88
448.577 120.356
129.012 85.882
499.03 90.221
381.597 83.119
486.547 82.039
339.712 77.3
626.262 84.575
632.734 120.3
579.738 99.433
734.413 35.035
342.973 47.393
190.686 101.16
360.635 33.575
638.38 48.825
320.897 49.46
459.388 68.394
510.005 88.715
651.199 93.827
714.381 45.787
55.289 108.677
47.813 82.475
60.267 85.8
634.06 37.246
105.003 83.512
611.379 126.401
650.669 90.046
197.664 62.272
484.735 86.399
349.155 127.954
106.263 39.118
63.725 47.051
607.289 120.687
329.564 37.281
504.786 42.357
729.484 70.427
658.51 101.075
736.832 69.853
320.36 40.312
222.806 84.52
82.167 31.772
759.219 36.391
459.791 54.58
652.7 124.07
75.019 126.069
740.372 124.64
321.47 48.437
70.135 47.667
313.727 84.947
129.125 98.432
446.524 106.559
765.479 69.006
506.055 93.026
460.137 61.943
462.723 44.89
123.625 113.704
740.143 71.778
321.059 106.615
621.366 81.767
320.677 107.912
52.561 97.228
317.106 78.043
200.967 54.781
761.03 33.818
461.025 65.493
648.787 103.255
726.185 103.541
605.207 115.475
52.007 88.64
507.097 84.158
761.525 35.744
191.54 37.993
453.736 94.793
48.673 74.963
605.209 117.293
233.397 114.003
230.579 44.638
629.543 84.625
393.167 74.972
214.455 42.908
313.092 96.547
552.879 76.564
510.736 41.631
218.02 80.909
198.698 87.703
641.496 99.73
316.42 82.911
770.765 70.343
230.833 48.341
47.487 89.501
655.745 119.749
57.32 106.082
190.382 123.217
771.313 39.779
729.427 55.802
234.668 113.102
492.326 87.105
494.454 45.944
717.245 37.694
728.573 40.826
452.121 52.111
241.497 121.903
