4.418559880000000248e+02 1.665119929999999897e+02
4.352659909999999854e+02 1.583489989999999921e+02
3.612040099999999825e+02 2.617080080000000066e+02
4.668879999999999768e+02 2.184779969999999878e+02
3.764460139999999910e+02 2.118130040000000065e+02
4.445719910000000255e+02 1.438699949999999887e+02
3.813890079999999898e+02 2.643620000000000232e+02
4.660899959999999851e+02 1.544779969999999878e+02
4.222980039999999917e+02 1.462559970000000078e+02
4.233179930000000013e+02 1.490149989999999889e+02
4.621969910000000255e+02 1.487530059999999992e+02
4.295000000000000000e+02 1.578320009999999911e+02
4.722890009999999847e+02 1.702579959999999915e+02
4.449880069999999819e+02 1.635180049999999881e+02
4.471029970000000162e+02 1.423359989999999868e+02
3.499989929999999845e+02 2.676099849999999947e+02
3.579299930000000245e+02 2.620039980000000241e+02
3.913879999999999768e+02 2.113569950000000119e+02
4.731849980000000073e+02 2.359029999999999916e+02
3.705239869999999769e+02 2.595809939999999756e+02
4.482560119999999984e+02 2.283189999999999884e+02
4.286430050000000165e+02 1.465509950000000003e+02
3.542760010000000079e+02 2.660989989999999921e+02
4.312090150000000222e+02 1.470429990000000089e+02
3.622380069999999819e+02 2.677160030000000006e+02
3.677149959999999851e+02 2.611510010000000079e+02
4.636449890000000096e+02 2.154459990000000005e+02
4.698900150000000053e+02 1.572899930000000097e+02
4.677739869999999769e+02 2.082250060000000076e+02
4.515409849999999778e+02 2.066159969999999930e+02
3.648680110000000241e+02 2.433269960000000083e+02
4.310270080000000235e+02 1.980610049999999944e+02
3.886789860000000090e+02 1.999210050000000081e+02
4.635440060000000244e+02 1.697729950000000088e+02
3.844060059999999908e+02 2.254109950000000140e+02
4.535159909999999854e+02 1.502420040000000085e+02
3.502680050000000165e+02 2.269929960000000051e+02
3.652640079999999898e+02 2.615690000000000168e+02
4.638219910000000255e+02 1.440950009999999963e+02
4.412539980000000241e+02 1.698189999999999884e+02
4.324859920000000102e+02 1.988769990000000121e+02
4.730440060000000244e+02 1.693000030000000038e+02
4.419580080000000066e+02 1.968070069999999987e+02
3.665610050000000228e+02 2.524080050000000028e+02
4.577380069999999819e+02 1.479490049999999997e+02
4.729590150000000222e+02 1.991920010000000048e+02
3.763240049999999997e+02 2.326280059999999992e+02
4.578680110000000241e+02 2.128350069999999903e+02
3.771629940000000261e+02 1.424310000000000116e+02
4.453299870000000169e+02 1.634439999999999884e+02
4.013919980000000010e+02 2.682709960000000251e+02
3.739159849999999778e+02 2.607900089999999977e+02
3.823879999999999768e+02 1.674299929999999961e+02
4.322950129999999831e+02 1.873679960000000051e+02
4.362489929999999845e+02 1.583439940000000092e+02
3.767409969999999930e+02 2.223450009999999963e+02
4.678280030000000238e+02 1.467920070000000123e+02
3.682919919999999934e+02 2.665480039999999917e+02
3.599079899999999839e+02 2.612210079999999834e+02
3.584370119999999815e+02 2.655840150000000222e+02
4.314190060000000244e+02 1.457550050000000113e+02
3.513689880000000016e+02 2.589079899999999839e+02
4.512239989999999921e+02 1.457749939999999924e+02
3.703370059999999739e+02 1.903979950000000088e+02
3.863599849999999947e+02 2.402440029999999922e+02
4.567439880000000016e+02 1.705619959999999935e+02
3.529270020000000159e+02 2.623869930000000181e+02
4.685710139999999910e+02 1.546609950000000140e+02
4.665880129999999895e+02 1.703589939999999956e+02
4.654960019999999759e+02 1.715220030000000122e+02
4.328290099999999825e+02 1.642879939999999976e+02
4.641849980000000073e+02 2.189739989999999921e+02
4.672780149999999821e+02 1.712839969999999994e+02
3.855039980000000241e+02 2.631860050000000228e+02
3.773620000000000232e+02 1.456309970000000078e+02
3.946640009999999847e+02 2.312989959999999883e+02
4.274620059999999739e+02 2.266250000000000000e+02
4.480180050000000165e+02 1.954120029999999986e+02
3.763980099999999993e+02 2.515740049999999997e+02
4.523450010000000248e+02 1.725989989999999921e+02
3.773410030000000006e+02 2.592340090000000146e+02
4.488500060000000076e+02 1.419010010000000079e+02
4.466059880000000248e+02 1.638690029999999922e+02
4.310209960000000251e+02 2.486939999999999884e+02
4.682730099999999993e+02 1.495229950000000088e+02
3.604700010000000248e+02 2.611470029999999838e+02
4.221809999999999832e+02 1.437940059999999960e+02
4.524460139999999910e+02 1.668139950000000056e+02
4.721740110000000072e+02 2.384279940000000124e+02
3.487290039999999749e+02 2.646910100000000057e+02
4.485979919999999765e+02 1.660099950000000035e+02
3.548150019999999927e+02 2.584039920000000166e+02
4.510570069999999987e+02 1.475240019999999959e+02
4.495669859999999858e+02 1.577850039999999865e+02
3.620440060000000244e+02 2.668439940000000092e+02
4.329200129999999831e+02 1.658049929999999961e+02
3.527810059999999908e+02 2.608229979999999841e+02
4.717239989999999921e+02 1.724470059999999876e+02
4.417269900000000007e+02 2.184199979999999925e+02
4.526520080000000235e+02 1.559689940000000092e+02
3.825249939999999924e+02 2.664909969999999930e+02
3.720230099999999993e+02 2.292400049999999965e+02
4.484030149999999821e+02 1.432070009999999911e+02
3.769020080000000235e+02 2.492169949999999972e+02
3.667890009999999847e+02 2.570840150000000222e+02
3.582210079999999834e+02 2.569429930000000013e+02
4.502569889999999759e+02 1.575720059999999876e+02
3.541640009999999847e+02 2.617489929999999845e+02
4.021130069999999819e+02 1.790319979999999873e+02
4.529079899999999839e+02 1.508950040000000001e+02
4.008590090000000146e+02 2.582650150000000053e+02
3.888120119999999815e+02 2.378480069999999955e+02
3.780639949999999772e+02 2.642890009999999847e+02
3.831489869999999769e+02 1.990249939999999924e+02
4.316910100000000057e+02 1.616829989999999952e+02
4.426029970000000162e+02 1.435149989999999889e+02
3.587210079999999834e+02 2.599119870000000105e+02
4.710230099999999993e+02 2.096190029999999922e+02
4.328779910000000086e+02 2.137100069999999903e+02
4.263110050000000228e+02 1.789210050000000081e+02
4.704809880000000248e+02 1.453459929999999929e+02
4.071300049999999828e+02 2.416829989999999952e+02
4.436239929999999845e+02 2.201589969999999994e+02
4.622780149999999821e+02 1.482790070000000071e+02
4.456719969999999762e+02 1.585070039999999949e+02
3.745920100000000161e+02 1.633630070000000103e+02
3.756440119999999752e+02 2.487850039999999865e+02
4.405409849999999778e+02 1.474429930000000013e+02
4.314819949999999835e+02 2.098000030000000038e+02
4.226940000000000168e+02 2.173569950000000119e+02
4.327409969999999930e+02 2.603800049999999828e+02
4.500069889999999759e+02 2.040319979999999873e+02
4.233110050000000228e+02 2.012980039999999917e+02
3.762569889999999759e+02 1.703329929999999877e+02
4.698810119999999984e+02 1.583399960000000135e+02
3.634379880000000185e+02 2.607019960000000083e+02
3.635740049999999997e+02 2.062539979999999957e+02
3.683970029999999838e+02 2.620580140000000142e+02
3.757789920000000166e+02 2.615220029999999838e+02
3.770599980000000073e+02 1.999869999999999948e+02
4.694469910000000255e+02 2.055390010000000132e+02
4.703070069999999987e+02 2.109250030000000038e+02
3.676990049999999997e+02 1.427160030000000006e+02
4.546069949999999835e+02 1.654909969999999930e+02
4.690350040000000149e+02 1.558079989999999952e+02
3.694710079999999834e+02 2.600989989999999921e+02
4.262420040000000085e+02 1.925269930000000045e+02
4.602409969999999930e+02 2.063780059999999992e+02
4.257579959999999915e+02 1.443670040000000085e+02
3.778340150000000222e+02 1.461190029999999922e+02
4.327919919999999934e+02 1.437989959999999883e+02
4.351040039999999749e+02 1.505639950000000056e+02
4.329349980000000073e+02 1.807059940000000040e+02
4.500169980000000010e+02 1.629819950000000119e+02
4.584549870000000169e+02 1.717230069999999955e+02
4.683869930000000181e+02 1.744490049999999997e+02
4.302929990000000089e+02 1.522420040000000085e+02
4.707420040000000085e+02 1.510279999999999916e+02
4.304419859999999858e+02 1.578739930000000129e+02
3.487229919999999765e+02 2.687200010000000248e+02
4.604049989999999752e+02 1.650110019999999906e+02
4.583999939999999924e+02 2.149579929999999877e+02
3.676430050000000165e+02 2.632139890000000264e+02
4.691759950000000003e+02 2.221219940000000008e+02
3.637619930000000181e+02 2.651809999999999832e+02
4.640780030000000238e+02 1.615859989999999868e+02
3.778840030000000070e+02 2.526139980000000094e+02
4.405129999999999768e+02 1.590720059999999876e+02
3.630350040000000149e+02 2.654070130000000063e+02
4.690740049999999997e+02 2.153170010000000048e+02
4.401300049999999828e+02 1.428470000000000084e+02
3.852219850000000179e+02 1.933659969999999930e+02
3.763179930000000013e+02 1.779129939999999976e+02
4.362170100000000161e+02 1.455010069999999871e+02
3.517760010000000079e+02 2.578670040000000085e+02
4.472420040000000085e+02 1.452259980000000041e+02
4.727489929999999845e+02 1.484299929999999961e+02
3.541329959999999915e+02 2.696530149999999821e+02
3.764989929999999845e+02 1.564420010000000048e+02
4.420820009999999911e+02 1.648699949999999887e+02
4.450369870000000105e+02 2.178139950000000056e+02
3.756379999999999768e+02 2.657690119999999752e+02
3.772349849999999947e+02 1.563309940000000040e+02
4.545199890000000096e+02 1.451190029999999922e+02
4.500679930000000013e+02 1.440729980000000126e+02
3.767250060000000076e+02 2.506580050000000028e+02
3.982460019999999759e+02 2.685549930000000245e+02
4.311279910000000086e+02 1.981360019999999906e+02
3.643020020000000159e+02 2.700239869999999769e+02
4.606839899999999943e+02 1.685489959999999883e+02
3.659620059999999739e+02 2.678340150000000222e+02
3.805180050000000165e+02 2.700679930000000013e+02
4.712789920000000166e+02 1.568999939999999924e+02
4.337090150000000222e+02 1.432619929999999897e+02
4.710010070000000155e+02 2.091540070000000071e+02
4.689849849999999947e+02 1.598860019999999906e+02
4.410830080000000066e+02 1.651139980000000094e+02
3.675150150000000053e+02 2.587009889999999928e+02
4.154530030000000238e+02 2.465249939999999924e+02
3.942260130000000231e+02 1.973110049999999944e+02
4.482890009999999847e+02 1.681770019999999874e+02
4.353670040000000085e+02 1.426620029999999986e+02
4.313240049999999997e+02 2.137740019999999959e+02
4.404079899999999839e+02 1.465420070000000123e+02
3.955979919999999765e+02 2.685539860000000090e+02
3.791700129999999831e+02 2.646229860000000258e+02
3.649970089999999914e+02 2.702799989999999752e+02
4.626990049999999997e+02 1.761730039999999917e+02
3.868500060000000076e+02 2.682080080000000066e+02
3.680010070000000155e+02 2.402420040000000085e+02
4.290079959999999915e+02 1.476430049999999881e+02
3.616000060000000076e+02 2.705589899999999943e+02
4.687460019999999759e+02 2.621449890000000096e+02
3.776390079999999898e+02 2.191699979999999925e+02
3.769769900000000007e+02 1.805989989999999921e+02
4.470969850000000179e+02 1.612630000000000052e+02
3.941900019999999927e+02 1.573970030000000122e+02
3.635020139999999742e+02 1.787749939999999924e+02
3.767080080000000066e+02 1.801730039999999917e+02
4.020029910000000086e+02 2.192640079999999898e+02
4.633359990000000153e+02 1.717619929999999897e+02
4.611300049999999828e+02 1.642760010000000079e+02
3.514679869999999937e+02 2.672829899999999839e+02
4.708670040000000085e+02 1.739259950000000003e+02
4.328190000000000168e+02 2.290099950000000035e+02
3.767500000000000000e+02 1.662259980000000041e+02
4.294760130000000231e+02 1.476549990000000037e+02
4.694190060000000244e+02 1.444550020000000075e+02
3.777600100000000225e+02 2.119199979999999925e+02
4.313389890000000264e+02 1.494049990000000037e+02
4.343529970000000162e+02 1.525829929999999877e+02
4.227040099999999825e+02 1.586040040000000033e+02
4.657380069999999819e+02 2.384709929999999929e+02
4.672370000000000232e+02 1.630149989999999889e+02
3.781669919999999934e+02 2.643150019999999927e+02
3.778229979999999841e+02 2.112619929999999897e+02
3.556040039999999749e+02 2.702090150000000222e+02
3.710929869999999937e+02 2.677049870000000169e+02
3.922739869999999769e+02 2.139490049999999997e+02
3.623349910000000023e+02 2.655820009999999911e+02
4.653859860000000026e+02 2.114680020000000127e+02
4.623689880000000016e+02 1.726909939999999892e+02
3.823070069999999987e+02 1.707109989999999868e+02
3.760889890000000264e+02 2.210249939999999924e+02
3.763399959999999851e+02 1.690330050000000028e+02
3.747229919999999765e+02 2.644270020000000159e+02
4.563030089999999745e+02 1.450769960000000083e+02
4.724240110000000072e+02 2.233739930000000129e+02
4.239760130000000231e+02 1.445379939999999976e+02
4.530580140000000142e+02 1.501479950000000088e+02
4.731409909999999854e+02 2.265010069999999871e+02
4.652739869999999769e+02 2.129920040000000085e+02
3.549549870000000169e+02 1.914069979999999873e+02
4.432349849999999947e+02 1.438679960000000051e+02
3.699719850000000179e+02 2.632489929999999845e+02
4.341730039999999917e+02 1.513869929999999897e+02
4.442820130000000063e+02 1.630709990000000005e+02
4.467439880000000016e+02 1.691340030000000070e+02
3.503519900000000007e+02 2.678410030000000006e+02
4.323169859999999858e+02 1.606620029999999986e+02
4.533609920000000102e+02 1.626759950000000003e+02
3.581369930000000181e+02 2.502680049999999881e+02
4.567290039999999749e+02 1.740829929999999877e+02
4.531749879999999848e+02 2.700960079999999834e+02
3.970220029999999838e+02 2.664830019999999990e+02
4.587839969999999994e+02 1.487899930000000097e+02
3.903110050000000228e+02 2.666279910000000086e+02
4.421260070000000155e+02 2.077669980000000010e+02
4.468710019999999759e+02 1.477590030000000070e+02
4.516459960000000251e+02 1.485359950000000140e+02
3.863909909999999854e+02 2.668779910000000086e+02
4.611719969999999762e+02 2.428209990000000005e+02
3.853640139999999974e+02 2.676589969999999994e+02
4.261029970000000162e+02 1.708910060000000044e+02
3.506950069999999755e+02 2.693859860000000026e+02
4.186690060000000244e+02 2.690119930000000181e+02
4.647860109999999736e+02 1.451419980000000010e+02
4.355499879999999848e+02 1.453950040000000001e+02
4.427390139999999974e+02 1.536990049999999997e+02
