6.414580079999999498e+02 4.024270020000000159e+02
6.265969850000000179e+02 4.087430110000000241e+02
6.788699950000000172e+02 4.399849849999999947e+02
6.685209959999999683e+02 4.412149959999999851e+02
6.233140260000000126e+02 4.167850040000000149e+02
6.571170039999999517e+02 4.526650089999999977e+02
6.310109860000000026e+02 4.439620059999999739e+02
6.320939939999999524e+02 4.268290099999999825e+02
6.657769779999999855e+02 4.416860050000000228e+02
6.735949709999999868e+02 4.150849910000000023e+02
6.533449709999999868e+02 4.396679990000000089e+02
6.107830199999999650e+02 4.205069889999999759e+02
6.668250120000000152e+02 4.305190119999999752e+02
6.811630249999999478e+02 4.333580019999999990e+02
6.836710209999999961e+02 4.225050049999999828e+02
6.750219730000000027e+02 4.419039920000000166e+02
6.081719970000000330e+02 4.523370059999999739e+02
6.180750120000000152e+02 4.560740049999999997e+02
6.247020260000000462e+02 4.136120000000000232e+02
6.376810299999999643e+02 4.063559880000000248e+02
6.201450200000000450e+02 3.948659969999999930e+02
6.540869750000000522e+02 4.650329899999999839e+02
6.514669800000000350e+02 4.394419859999999858e+02
6.425460209999999961e+02 4.078349910000000023e+02
6.537910160000000133e+02 4.539150089999999977e+02
6.624130249999999478e+02 4.186690060000000244e+02
6.137940059999999676e+02 4.285650019999999927e+02
6.199760129999999663e+02 3.903919980000000010e+02
6.722780149999999821e+02 4.388640139999999974e+02
6.488549799999999550e+02 4.548139949999999772e+02
6.705079960000000483e+02 4.283099980000000073e+02
6.450269779999999855e+02 4.435650019999999927e+02
6.589240109999999504e+02 3.980669859999999858e+02
6.272139889999999696e+02 4.241860050000000228e+02
6.204730220000000145e+02 3.830620119999999815e+02
6.597559810000000198e+02 4.278290099999999825e+02
6.169010009999999511e+02 4.558469850000000179e+02
6.159420169999999644e+02 4.207479860000000258e+02
6.196820069999999987e+02 3.962619930000000181e+02
6.446040040000000317e+02 4.403710019999999759e+02
6.153750000000000000e+02 4.448479919999999765e+02
6.415000000000000000e+02 4.097860109999999736e+02
6.621480099999999993e+02 4.333590090000000146e+02
6.170280149999999821e+02 3.905700069999999755e+02
6.559719850000000179e+02 4.411390079999999898e+02
6.109509890000000496e+02 4.471279910000000086e+02
6.331309810000000198e+02 3.966180110000000241e+02
6.502230220000000145e+02 3.917070009999999911e+02
6.385020140000000310e+02 3.958500060000000076e+02
6.104000240000000304e+02 4.478080140000000142e+02
6.670729979999999841e+02 4.255899959999999851e+02
6.383289790000000039e+02 4.146010130000000231e+02
6.512089839999999867e+02 4.159270020000000159e+02
6.878599850000000515e+02 4.713659969999999930e+02
6.753679809999999861e+02 4.688750000000000000e+02
6.212080079999999498e+02 4.513840030000000070e+02
6.332999879999999848e+02 4.195580140000000142e+02
6.500540160000000469e+02 4.376359860000000026e+02
6.378519900000000007e+02 4.408800049999999828e+02
6.136580199999999650e+02 4.456010130000000231e+02
6.544799799999999550e+02 4.271319889999999759e+02
6.468750000000000000e+02 4.449930110000000241e+02
6.558740229999999656e+02 4.200820009999999911e+02
6.112839969999999994e+02 4.328940119999999752e+02
6.745750120000000152e+02 4.103299870000000169e+02
6.137369999999999663e+02 4.282049870000000169e+02
6.193959959999999683e+02 4.209240110000000072e+02
6.142429809999999861e+02 4.045129999999999768e+02
6.256939700000000357e+02 4.593779910000000086e+02
6.399210209999999961e+02 4.164849849999999947e+02
6.536259770000000344e+02 4.309700010000000248e+02
6.234739990000000489e+02 3.913529970000000162e+02
6.317760009999999511e+02 4.021690060000000244e+02
6.337680050000000165e+02 4.387179869999999937e+02
6.246599730000000363e+02 4.585440060000000244e+02
6.545269779999999855e+02 4.152139890000000264e+02
6.497990109999999504e+02 4.195729979999999841e+02
6.341140139999999974e+02 4.334500120000000152e+02
6.448170169999999644e+02 4.554010010000000079e+02
6.326370239999999967e+02 3.928349910000000023e+02
6.297440189999999802e+02 4.222390139999999974e+02
6.455750120000000152e+02 4.237919919999999934e+02
6.150490109999999504e+02 4.243640139999999974e+02
6.586010129999999663e+02 4.003399959999999851e+02
6.380759890000000496e+02 3.955190119999999752e+02
6.410590210000000297e+02 4.221019900000000007e+02
6.126719970000000330e+02 4.541499939999999924e+02
6.114920039999999517e+02 4.020350040000000149e+02
6.720750120000000152e+02 4.619280089999999745e+02
6.367869869999999537e+02 4.002609860000000026e+02
6.193070069999999987e+02 4.070140079999999898e+02
6.379219970000000330e+02 3.962600100000000225e+02
6.583220209999999497e+02 4.271059880000000248e+02
6.179680180000000291e+02 4.395499879999999848e+02
6.598079830000000356e+02 4.376860050000000228e+02
6.381229859999999690e+02 4.029479979999999841e+02
6.533619999999999663e+02 4.453770139999999742e+02
6.205590210000000297e+02 3.831549989999999752e+02
6.775889889999999696e+02 4.314809880000000248e+02
6.396209720000000516e+02 4.228840030000000070e+02
6.385590210000000297e+02 4.481350100000000225e+02
6.398880000000000337e+02 3.942449950000000172e+02
6.277260129999999663e+02 4.501499939999999924e+02
6.299260249999999814e+02 4.104970089999999914e+02
6.304169920000000502e+02 3.908699950000000172e+02
6.446290279999999484e+02 4.145950010000000248e+02
6.424210209999999961e+02 4.475249939999999924e+02
6.489110110000000304e+02 4.060320130000000063e+02
6.630499879999999848e+02 4.226369930000000181e+02
6.477559810000000198e+02 3.971130069999999819e+02
6.328930050000000165e+02 4.422600100000000225e+02
6.426430050000000165e+02 4.011510010000000079e+02
6.873449709999999868e+02 4.145440060000000244e+02
6.183239750000000186e+02 4.475790099999999825e+02
6.462730099999999993e+02 3.936679990000000089e+02
6.596539920000000166e+02 4.003349910000000023e+02
6.674299929999999677e+02 4.126759950000000003e+02
6.641799929999999677e+02 4.425129999999999768e+02
6.525120239999999967e+02 4.493439940000000092e+02
6.657730099999999993e+02 4.513330080000000066e+02
6.943120119999999815e+02 3.892149959999999851e+02
6.451760249999999814e+02 4.282550049999999828e+02
6.351510009999999511e+02 4.420690000000000168e+02
6.499290160000000469e+02 4.314089969999999994e+02
6.483400269999999637e+02 4.153760070000000155e+02
6.213439939999999524e+02 4.288569949999999835e+02
6.214580079999999498e+02 3.921740110000000072e+02
6.160969850000000179e+02 4.416480099999999993e+02
6.277219850000000179e+02 4.164760130000000231e+02
6.349899900000000343e+02 4.490280149999999821e+02
6.445939939999999524e+02 4.366099849999999947e+02
6.123759770000000344e+02 4.110289920000000166e+02
6.438540040000000317e+02 4.090220029999999838e+02
6.815319819999999709e+02 4.302850040000000149e+02
6.292230220000000145e+02 4.173699950000000172e+02
6.400830079999999498e+02 4.227359920000000102e+02
6.326170039999999517e+02 3.894500120000000152e+02
6.645059810000000198e+02 4.020440060000000244e+02
6.889039920000000166e+02 4.002650150000000053e+02
6.287189939999999524e+02 3.940899959999999851e+02
6.718270260000000462e+02 4.405369870000000105e+02
6.187429809999999861e+02 4.158150019999999927e+02
6.197230220000000145e+02 4.203250120000000152e+02
6.566389769999999544e+02 4.359679869999999937e+02
6.093209839999999531e+02 4.112969969999999762e+02
6.556350099999999657e+02 4.270060119999999984e+02
6.569699709999999868e+02 4.443089899999999943e+02
6.602269900000000007e+02 4.345899959999999851e+02
6.709099730000000363e+02 4.334330140000000142e+02
6.426950070000000323e+02 3.853219910000000255e+02
6.807009890000000496e+02 4.169370119999999815e+02
6.664249879999999848e+02 4.030100100000000225e+02
6.460949709999999868e+02 4.402739869999999769e+02
6.338350219999999808e+02 4.451159969999999930e+02
6.411179809999999861e+02 4.532370000000000232e+02
6.691510009999999511e+02 4.106730039999999917e+02
6.120469970000000330e+02 4.429400019999999927e+02
6.287630000000000337e+02 4.241059880000000248e+02
6.414660030000000006e+02 3.844679869999999937e+02
6.149320069999999987e+02 4.245759889999999928e+02
6.202100219999999808e+02 4.038670040000000085e+02
6.277739870000000337e+02 4.420020139999999742e+02
6.351040040000000317e+02 4.328280030000000238e+02
6.339249879999999848e+02 4.419309999999999832e+02
6.366929930000000013e+02 4.239639890000000264e+02
6.318430180000000291e+02 3.944270020000000159e+02
6.835399780000000192e+02 4.232609860000000026e+02
6.526560060000000476e+02 3.970469969999999762e+02
6.450070190000000139e+02 3.970960079999999834e+02
6.624609990000000153e+02 4.259590150000000222e+02
6.493590090000000146e+02 4.457839969999999994e+02
6.711760249999999814e+02 4.294729919999999765e+02
6.516049799999999550e+02 4.330260010000000079e+02
6.082470090000000482e+02 4.389540099999999825e+02
6.239290160000000469e+02 3.920629880000000185e+02
6.551220090000000482e+02 4.420060119999999984e+02
6.251010129999999663e+02 4.146900019999999927e+02
6.563040160000000469e+02 3.889010010000000079e+02
6.293179930000000013e+02 4.526610109999999736e+02
6.614790040000000317e+02 4.016650089999999977e+02
6.164450070000000323e+02 3.887000120000000152e+02
6.425579830000000356e+02 3.952160030000000006e+02
6.806300049999999828e+02 4.298590090000000146e+02
6.429370119999999815e+02 4.361239929999999845e+02
6.229819949999999835e+02 4.163989869999999769e+02
6.134039920000000166e+02 3.943909909999999854e+02
6.540859990000000153e+02 4.145820009999999911e+02
6.377390139999999974e+02 4.474219969999999762e+02
6.261829830000000356e+02 3.854630129999999895e+02
6.679219970000000330e+02 4.252799989999999752e+02
6.203549799999999550e+02 3.969440000000000168e+02
6.581069949999999835e+02 3.989419859999999858e+02
6.566589969999999994e+02 4.005230099999999993e+02
6.589489750000000186e+02 4.308989869999999769e+02
6.474400020000000495e+02 4.409689940000000092e+02
6.540700070000000323e+02 4.331059880000000248e+02
6.317369999999999663e+02 4.333330080000000066e+02
6.389080199999999650e+02 4.127999879999999848e+02
6.624260249999999814e+02 4.353879999999999768e+02
6.582449950000000172e+02 4.519540099999999825e+02
6.190260009999999511e+02 4.226440119999999752e+02
6.670339969999999994e+02 4.216619870000000105e+02
6.220700070000000323e+02 4.356919859999999858e+02
6.292020260000000462e+02 4.485400089999999977e+02
6.807780149999999821e+02 4.256740110000000072e+02
6.343189700000000357e+02 4.054270020000000159e+02
6.332299799999999550e+02 4.238320009999999911e+02
6.377249759999999696e+02 4.095629880000000185e+02
6.133499759999999696e+02 4.395580140000000142e+02
6.574349979999999505e+02 3.867359920000000102e+02
6.664379880000000185e+02 4.158009950000000003e+02
6.414929809999999861e+02 4.391130069999999819e+02
6.526030269999999973e+02 4.491029970000000162e+02
6.525850219999999808e+02 4.011120000000000232e+02
6.245269779999999855e+02 3.935260010000000079e+02
6.179619750000000522e+02 4.575509950000000003e+02
6.327760009999999511e+02 4.380669859999999858e+02
6.615800169999999980e+02 4.655830080000000066e+02
6.709400020000000495e+02 4.420769960000000083e+02
6.533010249999999814e+02 4.011419980000000010e+02
6.806699830000000020e+02 3.870360109999999736e+02
6.565419920000000502e+02 4.008179930000000013e+02
6.649390260000000126e+02 4.273020020000000159e+02
6.738339839999999867e+02 4.352539980000000241e+02
6.090130000000000337e+02 4.466530149999999821e+02
6.495629880000000185e+02 4.453689880000000016e+02
6.289080199999999650e+02 4.263370059999999739e+02
6.408330079999999498e+02 4.137990110000000072e+02
6.426160280000000284e+02 3.910029910000000086e+02
6.262890009999999847e+02 4.254849849999999947e+02
6.379160160000000133e+02 4.570039980000000241e+02
6.228629760000000033e+02 4.394140009999999847e+02
6.689069819999999709e+02 4.122090150000000222e+02
6.505120239999999967e+02 4.344909969999999930e+02
6.408720090000000482e+02 3.969540099999999825e+02
6.522650149999999485e+02 4.471029970000000162e+02
6.304509890000000496e+02 4.061669919999999934e+02
6.168980099999999993e+02 3.867179869999999937e+02
6.765819699999999557e+02 4.379930110000000241e+02
6.347650149999999485e+02 4.008729860000000258e+02
6.109069819999999709e+02 4.054039920000000166e+02
6.104849850000000515e+02 4.237590030000000070e+02
6.398099979999999505e+02 4.400119930000000181e+02
6.169110110000000304e+02 3.894920040000000085e+02
6.583729859999999690e+02 4.330799870000000169e+02
6.647119750000000522e+02 4.369129940000000261e+02
6.219829710000000205e+02 4.318269960000000083e+02
6.629210209999999961e+02 4.435650019999999927e+02
6.219030149999999821e+02 4.559920040000000085e+02
6.914630130000000463e+02 4.681759950000000003e+02
6.578079830000000356e+02 4.062860109999999736e+02
6.493679809999999861e+02 4.294500120000000152e+02
6.652399900000000343e+02 4.095950010000000248e+02
6.131060179999999491e+02 3.858150019999999927e+02
6.481489870000000337e+02 3.901390079999999898e+02
6.090399780000000192e+02 4.108670040000000085e+02
6.420050049999999828e+02 4.229460139999999910e+02
6.135300290000000132e+02 4.563789980000000241e+02
6.176400149999999485e+02 4.418479919999999765e+02
6.189190059999999676e+02 4.075809939999999756e+02
6.177260129999999663e+02 4.127149959999999851e+02
6.347160030000000006e+02 4.012439880000000016e+02
6.640789790000000039e+02 4.037019960000000083e+02
6.772630000000000337e+02 4.322349849999999947e+02
6.293020020000000159e+02 4.357869870000000105e+02
6.727540279999999484e+02 4.435849910000000023e+02
6.476129760000000033e+02 4.384700010000000248e+02
6.272420039999999517e+02 4.176759950000000003e+02
6.568889769999999544e+02 4.096149899999999775e+02
6.320440059999999676e+02 4.533739929999999845e+02
6.600000000000000000e+02 4.476130069999999819e+02
6.090889889999999696e+02 4.381510010000000079e+02
6.441090090000000146e+02 4.337430110000000241e+02
6.581500240000000304e+02 4.291310119999999984e+02
6.427160030000000006e+02 4.318269960000000083e+02
6.578170169999999644e+02 4.080700069999999755e+02
6.188140260000000126e+02 4.369230039999999917e+02
6.319329830000000356e+02 4.381839899999999943e+02
6.129879760000000033e+02 4.577560119999999984e+02
6.479769900000000007e+02 4.527619930000000181e+02
6.503599850000000515e+02 4.182479860000000258e+02
6.401160280000000284e+02 4.025280149999999821e+02
6.288200070000000323e+02 3.972260130000000231e+02
6.618759770000000344e+02 4.198739929999999845e+02
6.815789790000000039e+02 4.106979979999999841e+02
6.344110110000000304e+02 4.072600100000000225e+02
6.571240229999999656e+02 4.504809880000000248e+02
6.473460079999999834e+02 4.417470089999999914e+02
6.547399900000000343e+02 3.981780089999999745e+02
6.195170289999999795e+02 4.407149959999999851e+02
6.722680050000000165e+02 4.128039860000000090e+02
6.520280149999999821e+02 4.326539920000000166e+02
6.324190059999999676e+02 4.095020139999999742e+02
6.097379760000000033e+02 4.089060059999999908e+02
6.618449709999999868e+02 4.454460139999999910e+02
6.090449830000000020e+02 4.375029910000000086e+02
6.377810060000000476e+02 4.072099910000000023e+02
6.490599979999999505e+02 4.420050049999999828e+02
6.646480099999999993e+02 4.180400089999999977e+02
6.390079960000000483e+02 4.050920100000000161e+02
6.309030149999999821e+02 4.359460139999999910e+02
6.430280149999999821e+02 4.475929869999999937e+02
6.143549799999999550e+02 4.479630129999999895e+02
6.664500120000000152e+02 4.302330019999999990e+02
6.267780149999999821e+02 4.341369930000000181e+02
6.220289920000000166e+02 4.200979919999999765e+02
6.578759770000000344e+02 3.873540039999999749e+02
6.757689820000000509e+02 4.241979979999999841e+02
6.217030029999999670e+02 4.292470089999999914e+02
6.669940189999999802e+02 4.415859990000000153e+02
6.237449950000000172e+02 4.076510010000000079e+02
6.091959839999999531e+02 4.193620000000000232e+02
6.111069949999999835e+02 4.137120059999999739e+02
6.361480099999999993e+02 4.228640139999999974e+02
6.355520020000000159e+02 4.580379940000000261e+02
6.180490109999999504e+02 4.104630129999999895e+02
6.094479979999999841e+02 3.922170100000000161e+02
6.209760129999999663e+02 4.089739989999999921e+02
6.546649780000000192e+02 4.186480099999999993e+02
6.363040160000000469e+02 4.441099849999999947e+02
6.449940189999999802e+02 4.115100100000000225e+02
6.567960209999999961e+02 4.161109920000000102e+02
6.326879880000000185e+02 4.530490110000000072e+02
6.189899900000000343e+02 4.336619870000000105e+02
6.275159909999999854e+02 3.922049870000000169e+02
6.651909789999999703e+02 4.243150019999999927e+02
6.376770020000000159e+02 4.300710139999999910e+02
6.358099979999999505e+02 4.377650150000000053e+02
6.236339719999999716e+02 3.864660030000000006e+02
6.239229739999999538e+02 4.569599910000000023e+02
6.558159789999999703e+02 4.128320009999999911e+02
6.126309810000000198e+02 4.080039980000000241e+02
6.147650149999999485e+02 3.932690119999999752e+02
6.100640260000000126e+02 4.352460019999999759e+02
6.093099979999999505e+02 4.010000000000000000e+02
6.367000120000000152e+02 4.057420040000000085e+02
6.125349730000000363e+02 4.556229860000000258e+02
6.186820069999999987e+02 4.130899959999999851e+02
6.207470090000000482e+02 3.955000000000000000e+02
