2.289700009999999963e+02 2.819920040000000085e+02
1.892140049999999860e+02 3.227300109999999904e+02
1.885079959999999915e+02 2.820939940000000092e+02
2.167310029999999870e+02 2.844030149999999821e+02
2.171000060000000076e+02 3.532449950000000172e+02
2.389439999999999884e+02 3.365700069999999755e+02
2.529400019999999927e+02 3.426340030000000070e+02
2.421649930000000097e+02 2.743439940000000092e+02
1.856679990000000089e+02 3.356040039999999749e+02
2.571600040000000149e+02 2.810570069999999987e+02
2.714660030000000006e+02 2.800440060000000244e+02
1.850679930000000013e+02 2.709679869999999937e+02
2.684020080000000235e+02 3.268840030000000070e+02
1.938750000000000000e+02 3.423819889999999759e+02
1.797830050000000028e+02 3.154200129999999831e+02
1.766289979999999957e+02 3.500020139999999742e+02
2.488130040000000065e+02 2.790350040000000149e+02
2.417299959999999999e+02 2.822810059999999908e+02
1.944519960000000083e+02 3.631229860000000258e+02
1.763229980000000126e+02 3.202210079999999834e+02
2.275350039999999865e+02 3.636050109999999904e+02
2.237100069999999903e+02 2.762319949999999835e+02
2.095520019999999874e+02 3.422009889999999928e+02
1.938350069999999903e+02 2.739649959999999851e+02
2.285290070000000071e+02 2.801379999999999768e+02
1.948040009999999995e+02 3.251300049999999828e+02
2.090189970000000130e+02 3.440239869999999769e+02
2.704200129999999831e+02 3.256799930000000245e+02
2.175970000000000084e+02 3.067619930000000181e+02
2.539909969999999930e+02 3.429750060000000076e+02
1.875930020000000127e+02 3.329750060000000076e+02
1.798370060000000024e+02 2.840520020000000159e+02
2.698299870000000169e+02 3.438450010000000248e+02
1.752380070000000103e+02 3.518630069999999819e+02
1.911029969999999878e+02 2.816350100000000225e+02
1.835529940000000124e+02 3.405790099999999825e+02
1.941540070000000071e+02 2.837460019999999759e+02
1.987079929999999877e+02 2.808760070000000155e+02
2.334250030000000038e+02 3.428469850000000179e+02
2.302830050000000028e+02 3.442470089999999914e+02
1.719700009999999963e+02 3.582479860000000258e+02
1.866629939999999976e+02 2.803989869999999769e+02
1.915200040000000001e+02 3.349769900000000007e+02
1.804880070000000103e+02 3.286180110000000241e+02
2.052090000000000032e+02 2.831210019999999759e+02
2.228159939999999892e+02 2.742149959999999851e+02
2.719349980000000073e+02 2.993080140000000142e+02
1.904310000000000116e+02 2.779890139999999974e+02
1.942539979999999957e+02 3.549819949999999835e+02
2.618510130000000231e+02 2.780790099999999825e+02
1.765299990000000037e+02 3.435469969999999762e+02
1.876470030000000122e+02 2.830669859999999858e+02
1.807449949999999887e+02 3.026069949999999835e+02
1.860840000000000032e+02 3.208529970000000162e+02
2.498609920000000102e+02 3.702869870000000105e+02
1.911810000000000116e+02 3.499590150000000222e+02
2.311770019999999874e+02 2.746189880000000016e+02
2.385429990000000089e+02 2.791329959999999915e+02
2.716340030000000070e+02 3.654280089999999745e+02
2.213289949999999919e+02 2.755580140000000142e+02
1.755679930000000013e+02 3.539320069999999987e+02
1.786739959999999883e+02 2.841000060000000076e+02
1.794080050000000028e+02 3.679419859999999858e+02
2.284409939999999892e+02 3.445499879999999848e+02
2.168829959999999915e+02 3.179299930000000245e+02
2.289900049999999965e+02 2.736379999999999768e+02
1.727619929999999897e+02 3.245759889999999928e+02
1.923329929999999877e+02 3.444890139999999974e+02
2.719119870000000105e+02 3.213309939999999756e+02
2.471139980000000094e+02 3.300400089999999977e+02
1.918910060000000044e+02 3.438970029999999838e+02
1.792019960000000083e+02 3.460539860000000090e+02
2.234029999999999916e+02 2.814119870000000105e+02
2.712780149999999821e+02 3.321199950000000172e+02
2.621669919999999934e+02 2.828909909999999854e+02
2.711180110000000241e+02 3.594219969999999762e+02
1.971929930000000013e+02 3.496390079999999898e+02
1.856600039999999865e+02 2.774249879999999848e+02
2.081649930000000097e+02 3.447399899999999775e+02
1.844850010000000111e+02 3.392109990000000153e+02
1.780720059999999876e+02 3.572009889999999928e+02
1.846080019999999990e+02 3.490409849999999778e+02
1.742920070000000123e+02 3.605060119999999984e+02
2.082769930000000045e+02 2.725669859999999858e+02
2.281560059999999908e+02 2.797489929999999845e+02
1.848029940000000124e+02 2.751419980000000010e+02
1.751119999999999948e+02 3.685419919999999934e+02
2.081880040000000065e+02 3.425690000000000168e+02
1.927389980000000094e+02 3.380159909999999854e+02
2.111679990000000089e+02 2.791570130000000063e+02
2.057270049999999912e+02 2.715499879999999848e+02
1.845050050000000113e+02 3.672760010000000079e+02
1.886190029999999922e+02 2.753649899999999775e+02
2.177689970000000130e+02 3.482770080000000235e+02
2.166840060000000108e+02 3.477160030000000006e+02
1.999029999999999916e+02 2.828389890000000264e+02
1.768269960000000083e+02 2.715729979999999841e+02
1.933309940000000040e+02 2.837380069999999819e+02
2.681359860000000026e+02 2.762179869999999937e+02
2.720639949999999772e+02 3.218699950000000172e+02
2.476529999999999916e+02 3.448840030000000070e+02
2.048029940000000124e+02 3.011960139999999910e+02
1.741950070000000039e+02 3.571870119999999815e+02
2.554799959999999999e+02 2.860440060000000244e+02
2.309969940000000008e+02 2.751400150000000053e+02
2.710650019999999927e+02 2.871220089999999914e+02
2.397669980000000010e+02 2.813129880000000185e+02
2.004680020000000127e+02 3.356440119999999752e+02
1.885079959999999915e+02 3.299679869999999937e+02
1.978509980000000041e+02 3.295880129999999895e+02
2.578959960000000251e+02 3.443179930000000013e+02
1.854019930000000045e+02 2.785350040000000149e+02
1.831130070000000103e+02 3.291229860000000258e+02
2.374010010000000079e+02 2.761459960000000251e+02
1.864920040000000085e+02 3.661359860000000026e+02
1.842899930000000097e+02 3.336560059999999908e+02
2.075090030000000070e+02 2.781279910000000086e+02
1.733580019999999990e+02 2.812359920000000102e+02
1.721929930000000013e+02 3.648590090000000146e+02
1.825039979999999957e+02 3.499670100000000161e+02
1.842010040000000117e+02 2.719840090000000146e+02
1.768589939999999956e+02 3.168229979999999841e+02
1.738809970000000078e+02 3.113649899999999775e+02
2.082079929999999877e+02 3.419320069999999987e+02
2.392510069999999871e+02 2.776419980000000010e+02
1.886269990000000121e+02 3.404909969999999930e+02
2.047109989999999868e+02 3.002370000000000232e+02
2.178099980000000073e+02 2.716229860000000258e+02
2.386560059999999908e+02 2.753429869999999937e+02
1.914720000000000084e+02 3.470150150000000053e+02
1.812429960000000051e+02 3.389710079999999834e+02
1.932389980000000094e+02 2.769289860000000090e+02
1.850509950000000003e+02 2.716860050000000228e+02
1.720409999999999968e+02 2.861239929999999845e+02
2.399920040000000085e+02 2.775759889999999928e+02
1.882839969999999994e+02 3.228760070000000155e+02
1.915110019999999906e+02 3.466780089999999745e+02
2.257680049999999881e+02 2.795249939999999924e+02
1.838959959999999967e+02 2.749620059999999739e+02
2.232160030000000006e+02 3.449679869999999937e+02
1.791799929999999961e+02 2.796180110000000241e+02
2.432310029999999870e+02 2.775899959999999851e+02
2.283470000000000084e+02 3.446430050000000165e+02
1.836170040000000085e+02 3.525790099999999825e+02
1.793630070000000103e+02 3.435740049999999997e+02
2.238549959999999999e+02 2.820119930000000181e+02
1.883849950000000035e+02 3.212309880000000248e+02
1.838979950000000088e+02 3.451090090000000146e+02
1.719600069999999903e+02 3.146499939999999924e+02
1.867339939999999956e+02 3.402290039999999749e+02
2.633179930000000013e+02 2.726830140000000142e+02
1.719720000000000084e+02 3.498789980000000241e+02
2.710759889999999928e+02 2.865979919999999765e+02
2.438699949999999887e+02 2.710199890000000096e+02
1.886109920000000102e+02 3.589930110000000241e+02
1.836510010000000079e+02 2.805599980000000073e+02
2.316130070000000103e+02 2.738089899999999943e+02
2.134940029999999922e+02 2.753850100000000225e+02
2.547539979999999957e+02 2.826759950000000003e+02
2.212209929999999929e+02 3.440220029999999838e+02
1.950079959999999915e+02 3.223370059999999739e+02
2.175050050000000113e+02 3.424790039999999749e+02
1.784299929999999961e+02 3.442919919999999934e+02
2.084779969999999878e+02 2.803659969999999930e+02
1.724530029999999954e+02 3.089360050000000228e+02
2.173359989999999868e+02 3.153320009999999911e+02
2.014889980000000094e+02 2.761809999999999832e+02
1.994490049999999997e+02 3.470929869999999937e+02
1.842350010000000111e+02 2.793750000000000000e+02
2.211130070000000103e+02 2.727200010000000248e+02
1.957239989999999921e+02 2.830310059999999908e+02
2.348450009999999963e+02 2.836900019999999927e+02
1.777940059999999960e+02 3.628999939999999924e+02
2.599150089999999977e+02 2.804010010000000079e+02
1.832100069999999903e+02 3.301990049999999997e+02
2.316399989999999889e+02 2.729500120000000152e+02
2.236979980000000126e+02 3.445780030000000238e+02
1.814129939999999976e+02 3.198179930000000013e+02
2.282220000000000084e+02 2.738699950000000172e+02
2.060359950000000140e+02 2.757370000000000232e+02
1.947180020000000127e+02 2.836820069999999987e+02
1.721670070000000123e+02 3.118739929999999845e+02
1.785619959999999935e+02 3.212850040000000149e+02
1.727420040000000085e+02 3.047560119999999984e+02
2.679800109999999904e+02 2.779110109999999736e+02
1.941320039999999949e+02 2.789830019999999990e+02
2.176020049999999912e+02 3.365209960000000251e+02
2.592699890000000096e+02 2.733999939999999924e+02
1.908390049999999860e+02 3.700350040000000149e+02
2.711400150000000053e+02 3.458030089999999745e+02
2.174049990000000037e+02 3.570060119999999984e+02
2.002189940000000092e+02 2.807000120000000152e+02
2.001970059999999876e+02 3.363959960000000251e+02
1.780370029999999986e+02 3.436719969999999762e+02
1.938379970000000014e+02 3.413439940000000092e+02
1.850379939999999976e+02 3.593009950000000003e+02
1.871750030000000038e+02 3.156019900000000007e+02
1.857350010000000111e+02 3.670880129999999895e+02
2.462749939999999924e+02 3.299070130000000063e+02
1.943910060000000044e+02 3.633349910000000023e+02
1.910460050000000081e+02 2.766619870000000105e+02
2.271670070000000123e+02 2.773049930000000245e+02
2.008979950000000088e+02 2.803529970000000162e+02
2.044960020000000043e+02 3.248729860000000258e+02
1.851589969999999994e+02 3.473089899999999943e+02
2.336750030000000038e+02 2.747279970000000162e+02
1.819969940000000008e+02 3.122810059999999908e+02
2.577120059999999739e+02 2.751929930000000013e+02
2.184929960000000051e+02 3.611159969999999930e+02
1.747989959999999883e+02 3.498139949999999772e+02
2.055729980000000126e+02 2.821579899999999839e+02
2.274179990000000089e+02 2.723659969999999930e+02
1.763099980000000073e+02 3.660050049999999828e+02
2.168630070000000103e+02 3.269079899999999839e+02
1.791499939999999924e+02 3.667200010000000248e+02
2.462039949999999919e+02 3.420710139999999910e+02
1.750939940000000092e+02 3.219020080000000235e+02
2.560090030000000070e+02 3.319129940000000261e+02
1.842120060000000024e+02 3.402799989999999752e+02
1.745039979999999957e+02 3.699630129999999895e+02
1.788600010000000111e+02 3.246839899999999943e+02
1.880570069999999987e+02 3.238250120000000152e+02
2.393320009999999911e+02 3.668389890000000264e+02
2.599840090000000146e+02 3.462239989999999921e+02
2.178619999999999948e+02 2.980060119999999984e+02
1.970290070000000071e+02 3.427430110000000241e+02
1.772920070000000123e+02 2.780629880000000185e+02
1.852530059999999992e+02 3.657330019999999990e+02
1.952400049999999965e+02 2.814179990000000089e+02
1.805359950000000140e+02 2.836279910000000086e+02
2.718269960000000083e+02 2.925150150000000053e+02
1.936410060000000044e+02 3.262219850000000179e+02
1.841089939999999956e+02 3.558750000000000000e+02
1.865140079999999898e+02 3.529200129999999831e+02
1.739989930000000129e+02 3.111409909999999854e+02
1.963919980000000010e+02 2.780100100000000225e+02
2.072489930000000129e+02 2.824089969999999994e+02
2.683259889999999928e+02 2.798559880000000248e+02
1.746820069999999987e+02 3.303179930000000013e+02
2.597189940000000092e+02 2.789119870000000105e+02
2.399770049999999912e+02 2.740360109999999736e+02
2.716799930000000245e+02 3.466709900000000175e+02
1.825610049999999944e+02 3.380719910000000255e+02
2.009470059999999876e+02 3.398399959999999851e+02
2.517160030000000006e+02 2.740129999999999768e+02
1.840050050000000113e+02 3.423949890000000096e+02
2.512469940000000008e+02 2.730799870000000169e+02
1.979790040000000033e+02 3.377569889999999759e+02
2.048529969999999878e+02 3.431239929999999845e+02
1.829010010000000079e+02 3.517250060000000076e+02
2.163189999999999884e+02 2.891379999999999768e+02
1.782899930000000097e+02 3.081990049999999997e+02
1.751649930000000097e+02 2.729630129999999895e+02
1.880310059999999908e+02 3.300140079999999898e+02
1.871519930000000045e+02 3.312290039999999749e+02
2.356029969999999878e+02 2.774809880000000248e+02
1.855749969999999962e+02 2.740450129999999831e+02
2.261889950000000056e+02 3.627420040000000085e+02
1.830970000000000084e+02 3.215169980000000010e+02
1.892630000000000052e+02 2.723649899999999775e+02
