5.004500120000000152e+02 1.187809979999999968e+02
5.066350100000000225e+02 6.193800000000000239e+01
5.164019779999999855e+02 8.634400200000000325e+01
5.176649780000000192e+02 7.005799899999999525e+01
5.219580079999999498e+02 8.982800299999999538e+01
5.178959959999999683e+02 5.544599900000000048e+01
4.871289980000000241e+02 7.148200199999999427e+01
5.084259950000000003e+02 6.192399999999999949e+01
4.890310059999999908e+02 6.912500000000000000e+01
5.027430110000000241e+02 8.363400300000000698e+01
5.011430050000000165e+02 1.184349979999999931e+02
5.024519960000000083e+02 1.350840000000000032e+02
4.933110050000000228e+02 1.322799990000000037e+02
4.903760070000000155e+02 6.023899800000000226e+01
5.313640139999999974e+02 1.418849950000000035e+02
5.010100100000000225e+02 5.618199899999999758e+01
4.970480039999999917e+02 8.824700199999999484e+01
5.056040039999999749e+02 8.058699799999999414e+01
5.283759770000000344e+02 1.352489930000000129e+02
5.251909789999999703e+02 8.766200299999999856e+01
5.237020260000000462e+02 1.263369979999999941e+02
5.000199890000000096e+02 1.385200040000000001e+02
5.046839899999999943e+02 1.185640029999999996e+02
5.136069949999999835e+02 1.200240019999999959e+02
5.153579710000000205e+02 1.196849979999999931e+02
5.234660030000000006e+02 6.777300300000000277e+01
5.130859990000000153e+02 5.053799800000000175e+01
4.955719910000000255e+02 7.874500299999999697e+01
4.846530149999999821e+02 7.814700299999999800e+01
4.827520139999999742e+02 6.154700100000000162e+01
4.991419980000000010e+02 7.543299899999999525e+01
4.903259889999999928e+02 7.466899899999999946e+01
4.946289980000000241e+02 9.307599600000000351e+01
4.879750060000000076e+02 7.636000099999999691e+01
5.172739870000000337e+02 9.057099900000000048e+01
5.032780149999999821e+02 4.434799999999999898e+01
5.043859860000000026e+02 1.172929989999999947e+02
4.772900089999999977e+02 8.231800099999999532e+01
5.240469970000000330e+02 7.331999999999999318e+01
4.747380069999999819e+02 5.416700000000000159e+01
5.204219970000000330e+02 1.372799990000000037e+02
4.969100040000000149e+02 5.455099899999999735e+01
4.925350040000000149e+02 5.623500099999999691e+01
4.824559939999999756e+02 4.175400199999999984e+01
4.989739989999999921e+02 6.252199900000000099e+01
5.043680110000000241e+02 8.623500099999999691e+01
5.267379760000000033e+02 8.044499999999999318e+01
5.275109860000000026e+02 9.364299800000000573e+01
5.244030149999999821e+02 1.311640010000000132e+02
5.208499759999999696e+02 7.785600300000000118e+01
5.026740110000000072e+02 6.757499699999999621e+01
4.964349980000000073e+02 1.240149990000000031e+02
5.225839839999999867e+02 1.072440030000000064e+02
5.212100219999999808e+02 1.236220019999999948e+02
5.273969730000000027e+02 7.547100100000000111e+01
4.817699890000000096e+02 5.976499900000000309e+01
4.884739989999999921e+02 8.305400099999999952e+01
5.063810119999999984e+02 5.586299900000000207e+01
4.863150019999999927e+02 7.706700100000000475e+01
5.164990229999999656e+02 1.196019969999999972e+02
5.087170100000000161e+02 1.227229999999999990e+02
5.321129760000000033e+02 1.319720000000000084e+02
5.117160030000000006e+02 8.590599799999999675e+01
5.203809810000000198e+02 1.248109970000000004e+02
4.743940119999999752e+02 9.054399899999999946e+01
5.020690000000000168e+02 8.494499999999999318e+01
5.175250240000000304e+02 1.350850069999999903e+02
5.063370059999999739e+02 5.581199999999999761e+01
4.901010130000000231e+02 5.614699900000000099e+01
5.088150019999999927e+02 5.448300199999999904e+01
5.259949950000000172e+02 1.189530029999999954e+02
5.289680180000000291e+02 1.227139970000000062e+02
5.141439820000000509e+02 1.292760010000000079e+02
5.109509889999999928e+02 1.262539979999999957e+02
5.131669920000000502e+02 8.462799800000000516e+01
5.290889889999999696e+02 8.556500200000000689e+01
5.297500000000000000e+02 9.108499899999999627e+01
5.034590150000000222e+02 9.005400099999999952e+01
4.970469969999999762e+02 9.581900000000000261e+01
4.770109860000000026e+02 4.327899899999999889e+01
5.119779970000000162e+02 6.211200000000000188e+01
4.886560059999999908e+02 4.990999999999999659e+01
4.756229860000000258e+02 4.073599999999999710e+01
5.061189880000000016e+02 9.278399699999999939e+01
4.822869870000000105e+02 7.229699700000000462e+01
5.264190059999999676e+02 1.383410030000000006e+02
5.286010129999999663e+02 8.078900099999999895e+01
5.287340090000000146e+02 1.232160030000000006e+02
5.268020020000000159e+02 9.691500100000000373e+01
4.856149899999999775e+02 9.612599899999999309e+01
5.309180300000000443e+02 1.254980010000000021e+02
4.852239989999999921e+02 6.701200099999999793e+01
5.080499879999999848e+02 5.253799800000000175e+01
4.851409909999999854e+02 7.645600100000000054e+01
5.218540040000000317e+02 1.382059940000000040e+02
5.284790040000000317e+02 1.268519969999999972e+02
5.075329899999999839e+02 4.927100000000000080e+01
5.041270139999999742e+02 1.263440020000000032e+02
5.125009770000000344e+02 1.188219990000000053e+02
5.235850219999999808e+02 1.242259980000000041e+02
4.862460019999999759e+02 4.444300100000000242e+01
5.309340210000000297e+02 9.157900200000000268e+01
4.951950069999999755e+02 7.312100200000000427e+01
5.015499879999999848e+02 6.148899800000000226e+01
5.074700010000000248e+02 5.768699999999999761e+01
5.279379880000000185e+02 3.636099999999999710e+01
5.044049989999999752e+02 7.314700299999999800e+01
5.285689700000000357e+02 1.215019989999999979e+02
4.861669919999999934e+02 1.093479999999999990e+02
5.221459959999999683e+02 4.940399899999999889e+01
5.162639769999999544e+02 8.019799799999999834e+01
5.008219910000000255e+02 7.599500299999999697e+01
5.175380249999999478e+02 5.660900099999999924e+01
5.257500000000000000e+02 9.757299799999999834e+01
5.139370119999999815e+02 7.057099900000000048e+01
5.293289790000000039e+02 3.314099900000000076e+01
5.163140260000000126e+02 5.617399999999999949e+01
4.970599980000000073e+02 2.972400100000000123e+01
5.204949950000000172e+02 6.069699899999999815e+01
5.059129940000000261e+02 1.389230039999999917e+02
4.785840150000000222e+02 5.456800100000000242e+01
5.151199950000000172e+02 6.608699799999999414e+01
5.048229979999999841e+02 1.234039989999999989e+02
5.161829830000000356e+02 8.516200299999999856e+01
4.968179930000000013e+02 3.269200099999999765e+01
5.230770260000000462e+02 1.249599989999999963e+02
5.096789860000000090e+02 5.501499900000000309e+01
5.034460139999999910e+02 7.382199900000000525e+01
5.259320069999999987e+02 8.842199700000000462e+01
5.124110110000000304e+02 7.127400199999999586e+01
5.061849980000000073e+02 1.224319990000000047e+02
5.266030269999999973e+02 6.526599899999999366e+01
5.134270020000000159e+02 5.435300099999999901e+01
5.041289980000000241e+02 1.261340030000000070e+02
4.993859860000000026e+02 1.261439969999999988e+02
4.873190000000000168e+02 5.428699900000000156e+01
4.947690119999999752e+02 8.284600100000000111e+01
5.104689940000000092e+02 1.392100069999999903e+02
5.242689820000000509e+02 7.777500200000000063e+01
4.977460019999999759e+02 8.690699800000000153e+01
5.237119750000000522e+02 7.502400199999999586e+01
4.889849849999999947e+02 4.641899899999999946e+01
5.175889889999999696e+02 5.582199899999999815e+01
4.822550049999999828e+02 8.278500400000000070e+01
4.983489989999999921e+02 1.322270049999999912e+02
4.823309939999999756e+02 7.633899700000000621e+01
5.271119999999999663e+02 1.056880040000000065e+02
5.288800049999999828e+02 8.030400099999999952e+01
5.058659969999999930e+02 1.290240019999999959e+02
4.910530089999999745e+02 6.821900200000000325e+01
4.798460079999999834e+02 5.683700199999999825e+01
5.101040039999999749e+02 1.179779970000000020e+02
5.099609990000000153e+02 8.861599699999999302e+01
5.035329899999999839e+02 1.231340030000000070e+02
4.881870119999999815e+02 6.792299699999999518e+01
4.924509889999999928e+02 1.313849950000000035e+02
5.003890079999999898e+02 1.335399930000000097e+02
5.142059940000000324e+02 1.234159999999999968e+02
5.167230220000000145e+02 1.396490019999999959e+02
5.277990109999999504e+02 1.380939940000000092e+02
4.831749879999999848e+02 5.242100099999999685e+01
5.229680180000000291e+02 8.029399899999999946e+01
5.062900089999999977e+02 1.413569950000000119e+02
4.932609860000000026e+02 5.864300200000000274e+01
5.311900020000000495e+02 8.505500000000000682e+01
5.151649780000000192e+02 6.847399900000000628e+01
5.012919919999999934e+02 1.320180049999999881e+02
5.103450010000000248e+02 1.020370029999999986e+02
4.777319949999999835e+02 7.157199900000000525e+01
4.959630129999999895e+02 1.345919949999999972e+02
4.893229979999999841e+02 5.398899800000000226e+01
5.048330080000000066e+02 8.531300400000000650e+01
4.744960019999999759e+02 4.976100199999999774e+01
4.944670100000000161e+02 8.463700099999999793e+01
5.272979739999999538e+02 1.373600010000000111e+02
4.937000120000000152e+02 8.147799700000000200e+01
4.867699890000000096e+02 6.344300100000000242e+01
4.933269960000000083e+02 1.249130020000000059e+02
5.284559940000000324e+02 1.316459959999999967e+02
5.006740110000000072e+02 7.016000400000000070e+01
4.982380069999999819e+02 1.261969990000000053e+02
5.099070130000000063e+02 6.462500000000000000e+01
5.252490229999999656e+02 8.308899700000000621e+01
5.053970029999999838e+02 1.184059979999999968e+02
5.319359739999999874e+02 8.323400100000000634e+01
5.193540040000000317e+02 1.386060029999999870e+02
5.299899900000000343e+02 8.264600400000000491e+01
5.094159849999999778e+02 1.341100010000000111e+02
4.970679930000000013e+02 3.846900200000000325e+01
5.144660030000000006e+02 1.152590030000000070e+02
4.895539860000000090e+02 6.139799899999999866e+01
5.052269900000000007e+02 9.538300300000000220e+01
4.928450010000000248e+02 8.363500200000000007e+01
4.960409849999999778e+02 1.128700029999999970e+02
5.052600100000000225e+02 1.150240019999999959e+02
5.197260129999999663e+02 6.411399799999999516e+01
4.903890079999999898e+02 4.664899799999999885e+01
5.032890009999999847e+02 1.239779970000000020e+02
5.162050169999999980e+02 7.753299699999999461e+01
4.933190000000000168e+02 1.352599950000000035e+02
4.856340030000000070e+02 4.341999799999999965e+01
4.747810059999999908e+02 3.897700100000000134e+01
5.183690189999999802e+02 8.569499999999999318e+01
4.766000060000000076e+02 4.571799899999999894e+01
5.163020020000000159e+02 9.234100300000000061e+01
4.846969910000000255e+02 4.780899800000000255e+01
5.292500000000000000e+02 7.302999900000000366e+01
5.045979919999999765e+02 1.247809979999999968e+02
4.974179990000000089e+02 1.284299929999999961e+02
5.054630129999999895e+02 1.190719990000000053e+02
4.763919980000000010e+02 4.903399999999999892e+01
5.050159909999999854e+02 5.769800200000000245e+01
5.265819699999999557e+02 7.599500299999999697e+01
5.099920040000000085e+02 7.679200000000000159e+01
5.218489990000000489e+02 4.702299899999999866e+01
4.878710019999999759e+02 6.167599899999999735e+01
4.771310119999999984e+02 5.455400099999999952e+01
5.249630130000000463e+02 8.521900200000000325e+01
5.273670039999999517e+02 1.197249979999999994e+02
4.903020020000000159e+02 5.007899900000000315e+01
4.949899899999999775e+02 1.289210050000000081e+02
4.760809939999999756e+02 7.541100299999999379e+01
5.201010129999999663e+02 5.917499899999999968e+01
4.993309939999999756e+02 1.323359989999999868e+02
5.050140079999999898e+02 1.342010040000000117e+02
4.867380069999999819e+02 7.927899899999999889e+01
4.921659849999999778e+02 8.623300199999999904e+01
5.060570069999999987e+02 1.198730010000000021e+02
4.974949950000000172e+02 1.042839969999999994e+02
5.125709839999999531e+02 7.429799699999999518e+01
5.119830019999999990e+02 5.536200000000000188e+01
4.919859920000000102e+02 5.856300000000000239e+01
5.249349979999999505e+02 1.381439970000000130e+02
5.144080199999999650e+02 1.350160060000000044e+02
4.961319889999999759e+02 1.090759960000000035e+02
4.968039860000000090e+02 1.092200009999999963e+02
5.042090150000000222e+02 5.449000199999999694e+01
5.048030089999999745e+02 6.830200200000000166e+01
4.740790099999999825e+02 4.425699999999999790e+01
4.897290039999999749e+02 7.901499900000000309e+01
5.289810179999999491e+02 7.667400399999999649e+01
4.805050049999999828e+02 5.946799899999999894e+01
5.194849850000000515e+02 6.608299999999999841e+01
4.808429869999999937e+02 4.622600200000000115e+01
5.281010129999999663e+02 1.406719970000000046e+02
4.839800109999999904e+02 7.080999799999999311e+01
4.740610050000000228e+02 8.321900200000000325e+01
4.744230039999999917e+02 5.589199800000000096e+01
4.767370000000000232e+02 8.414800300000000277e+01
5.165369869999999537e+02 9.071499599999999930e+01
4.965010070000000155e+02 4.489400100000000293e+01
5.155770260000000462e+02 1.261630020000000059e+02
5.278989870000000337e+02 7.088999900000000309e+01
5.229299929999999677e+02 6.630899800000000255e+01
4.932839969999999994e+02 1.296130070000000103e+02
5.062879940000000261e+02 1.239260029999999944e+02
4.896940000000000168e+02 5.346900200000000325e+01
5.186019900000000007e+02 8.725399799999999573e+01
5.161259770000000344e+02 1.279729999999999990e+02
4.949819949999999835e+02 7.017800099999999475e+01
4.955350040000000149e+02 7.942199700000000462e+01
4.890790099999999825e+02 9.698500099999999691e+01
4.825610050000000228e+02 4.164300200000000274e+01
5.174390260000000126e+02 8.657700300000000482e+01
5.238870239999999967e+02 8.284899900000000628e+01
5.292059940000000324e+02 1.410449979999999925e+02
5.232969970000000330e+02 1.304069979999999873e+02
4.912380069999999819e+02 8.573600000000000421e+01
5.208259890000000496e+02 9.470600100000000054e+01
5.320549929999999677e+02 1.227239990000000063e+02
5.243519900000000007e+02 1.320769960000000083e+02
5.073429869999999937e+02 1.348300020000000075e+02
4.922399899999999775e+02 1.271670000000000016e+02
4.970509950000000003e+02 1.081110000000000042e+02
5.285759890000000496e+02 9.406400299999999959e+01
5.198699950000000172e+02 5.599200100000000191e+01
5.236519779999999855e+02 1.156380000000000052e+02
5.055480039999999917e+02 6.554699700000000462e+01
4.972879940000000261e+02 1.168619999999999948e+02
