6.567730099999999993e+02 1.175899959999999993e+02
6.469520260000000462e+02 1.218840030000000070e+02
6.383939820000000509e+02 8.655999799999999311e+01
6.399050290000000132e+02 1.113990019999999959e+02
6.446380000000000337e+02 1.022099989999999963e+02
6.319530029999999670e+02 9.027600099999999372e+01
6.452719730000000027e+02 8.961499799999999993e+01
6.319229739999999538e+02 1.244339980000000025e+02
6.561099850000000515e+02 1.361360019999999906e+02
6.595770260000000462e+02 1.018939969999999988e+02
6.471690059999999676e+02 1.718280029999999954e+02
6.433829960000000483e+02 1.435820009999999911e+02
6.195590210000000297e+02 1.365720059999999876e+02
6.566480099999999993e+02 1.236179960000000051e+02
6.585230099999999993e+02 1.253389970000000062e+02
6.652000120000000152e+02 1.367500000000000000e+02
6.352449950000000172e+02 1.037949980000000068e+02
6.396259770000000344e+02 1.443659969999999930e+02
6.391989750000000186e+02 1.420879970000000014e+02
6.338439939999999524e+02 8.447100100000000111e+01
6.233720090000000482e+02 1.125619959999999935e+02
6.397579960000000483e+02 8.747899599999999509e+01
6.457260129999999663e+02 1.690950009999999963e+02
6.286119999999999663e+02 1.035400010000000037e+02
6.569520260000000462e+02 1.505229950000000088e+02
6.438140260000000126e+02 7.036199999999999477e+01
6.292509770000000344e+02 1.483979950000000088e+02
6.534580079999999498e+02 7.761499799999999993e+01
6.550280149999999821e+02 1.105530009999999947e+02
6.427150269999999637e+02 2.419500000000000028e+01
6.247199709999999868e+02 9.698799900000000207e+01
6.364949950000000172e+02 1.293189999999999884e+02
6.565339969999999994e+02 1.271340030000000070e+02
6.616199950000000172e+02 1.504069979999999873e+02
6.351480099999999993e+02 7.822899599999999509e+01
6.272700200000000450e+02 1.546109920000000102e+02
6.282769779999999855e+02 8.709300199999999847e+01
6.485599979999999505e+02 2.952199900000000099e+01
6.269949950000000172e+02 1.175630040000000065e+02
6.436389769999999544e+02 9.418900299999999959e+01
6.569219970000000330e+02 1.302969970000000046e+02
6.176329960000000483e+02 1.511959990000000005e+02
6.294149780000000192e+02 1.145479969999999952e+02
6.179450070000000323e+02 1.627539979999999957e+02
6.243720090000000482e+02 1.325070039999999949e+02
6.587230220000000145e+02 1.381970059999999876e+02
6.605440059999999676e+02 9.750900300000000698e+01
6.359819949999999835e+02 1.167129970000000014e+02
6.242160030000000006e+02 1.332960050000000081e+02
6.489299929999999677e+02 7.958699799999999414e+01
6.257940059999999676e+02 1.630970000000000084e+02
6.311710209999999961e+02 1.636100010000000111e+02
6.620830079999999498e+02 1.084400020000000069e+02
6.575250240000000304e+02 1.207350009999999969e+02
6.622949830000000020e+02 1.384620060000000024e+02
6.285310060000000476e+02 1.500919949999999972e+02
6.491669920000000502e+02 7.449500299999999697e+01
6.426149900000000343e+02 7.023600000000000421e+01
6.231909789999999703e+02 3.866899899999999946e+01
6.593959959999999683e+02 8.901899699999999882e+01
6.379810179999999491e+02 7.563600200000000484e+01
6.275560299999999643e+02 1.561959990000000005e+02
6.513369750000000522e+02 8.252800000000000580e+01
6.611489870000000337e+02 1.127730030000000028e+02
6.766209720000000516e+02 1.409889980000000094e+02
6.598660280000000284e+02 1.456360019999999906e+02
6.606489870000000337e+02 1.460570069999999987e+02
6.437880249999999478e+02 7.988800000000000523e+01
6.477589719999999716e+02 1.204810030000000012e+02
6.247219850000000179e+02 1.073809969999999936e+02
6.507529909999999518e+02 1.062750020000000006e+02
6.911719970000000330e+02 6.683599900000000105e+01
6.440380249999999478e+02 1.580980069999999955e+02
6.309619750000000522e+02 1.642680049999999881e+02
6.384290160000000469e+02 6.983299999999999841e+01
6.530000000000000000e+02 1.176880040000000065e+02
6.257349850000000515e+02 1.297599950000000035e+02
6.295000000000000000e+02 1.629340060000000108e+02
6.305070190000000139e+02 1.681439970000000130e+02
6.259359739999999874e+02 1.126589969999999994e+02
6.264699709999999868e+02 1.286329959999999915e+02
6.468150020000000495e+02 1.325099950000000035e+02
6.447700200000000450e+02 1.298549959999999999e+02
6.515280149999999821e+02 1.384029999999999916e+02
6.457630000000000337e+02 1.211699980000000068e+02
6.576439820000000509e+02 4.418500099999999975e+01
6.346240229999999656e+02 9.268499799999999311e+01
6.343259890000000496e+02 1.389049990000000037e+02
6.568270260000000462e+02 1.705740049999999997e+02
6.440830079999999498e+02 8.588999900000000309e+01
6.459910280000000284e+02 7.643599700000000041e+01
6.276040040000000317e+02 1.291759950000000003e+02
6.336589969999999994e+02 7.955500000000000682e+01
6.451439820000000509e+02 1.002360000000000042e+02
6.455520020000000159e+02 1.673309940000000040e+02
6.319000240000000304e+02 9.206300400000000650e+01
6.425000000000000000e+02 8.783899700000000621e+01
6.311810299999999643e+02 9.057800299999999538e+01
6.254439700000000357e+02 1.455469970000000046e+02
6.204790040000000317e+02 1.232519989999999979e+02
6.346220090000000482e+02 1.630409999999999968e+02
6.582680050000000165e+02 1.003759989999999931e+02
6.267379760000000033e+02 1.528939970000000130e+02
6.439990229999999656e+02 1.367050020000000075e+02
6.275689700000000357e+02 1.357949979999999925e+02
6.193649900000000343e+02 8.989900199999999586e+01
6.465360110000000304e+02 1.138880000000000052e+02
6.223029790000000503e+02 9.693800400000000650e+01
6.593410030000000006e+02 9.680999799999999311e+01
6.718939820000000509e+02 4.397299999999999898e+01
6.612899780000000192e+02 1.260650020000000069e+02
6.574959720000000516e+02 1.139509960000000035e+02
6.576500240000000304e+02 1.606020049999999912e+02
6.772399900000000343e+02 1.713240049999999997e+02
6.450050049999999828e+02 1.673359989999999868e+02
6.396079710000000205e+02 1.234260029999999944e+02
6.563690189999999802e+02 1.102160030000000006e+02
6.507100219999999808e+02 1.239530029999999954e+02
6.621459959999999683e+02 1.652400049999999965e+02
6.299660030000000006e+02 1.180339969999999994e+02
6.340399780000000192e+02 1.413979950000000088e+02
6.520709839999999531e+02 1.279309999999999974e+02
6.463709720000000516e+02 1.125770030000000048e+02
6.424409789999999703e+02 6.510299700000000200e+01
6.474060060000000476e+02 1.653950040000000001e+02
6.343820190000000139e+02 1.330319979999999873e+02
6.419119869999999537e+02 6.942199700000000462e+01
6.442979739999999538e+02 1.126880040000000065e+02
6.390520020000000159e+02 1.104120029999999986e+02
6.447990109999999504e+02 1.412610019999999906e+02
6.392169800000000350e+02 1.079329989999999952e+02
6.198950200000000450e+02 1.073140029999999996e+02
6.321160280000000284e+02 9.524500299999999697e+01
6.578629760000000033e+02 6.583699799999999414e+01
6.452949830000000020e+02 1.052929989999999947e+02
6.508759770000000344e+02 1.654040070000000071e+02
6.178670039999999517e+02 1.225630040000000065e+02
6.254780269999999973e+02 1.192149959999999993e+02
6.589359739999999874e+02 1.454559940000000040e+02
6.604409789999999703e+02 9.757599600000000351e+01
6.574780269999999973e+02 7.572399900000000628e+01
6.493040160000000469e+02 1.176940000000000026e+02
6.272949830000000020e+02 9.730300099999999475e+01
6.297509770000000344e+02 1.060660019999999975e+02
6.205869750000000522e+02 9.295799999999999841e+01
6.448939820000000509e+02 8.060800199999999904e+01
6.390499879999999848e+02 1.204909969999999930e+02
6.393200070000000323e+02 1.413399960000000135e+02
6.390859990000000153e+02 1.539649960000000135e+02
6.463599850000000515e+02 1.572940059999999960e+02
6.348740229999999656e+02 1.380659939999999892e+02
6.574010009999999511e+02 2.692099999999999937e+01
6.317540279999999484e+02 1.476289979999999957e+02
6.608229979999999841e+02 1.353470000000000084e+02
6.496370239999999967e+02 8.258400000000000318e+01
6.288950200000000450e+02 7.709699999999999420e+01
6.464920039999999517e+02 1.528970030000000122e+02
6.264310299999999643e+02 1.257030029999999954e+02
6.192340090000000146e+02 1.463520049999999912e+02
6.537899780000000192e+02 1.139909969999999930e+02
6.192910160000000133e+02 1.697769930000000045e+02
6.353090210000000297e+02 1.528110049999999944e+02
6.226879880000000185e+02 1.254570010000000053e+02
6.585469970000000330e+02 1.314810029999999870e+02
6.436060179999999491e+02 1.567610019999999906e+02
6.519609990000000153e+02 1.044380040000000065e+02
6.496480099999999993e+02 1.310330050000000028e+02
6.541900020000000495e+02 1.235719990000000053e+02
6.357189939999999524e+02 1.615420070000000123e+02
6.280100099999999657e+02 7.984799999999999898e+01
6.268369750000000522e+02 1.473139950000000056e+02
6.284439700000000357e+02 1.180149990000000031e+02
6.194959720000000516e+02 1.543150019999999927e+02
6.463159789999999703e+02 1.137750020000000006e+02
6.463560179999999491e+02 7.627100400000000491e+01
6.458590090000000146e+02 9.037599899999999309e+01
6.307390139999999974e+02 7.579399899999999946e+01
6.226989750000000186e+02 1.622769930000000045e+02
6.328430180000000291e+02 1.233529970000000020e+02
6.512390139999999974e+02 1.717709959999999967e+02
6.505579830000000356e+02 9.282399700000000564e+01
6.181950070000000323e+02 1.326380000000000052e+02
6.471400149999999485e+02 1.087570039999999949e+02
6.753179930000000013e+02 1.351109920000000102e+02
6.524769900000000007e+02 1.214759980000000041e+02
6.287109990000000153e+02 2.878399999999999892e+01
6.227189939999999524e+02 1.038050000000000068e+02
6.271459959999999683e+02 1.093799970000000030e+02
6.578339839999999867e+02 7.150700399999999490e+01
6.558649900000000343e+02 9.973600000000000421e+01
6.350570069999999987e+02 9.988999900000000309e+01
6.352869869999999537e+02 9.220500199999999325e+01
6.265209959999999683e+02 1.509949949999999887e+02
6.400490109999999504e+02 1.093639979999999952e+02
6.480689700000000357e+02 1.028730010000000021e+02
6.226799929999999677e+02 9.645200300000000482e+01
6.242719730000000027e+02 1.201670000000000016e+02
6.371589969999999994e+02 7.338099699999999359e+01
6.543640139999999974e+02 1.645700070000000039e+02
6.400499879999999848e+02 1.256009980000000041e+02
6.474879760000000033e+02 1.179579999999999984e+02
6.373090210000000297e+02 8.887300100000000214e+01
6.285200200000000450e+02 1.714900049999999965e+02
6.471909789999999703e+02 1.527079929999999877e+02
6.225549929999999677e+02 1.555030059999999992e+02
6.190709839999999531e+02 1.358459929999999929e+02
6.230369869999999537e+02 8.480500000000000682e+01
6.344890139999999974e+02 8.407499699999999621e+01
6.231740109999999504e+02 1.298970030000000122e+02
6.371560060000000476e+02 7.119400000000000261e+01
6.392839969999999994e+02 1.554199979999999925e+02
6.605780029999999670e+02 1.186829989999999952e+02
6.273930050000000165e+02 9.618800400000000650e+01
6.763170169999999644e+02 1.720039979999999957e+02
6.508060299999999643e+02 1.492209929999999929e+02
6.451339719999999716e+02 1.607310029999999870e+02
6.203049929999999677e+02 1.367590030000000070e+02
6.201589969999999994e+02 1.650720059999999876e+02
6.504180300000000443e+02 1.483659969999999930e+02
6.628800049999999828e+02 1.145820010000000053e+02
6.305939939999999524e+02 1.009970019999999948e+02
6.398469850000000179e+02 1.460729980000000126e+02
6.318499759999999696e+02 1.689089969999999994e+02
6.314060060000000476e+02 1.681959990000000005e+02
6.579589839999999867e+02 7.423999799999999993e+01
6.253400269999999637e+02 1.068519969999999972e+02
6.508410030000000006e+02 1.456280059999999992e+02
6.403909909999999854e+02 7.183699799999999414e+01
6.518950200000000450e+02 1.009229969999999952e+02
6.609849850000000515e+02 9.401100200000000484e+01
6.204140009999999847e+02 9.215000200000000063e+01
6.237230220000000145e+02 8.680500000000000682e+01
6.370239870000000337e+02 1.628130040000000065e+02
6.283900149999999485e+02 8.857499699999999621e+01
6.218779909999999518e+02 6.782199900000000525e+01
6.506259770000000344e+02 7.438400300000000698e+01
6.254520260000000462e+02 1.479290009999999995e+02
6.963250120000000152e+02 8.225000000000000000e+01
6.839470209999999497e+02 7.462000299999999697e+01
6.488250120000000152e+02 1.325079959999999915e+02
6.319660030000000006e+02 8.950199899999999786e+01
6.948610230000000456e+02 1.692140049999999860e+02
6.421920169999999644e+02 1.181470029999999980e+02
6.488549799999999550e+02 1.673150019999999927e+02
6.239060060000000476e+02 1.183840030000000070e+02
6.279270020000000159e+02 1.531750030000000038e+02
6.415390009999999847e+02 1.225179980000000057e+02
6.237949830000000020e+02 1.216999969999999962e+02
6.590219730000000027e+02 1.474439999999999884e+02
6.440930180000000291e+02 8.766799899999999468e+01
6.489390260000000126e+02 7.088400300000000698e+01
6.567230220000000145e+02 1.181989970000000056e+02
6.774279790000000503e+02 3.525799899999999809e+01
6.579260249999999814e+02 1.109159999999999968e+02
6.395789790000000039e+02 8.386499799999999993e+01
6.334710079999999834e+02 1.092870029999999986e+02
6.589039920000000166e+02 3.254700100000000162e+01
6.589099730000000363e+02 1.019570010000000053e+02
6.501840210000000297e+02 8.712899799999999573e+01
6.413430180000000291e+02 9.027200299999999800e+01
6.678419800000000350e+02 8.095500199999999325e+01
6.217020260000000462e+02 1.646410060000000044e+02
6.613569949999999835e+02 1.407239989999999921e+02
6.250720209999999497e+02 5.906199999999999761e+01
6.472030029999999670e+02 1.244329989999999952e+02
6.427500000000000000e+02 1.269199980000000068e+02
6.258510129999999663e+02 1.563410030000000006e+02
6.221209720000000516e+02 1.366880040000000065e+02
6.905560299999999643e+02 1.075339969999999994e+02
6.504349979999999505e+02 1.694429930000000013e+02
6.393099979999999505e+02 1.126920010000000048e+02
6.474829710000000205e+02 8.477600099999999372e+01
6.430419920000000502e+02 1.022490010000000069e+02
6.498419800000000350e+02 1.508229980000000126e+02
6.446209720000000516e+02 1.385140079999999898e+02
6.595319819999999709e+02 5.280300100000000185e+01
6.292030029999999670e+02 1.504230039999999917e+02
6.343229979999999841e+02 1.517519990000000121e+02
6.468729859999999690e+02 7.021900200000000325e+01
6.248750000000000000e+02 1.682810059999999908e+02
6.445739750000000186e+02 1.095989990000000063e+02
6.460059810000000198e+02 1.018590010000000063e+02
6.205339969999999994e+02 1.640189970000000130e+02
6.599730220000000145e+02 9.918800400000000650e+01
6.255079960000000483e+02 1.254950029999999970e+02
6.731550290000000132e+02 1.490840000000000032e+02
6.438880000000000337e+02 9.006099700000000041e+01
6.186389769999999544e+02 1.439609989999999868e+02
6.377139889999999696e+02 1.226060030000000012e+02
6.748449709999999868e+02 9.143599700000000041e+01
6.305150149999999485e+02 8.143900299999999959e+01
6.388220209999999497e+02 1.199639970000000062e+02
6.576760249999999814e+02 1.107949980000000068e+02
6.393649900000000343e+02 1.637310029999999870e+02
6.289899900000000343e+02 1.452409969999999930e+02
6.190570069999999987e+02 1.191829989999999952e+02
6.290850219999999808e+02 1.147880020000000059e+02
6.505540160000000469e+02 1.719120029999999986e+02
6.504110110000000304e+02 1.441759950000000003e+02
6.339829710000000205e+02 8.175700399999999490e+01
6.440339969999999994e+02 1.720099950000000035e+02
6.352340090000000146e+02 8.106500200000000689e+01
6.345139769999999544e+02 1.302630000000000052e+02
6.626500240000000304e+02 1.368990019999999959e+02
6.336660160000000133e+02 8.095099600000000351e+01
6.319959720000000516e+02 1.367559970000000078e+02
6.379920039999999517e+02 1.129420010000000048e+02
6.876380000000000337e+02 3.758700199999999825e+01
6.399669800000000350e+02 1.629750060000000076e+02
6.306890260000000126e+02 1.456959990000000005e+02
6.399509890000000496e+02 9.234899900000000628e+01
6.944390260000000126e+02 1.634120029999999986e+02
6.766779790000000503e+02 1.500890049999999860e+02
6.263099979999999505e+02 1.134670030000000054e+02
6.193519900000000007e+02 1.657579959999999915e+02
6.455399780000000192e+02 1.146979979999999983e+02
6.207219850000000179e+02 1.693060000000000116e+02
6.541760249999999814e+02 1.688520049999999912e+02
6.369130249999999478e+02 1.418990019999999959e+02
6.520529790000000503e+02 9.048100300000000118e+01
6.370399780000000192e+02 1.375489959999999883e+02
6.252860110000000304e+02 6.130199799999999755e+01
6.507130130000000463e+02 7.252400199999999586e+01
6.298530269999999973e+02 9.401000200000000007e+01
6.528109739999999874e+02 2.820599899999999849e+01
6.475339969999999994e+02 1.211800000000000068e+02
6.477239990000000489e+02 7.080200200000000166e+01
6.221630249999999478e+02 1.306900019999999927e+02
6.483709720000000516e+02 1.089660030000000006e+02
6.508800049999999828e+02 7.918599700000000041e+01
