5.639829710000000205e+02 1.903060000000000116e+02
6.130549929999999677e+02 1.985570069999999987e+02
5.360919800000000350e+02 2.432669980000000010e+02
5.391090090000000146e+02 2.157550050000000113e+02
6.132379760000000033e+02 1.771569979999999873e+02
5.444669800000000350e+02 2.050310059999999908e+02
5.826770020000000159e+02 2.152590030000000070e+02
6.134689939999999524e+02 2.390930020000000127e+02
5.499359739999999874e+02 2.075590060000000108e+02
6.088489990000000489e+02 2.483070069999999987e+02
6.122940059999999676e+02 1.731920010000000048e+02
5.606129760000000033e+02 2.003130040000000065e+02
5.575460209999999961e+02 1.836629939999999976e+02
5.344010009999999511e+02 1.910180049999999881e+02
5.357150269999999637e+02 2.145169980000000010e+02
6.007620239999999967e+02 2.624899899999999775e+02
5.719970090000000482e+02 1.852550050000000113e+02
6.013170169999999644e+02 1.846810000000000116e+02
6.118289790000000039e+02 2.048730009999999879e+02
5.546890260000000126e+02 2.370959929999999929e+02
5.701350099999999657e+02 1.813159939999999892e+02
5.443980099999999993e+02 2.020370029999999986e+02
5.558400269999999637e+02 1.826719970000000046e+02
6.122509770000000344e+02 2.192469940000000008e+02
5.541329960000000483e+02 1.894640049999999860e+02
6.059760129999999663e+02 2.110399930000000097e+02
5.514569699999999557e+02 2.391320039999999949e+02
6.137299799999999550e+02 1.807270049999999912e+02
5.580759890000000496e+02 1.831210020000000043e+02
6.140349730000000363e+02 2.124389950000000056e+02
6.008720090000000482e+02 2.600580140000000142e+02
5.689219970000000330e+02 2.177689970000000130e+02
5.785520020000000159e+02 1.761759950000000003e+02
5.971229859999999690e+02 2.519969940000000008e+02
6.074160160000000133e+02 1.883769990000000121e+02
6.024130249999999478e+02 1.942689970000000130e+02
6.128790279999999484e+02 2.586610109999999736e+02
6.089110110000000304e+02 1.995440059999999960e+02
6.085800169999999980e+02 1.993040009999999995e+02
5.614240109999999504e+02 2.182709959999999967e+02
6.078790279999999484e+02 2.671929930000000013e+02
6.152750240000000304e+02 2.525899960000000135e+02
5.586599730000000363e+02 2.261020049999999912e+02
5.786909789999999703e+02 2.157790070000000071e+02
5.455150149999999485e+02 2.050619959999999935e+02
6.009019779999999855e+02 2.131959990000000005e+02
5.519520260000000462e+02 2.059250030000000038e+02
6.087059940000000324e+02 2.030379939999999976e+02
5.451259770000000344e+02 2.118020019999999874e+02
5.987180180000000291e+02 2.269869999999999948e+02
5.764990229999999656e+02 1.964310000000000116e+02
5.641569819999999709e+02 2.079810029999999870e+02
6.107039790000000039e+02 1.864499969999999962e+02
6.102839969999999994e+02 2.450379939999999976e+02
6.023770140000000310e+02 2.130639950000000056e+02
6.150629880000000185e+02 2.223150019999999927e+02
5.386680300000000443e+02 2.244819950000000119e+02
5.384899900000000343e+02 2.254230039999999917e+02
5.534420169999999644e+02 2.342409969999999930e+02
5.683079830000000356e+02 1.892310029999999870e+02
5.704719850000000179e+02 1.754640049999999860e+02
6.138129880000000185e+02 1.863820039999999949e+02
6.158060299999999643e+02 2.023719940000000008e+02
5.433339839999999867e+02 2.193890079999999898e+02
6.144229739999999538e+02 2.051130070000000103e+02
5.511690059999999676e+02 2.016450040000000001e+02
6.039329830000000356e+02 2.190299990000000037e+02
5.548549799999999550e+02 1.944810029999999870e+02
6.162150269999999637e+02 1.946920010000000048e+02
6.095599979999999505e+02 2.586659849999999778e+02
6.110620119999999815e+02 2.367870029999999986e+02
6.097700200000000450e+02 2.271569979999999873e+02
5.559190059999999676e+02 2.313300020000000075e+02
5.982689820000000509e+02 2.282899930000000097e+02
5.921270140000000310e+02 2.537129970000000014e+02
5.594869999999999663e+02 2.305119929999999897e+02
6.014660030000000006e+02 1.911219940000000008e+02
5.575750120000000152e+02 1.951739959999999883e+02
6.135650020000000495e+02 2.645710139999999910e+02
6.110460209999999961e+02 2.566730039999999917e+02
5.487789920000000166e+02 1.869609989999999868e+02
5.652570190000000139e+02 2.252039949999999919e+02
5.546010129999999663e+02 1.949049990000000037e+02
5.563029790000000503e+02 1.985639950000000056e+02
6.130269779999999855e+02 2.486810000000000116e+02
5.401019900000000007e+02 2.522570039999999949e+02
6.044089969999999994e+02 1.932489930000000129e+02
6.051939700000000357e+02 1.987290040000000033e+02
5.342459720000000516e+02 2.194770049999999912e+02
6.142550049999999828e+02 2.422200009999999963e+02
6.008779909999999518e+02 2.187169949999999972e+02
5.397020260000000462e+02 2.335059970000000078e+02
6.035859990000000153e+02 2.244490049999999997e+02
5.720380249999999478e+02 1.959700009999999963e+02
5.844600219999999808e+02 2.654710079999999834e+02
6.026320190000000139e+02 2.134019930000000045e+02
5.480780029999999670e+02 2.216959990000000005e+02
6.096170039999999517e+02 2.419949949999999887e+02
5.583790279999999484e+02 1.730870060000000024e+02
6.077420039999999517e+02 1.802039949999999919e+02
5.379899900000000343e+02 2.179170070000000123e+02
5.364600219999999808e+02 2.528840030000000070e+02
6.106220090000000482e+02 1.763430020000000127e+02
6.042540279999999484e+02 2.234080050000000028e+02
5.429660030000000006e+02 2.136900019999999927e+02
5.365949709999999868e+02 2.437189940000000092e+02
6.152540279999999484e+02 2.431250000000000000e+02
6.059030149999999821e+02 2.339980009999999879e+02
5.410889889999999696e+02 2.498480069999999955e+02
6.142999879999999848e+02 1.985260010000000079e+02
5.520999759999999696e+02 1.797469940000000008e+02
5.473480220000000145e+02 2.161499939999999924e+02
6.077960209999999961e+02 2.251230009999999879e+02
6.029970090000000482e+02 2.240619959999999935e+02
5.506920169999999644e+02 2.143189999999999884e+02
5.531309810000000198e+02 2.140330050000000028e+02
5.658950200000000450e+02 1.748159939999999892e+02
6.026790160000000469e+02 1.873370060000000024e+02
5.733389889999999696e+02 1.993699949999999887e+02
5.774379880000000185e+02 2.692420040000000085e+02
5.371909789999999703e+02 2.119790040000000033e+02
5.705949709999999868e+02 2.089060059999999908e+02
6.015759890000000496e+02 1.949470059999999876e+02
6.081459959999999683e+02 2.191880040000000065e+02
6.071209720000000516e+02 2.458009950000000003e+02
6.124370119999999815e+02 1.859310000000000116e+02
5.712880249999999478e+02 1.865910030000000006e+02
5.448900149999999485e+02 2.442389980000000094e+02
5.858939820000000509e+02 2.628859860000000026e+02
5.597180180000000291e+02 2.238040009999999995e+02
5.587420039999999517e+02 2.015840000000000032e+02
5.743640139999999974e+02 1.795099950000000035e+02
6.074699709999999868e+02 1.907619929999999897e+02
5.674860230000000456e+02 1.811580050000000028e+02
5.886279909999999518e+02 1.810760040000000117e+02
5.690369869999999537e+02 1.896369929999999897e+02
5.473740229999999656e+02 2.049869999999999948e+02
5.687500000000000000e+02 1.905220030000000122e+02
6.148200070000000323e+02 2.536000060000000076e+02
6.091270140000000310e+02 2.041109920000000102e+02
6.021890260000000126e+02 1.741900019999999927e+02
6.092280269999999973e+02 1.957539979999999957e+02
6.109609990000000153e+02 2.134250030000000038e+02
5.723020020000000159e+02 2.058289949999999919e+02
5.882100219999999808e+02 2.478370060000000024e+02
5.574559940000000324e+02 2.575199890000000096e+02
5.989349979999999505e+02 2.479470059999999876e+02
6.024990229999999656e+02 2.323350069999999903e+02
5.726680300000000443e+02 2.702200010000000248e+02
5.542459720000000516e+02 1.757209929999999929e+02
6.069719850000000179e+02 2.331239930000000129e+02
6.062839969999999994e+02 2.663389890000000264e+02
6.118989870000000337e+02 2.126939999999999884e+02
5.545869750000000522e+02 2.305709990000000005e+02
5.935390009999999847e+02 2.613150019999999927e+02
5.333649900000000343e+02 2.527799990000000037e+02
6.164089969999999994e+02 2.418829959999999915e+02
5.342000120000000152e+02 2.672940060000000244e+02
6.072890009999999847e+02 2.244859920000000102e+02
5.903419800000000350e+02 2.497140049999999860e+02
6.151939700000000357e+02 2.198399960000000135e+02
6.062360230000000456e+02 2.209019930000000045e+02
5.986950070000000323e+02 2.682839969999999994e+02
5.339840090000000146e+02 2.139739989999999921e+02
6.101530149999999821e+02 2.151880040000000065e+02
6.094840090000000146e+02 1.984140010000000132e+02
5.559739990000000489e+02 2.406649930000000097e+02
5.907860110000000304e+02 2.599010010000000079e+02
5.457919920000000502e+02 1.982920070000000123e+02
5.960280149999999821e+02 2.649289860000000090e+02
5.405510249999999814e+02 2.085099950000000035e+02
6.110399780000000192e+02 2.174530029999999954e+02
6.045139769999999544e+02 2.299730069999999955e+02
5.402910160000000133e+02 2.134380040000000065e+02
5.669470209999999497e+02 1.791179960000000051e+02
5.542719730000000027e+02 2.350850069999999903e+02
5.564279790000000503e+02 2.055930020000000127e+02
5.978969730000000027e+02 2.527960050000000081e+02
5.785800169999999980e+02 2.190429990000000089e+02
6.136599730000000363e+02 1.961659999999999968e+02
5.528750000000000000e+02 2.279340060000000108e+02
5.469019779999999855e+02 2.338320009999999911e+02
5.583859860000000026e+02 1.813950040000000001e+02
5.696149900000000343e+02 2.068209990000000005e+02
5.742340090000000146e+02 1.919040070000000071e+02
6.170029909999999518e+02 2.398650049999999965e+02
5.939089969999999994e+02 2.524380040000000065e+02
5.960120239999999967e+02 2.547079929999999877e+02
5.609879760000000033e+02 1.878390049999999860e+02
5.623510129999999663e+02 2.141300050000000113e+02
5.559639889999999696e+02 2.297299959999999999e+02
5.685880130000000463e+02 1.901939999999999884e+02
5.458289790000000039e+02 2.384510040000000117e+02
6.061550290000000132e+02 2.533600010000000111e+02
5.343070069999999987e+02 2.091139980000000094e+02
5.555109860000000026e+02 2.363189999999999884e+02
5.350590210000000297e+02 2.450079959999999915e+02
6.096370239999999967e+02 1.872570039999999949e+02
6.053699950000000172e+02 2.315409999999999968e+02
6.167470090000000482e+02 2.561870119999999815e+02
5.487410280000000284e+02 1.851410060000000044e+02
5.614739990000000489e+02 2.215019990000000121e+02
5.828389889999999696e+02 2.483240049999999997e+02
6.111790160000000469e+02 2.347669980000000010e+02
5.352680050000000165e+02 2.482689970000000130e+02
5.480239870000000337e+02 1.954929960000000051e+02
5.510100099999999657e+02 2.565339969999999994e+02
5.667789920000000166e+02 2.701409909999999854e+02
5.349860230000000456e+02 2.518240049999999997e+02
5.499199830000000020e+02 2.378820039999999949e+02
5.665349730000000363e+02 1.774880070000000103e+02
6.091680300000000443e+02 2.450700070000000039e+02
5.410850219999999808e+02 2.444720000000000084e+02
5.788900149999999485e+02 2.339640049999999860e+02
5.322340090000000146e+02 2.106119999999999948e+02
6.136539920000000166e+02 2.175760040000000117e+02
5.425640260000000126e+02 2.601090090000000146e+02
6.131430050000000165e+02 2.374159999999999968e+02
6.083189700000000357e+02 1.876750030000000038e+02
5.988380130000000463e+02 2.247640079999999898e+02
6.096409909999999854e+02 2.627569889999999759e+02
5.400570069999999987e+02 2.420319979999999873e+02
5.520250240000000304e+02 1.830509950000000003e+02
6.139030149999999821e+02 2.386360019999999906e+02
6.157579960000000483e+02 1.840030059999999992e+02
6.091220090000000482e+02 2.211829989999999952e+02
6.136060179999999491e+02 2.221040040000000033e+02
5.348189700000000357e+02 2.198950040000000001e+02
6.124539790000000039e+02 2.676340030000000070e+02
5.923690189999999802e+02 2.494649960000000135e+02
5.328449709999999868e+02 2.276920010000000048e+02
5.578400269999999637e+02 2.191580050000000028e+02
6.135759890000000496e+02 2.539900049999999965e+02
5.984240109999999504e+02 2.312250060000000076e+02
6.126389769999999544e+02 2.413340000000000032e+02
5.575490109999999504e+02 2.032530059999999992e+02
5.324050290000000132e+02 2.558650049999999965e+02
5.388250120000000152e+02 2.480769960000000083e+02
6.078670039999999517e+02 2.579790039999999749e+02
5.521140139999999974e+02 1.747740019999999959e+02
5.643750000000000000e+02 2.142720030000000122e+02
6.058679809999999861e+02 2.660050049999999828e+02
5.543350219999999808e+02 2.064199979999999925e+02
6.042890009999999847e+02 2.427369999999999948e+02
5.461439820000000509e+02 2.349299929999999961e+02
5.376209720000000516e+02 2.210679930000000013e+02
5.407050169999999980e+02 2.254199979999999925e+02
6.151510009999999511e+02 1.867909999999999968e+02
6.072410280000000284e+02 2.595570069999999987e+02
5.655739750000000186e+02 2.198829959999999915e+02
5.565029909999999518e+02 2.270319979999999873e+02
5.377069699999999557e+02 2.288450009999999963e+02
6.123800049999999828e+02 2.164470059999999876e+02
6.054899900000000343e+02 2.046860049999999944e+02
5.403889769999999544e+02 2.322460020000000043e+02
6.107650149999999485e+02 2.159190059999999960e+02
5.657769779999999855e+02 2.047610019999999906e+02
5.342369999999999663e+02 2.311820069999999987e+02
6.149500120000000152e+02 2.372380070000000103e+02
6.090599979999999505e+02 2.261659999999999968e+02
6.079420169999999644e+02 2.108399960000000135e+02
5.438519900000000007e+02 2.054530029999999954e+02
6.019279790000000503e+02 2.054980009999999879e+02
5.918839719999999716e+02 1.850639950000000056e+02
5.952349850000000515e+02 2.419210050000000081e+02
5.605560299999999643e+02 1.895189970000000130e+02
5.981920169999999644e+02 2.629249879999999848e+02
5.723410030000000006e+02 1.837949979999999925e+02
6.045560299999999643e+02 2.207899930000000097e+02
5.637529909999999518e+02 2.312319950000000119e+02
5.857479859999999690e+02 2.679930110000000241e+02
5.902369999999999663e+02 2.531250000000000000e+02
5.491279909999999518e+02 1.941620029999999986e+02
5.461500240000000304e+02 2.026970059999999876e+02
6.011079710000000205e+02 2.599039920000000166e+02
6.016710209999999961e+02 1.931659999999999968e+02
5.700219730000000027e+02 2.099029999999999916e+02
6.082639769999999544e+02 2.252010040000000117e+02
5.445230099999999993e+02 2.032469940000000008e+02
5.644030149999999821e+02 2.017369999999999948e+02
5.870729979999999841e+02 2.688630069999999819e+02
5.498980099999999993e+02 1.829360049999999944e+02
5.456699830000000020e+02 2.127969970000000046e+02
5.520789790000000039e+02 2.052319950000000119e+02
5.536589969999999994e+02 2.091589969999999994e+02
6.010330199999999650e+02 2.009450070000000039e+02
5.374569699999999557e+02 2.318009950000000003e+02
5.926309810000000198e+02 2.528650049999999965e+02
5.479470209999999497e+02 2.189869999999999948e+02
5.378359990000000153e+02 2.437769930000000045e+02
5.609849850000000515e+02 2.231340030000000070e+02
6.064849850000000515e+02 2.321280059999999992e+02
5.504559940000000324e+02 2.090489959999999883e+02
6.131250000000000000e+02 2.115850069999999903e+02
5.493750000000000000e+02 1.856199949999999887e+02
5.345939939999999524e+02 2.521690059999999960e+02
6.117269900000000007e+02 2.641270139999999742e+02
5.539780269999999973e+02 2.288650049999999965e+02
5.997369999999999663e+02 2.216399989999999889e+02
5.517839969999999994e+02 2.180359950000000140e+02
5.413989870000000337e+02 2.545549929999999961e+02
6.055079960000000483e+02 2.259259950000000003e+02
5.510650020000000495e+02 2.425469970000000046e+02
5.911840210000000297e+02 2.550429990000000089e+02
5.419370119999999815e+02 2.348829959999999915e+02
6.062630000000000337e+02 1.972660060000000044e+02
6.041550290000000132e+02 1.972400049999999965e+02
5.606259770000000344e+02 2.013390049999999860e+02
5.896489870000000337e+02 2.624140009999999847e+02
5.523670039999999517e+02 2.339029999999999916e+02
6.028870239999999967e+02 2.383130040000000065e+02
5.601840210000000297e+02 1.922899930000000097e+02
5.573239750000000186e+02 2.094210050000000081e+02
5.396630249999999478e+02 2.296300050000000113e+02
5.906640009999999847e+02 2.673439940000000092e+02
6.066290279999999484e+02 2.294259950000000003e+02
6.123159789999999703e+02 2.092440029999999922e+02
6.008590090000000146e+02 2.354219970000000046e+02
5.430729979999999841e+02 2.076900019999999927e+02
6.110040279999999484e+02 1.887310029999999870e+02
5.584920039999999517e+02 1.769660030000000006e+02
6.005869750000000522e+02 2.124810029999999870e+02
5.527490229999999656e+02 2.513000030000000038e+02
5.333060299999999643e+02 2.189510040000000117e+02
5.444039920000000166e+02 1.973750000000000000e+02
6.027059940000000324e+02 2.432160030000000006e+02
5.480720209999999497e+02 2.093350069999999903e+02
5.450410160000000133e+02 2.330720059999999876e+02
5.638889769999999544e+02 2.066670070000000123e+02
5.609799799999999550e+02 2.140789949999999919e+02
