5.422410280000000284e+02 1.476260069999999871e+02
6.106170039999999517e+02 1.671900019999999927e+02
6.157760009999999511e+02 1.235289989999999989e+02
6.060629880000000185e+02 1.388000030000000038e+02
5.712390139999999974e+02 1.042549970000000030e+02
5.714210209999999961e+02 1.536280059999999992e+02
5.350000000000000000e+02 1.557460020000000043e+02
6.013040160000000469e+02 8.780500000000000682e+01
5.585059810000000198e+02 1.488269960000000083e+02
5.688079830000000356e+02 1.671829989999999952e+02
5.523319699999999557e+02 1.707649989999999889e+02
6.047349850000000515e+02 1.508609920000000102e+02
5.787490229999999656e+02 1.551580050000000028e+02
5.400189820000000509e+02 1.348730009999999879e+02
6.170120239999999967e+02 1.468070069999999987e+02
5.672180180000000291e+02 1.461380000000000052e+02
5.751530149999999821e+02 1.666849980000000073e+02
5.419559940000000324e+02 1.256139979999999952e+02
5.688040160000000469e+02 1.641849980000000073e+02
5.381950070000000323e+02 1.299590000000000032e+02
5.504810179999999491e+02 1.560820009999999911e+02
6.024899900000000343e+02 1.156930009999999953e+02
5.504890139999999974e+02 1.693430020000000127e+02
5.357680050000000165e+02 8.793199900000000468e+01
5.512219850000000179e+02 1.010630040000000065e+02
6.156400149999999485e+02 1.483890079999999898e+02
6.158439939999999524e+02 1.394060059999999908e+02
5.488439939999999524e+02 1.429010010000000079e+02
6.097009890000000496e+02 1.712270049999999912e+02
6.149400020000000495e+02 1.555769960000000083e+02
5.325349730000000363e+02 1.249629970000000014e+02
5.454500120000000152e+02 1.379909969999999930e+02
5.363359990000000153e+02 1.253590010000000063e+02
5.405850219999999808e+02 1.561399989999999889e+02
5.367559810000000198e+02 8.425299800000000516e+01
6.127379760000000033e+02 1.378329929999999877e+02
6.050549929999999677e+02 6.533499899999999627e+01
6.013060299999999643e+02 1.437859950000000140e+02
5.493510129999999663e+02 1.477940059999999960e+02
5.784970090000000482e+02 1.701959990000000005e+02
6.154320069999999987e+02 1.397339939999999956e+02
6.072440189999999802e+02 1.646250000000000000e+02
5.504270020000000159e+02 1.407030029999999954e+02
5.751760249999999814e+02 1.533820039999999949e+02
5.523419800000000350e+02 8.667500300000000379e+01
5.692520140000000310e+02 1.504499969999999962e+02
5.693400269999999637e+02 1.664759980000000041e+02
6.143579710000000205e+02 1.548899989999999889e+02
5.357199709999999868e+02 1.343040009999999995e+02
6.174710079999999834e+02 1.279209979999999973e+02
5.332949830000000020e+02 1.527929990000000089e+02
5.655830079999999498e+02 1.516719970000000046e+02
6.101749879999999848e+02 1.642590030000000070e+02
5.551560060000000476e+02 1.401289979999999957e+02
5.568800049999999828e+02 1.293800050000000113e+02
5.339840090000000146e+02 1.225469970000000046e+02
6.010720209999999497e+02 1.088209990000000005e+02
5.707969970000000330e+02 1.595319979999999873e+02
5.640440059999999676e+02 1.595460050000000081e+02
6.120839839999999867e+02 1.653350069999999903e+02
5.587000120000000152e+02 1.462640079999999898e+02
6.163519900000000007e+02 1.204369959999999935e+02
5.513489990000000489e+02 1.594149930000000097e+02
6.028590090000000146e+02 1.070100020000000001e+02
5.518530269999999973e+02 4.310800199999999904e+01
5.482999879999999848e+02 1.525509950000000003e+02
5.592630000000000337e+02 1.436040040000000033e+02
5.457429809999999861e+02 1.222570039999999949e+02
5.356270140000000310e+02 1.408560029999999870e+02
5.528619999999999663e+02 4.133200099999999821e+01
5.373690189999999802e+02 1.354049990000000037e+02
6.029719850000000179e+02 1.507630000000000052e+02
5.503839719999999716e+02 1.391810000000000116e+02
5.670289920000000166e+02 1.555639950000000056e+02
5.871859739999999874e+02 1.427539979999999957e+02
5.518709720000000516e+02 1.639629970000000014e+02
6.022449950000000172e+02 4.067999999999999972e+01
6.112979739999999538e+02 1.689459990000000005e+02
5.466049799999999550e+02 1.516499939999999924e+02
6.138679809999999861e+02 1.585540009999999995e+02
6.023889769999999544e+02 7.478399699999999939e+01
5.520280149999999821e+02 6.516899899999999946e+01
5.646229859999999690e+02 3.900099900000000019e+01
6.166710209999999961e+02 1.578000030000000038e+02
5.697509770000000344e+02 1.598509980000000041e+02
5.741849979999999505e+02 1.615930020000000127e+02
5.437969970000000330e+02 1.532169949999999972e+02
5.747760009999999511e+02 1.496659999999999968e+02
6.149299929999999677e+02 1.396130070000000103e+02
5.709810179999999491e+02 1.399159999999999968e+02
5.326569819999999709e+02 1.329739989999999921e+02
5.502529909999999518e+02 1.603509980000000041e+02
5.932730099999999993e+02 9.179799699999999518e+01
6.029190059999999676e+02 1.693099980000000073e+02
5.436389769999999544e+02 1.369230039999999917e+02
5.690300290000000132e+02 1.605910030000000006e+02
5.471320190000000139e+02 1.366060029999999870e+02
5.486890260000000126e+02 1.614100039999999865e+02
6.145709839999999531e+02 1.551499939999999924e+02
5.843989870000000337e+02 4.085800199999999904e+01
5.453889769999999544e+02 9.802999900000000366e+01
5.548150020000000495e+02 1.521329959999999915e+02
5.647680050000000165e+02 6.011700100000000191e+01
5.970999759999999696e+02 1.461360019999999906e+02
5.585020140000000310e+02 1.316840060000000108e+02
6.164680180000000291e+02 9.408499899999999627e+01
5.495159909999999854e+02 1.606009980000000041e+02
5.607990109999999504e+02 1.368829959999999915e+02
6.023569949999999835e+02 7.393399800000000255e+01
5.465939939999999524e+02 1.071299970000000030e+02
5.635709839999999531e+02 1.710079959999999915e+02
5.338889769999999544e+02 1.274929960000000051e+02
6.081229859999999690e+02 1.542550050000000113e+02
5.518460079999999834e+02 1.258949970000000036e+02
5.774630130000000463e+02 1.706309970000000078e+02
6.016959839999999531e+02 2.853500000000000014e+01
5.729940189999999802e+02 1.578549959999999999e+02
6.143449709999999868e+02 3.615499899999999656e+01
5.607390139999999974e+02 1.376750030000000038e+02
5.630599979999999505e+02 1.624380040000000065e+02
5.419899900000000343e+02 1.210609970000000004e+02
6.025300290000000132e+02 1.605010069999999871e+02
5.511630249999999478e+02 9.969000200000000689e+01
5.854169920000000502e+02 1.541199949999999887e+02
5.468779909999999518e+02 1.636810000000000116e+02
5.433540040000000317e+02 1.271230010000000021e+02
5.577080079999999498e+02 1.438079989999999952e+02
5.964990229999999656e+02 1.039479979999999983e+02
5.353740229999999656e+02 1.249869999999999948e+02
5.384489750000000186e+02 1.236659999999999968e+02
6.142960209999999961e+02 1.463820039999999949e+02
5.534000240000000304e+02 1.504819950000000119e+02
5.352269900000000007e+02 8.510299700000000200e+01
5.633959959999999683e+02 1.549519960000000083e+02
5.472910160000000133e+02 1.512980039999999917e+02
6.120300290000000132e+02 1.472769930000000045e+02
6.105360110000000304e+02 1.327409969999999930e+02
5.418880000000000337e+02 1.451810000000000116e+02
5.376060179999999491e+02 9.182800299999999538e+01
5.539970090000000482e+02 1.710330050000000028e+02
5.640620119999999815e+02 1.500910030000000006e+02
5.328369750000000522e+02 1.422680049999999881e+02
5.571550290000000132e+02 1.538209990000000005e+02
5.525469970000000330e+02 6.637599899999999309e+01
5.364500120000000152e+02 9.065899699999999939e+01
5.725520020000000159e+02 1.557359920000000102e+02
5.630170289999999795e+02 6.269599900000000048e+01
5.513229979999999841e+02 3.490000200000000063e+01
6.022500000000000000e+02 5.337699899999999786e+01
5.590490109999999504e+02 1.686609950000000140e+02
5.522960209999999961e+02 1.130739970000000056e+02
6.012160030000000006e+02 1.189550019999999932e+02
5.341160280000000284e+02 1.545140079999999898e+02
5.578070069999999987e+02 1.469499969999999962e+02
6.099450070000000323e+02 1.586529999999999916e+02
5.699379880000000185e+02 1.714320069999999987e+02
5.746569819999999709e+02 8.298600000000000421e+01
5.657150269999999637e+02 1.395650019999999927e+02
5.322030029999999670e+02 9.601799800000000573e+01
5.600000000000000000e+02 4.034400200000000325e+01
5.560170289999999795e+02 1.290359950000000140e+02
6.163389889999999696e+02 1.651069950000000119e+02
5.715780029999999670e+02 1.572070009999999911e+02
5.597039790000000039e+02 1.337500000000000000e+02
5.555109860000000026e+02 1.528130040000000065e+02
5.360980220000000145e+02 1.498189999999999884e+02
6.173419800000000350e+02 8.576899699999999882e+01
5.360430300000000443e+02 8.247199999999999420e+01
6.157210079999999834e+02 1.015370029999999986e+02
5.488259890000000496e+02 1.412480009999999879e+02
5.497949830000000020e+02 1.661470030000000122e+02
5.474760129999999663e+02 1.620959929999999929e+02
5.642180180000000291e+02 1.543099980000000073e+02
5.653909909999999854e+02 1.624199979999999925e+02
5.663829960000000483e+02 1.045630040000000065e+02
6.174840090000000146e+02 1.645440059999999960e+02
5.354559940000000324e+02 8.744799799999999834e+01
5.493179930000000013e+02 1.617960050000000081e+02
5.599010009999999511e+02 4.668800000000000239e+01
6.141240229999999656e+02 1.573800050000000113e+02
5.347059940000000324e+02 1.117979969999999952e+02
5.552180180000000291e+02 1.556979980000000126e+02
5.744899900000000343e+02 1.539649960000000135e+02
5.643720090000000482e+02 1.186520000000000010e+02
5.519829710000000205e+02 3.824000199999999694e+01
5.446329960000000483e+02 1.574369959999999935e+02
6.014429930000000013e+02 2.547500000000000142e+01
5.340419920000000502e+02 1.334230039999999917e+02
6.026989750000000186e+02 1.402100069999999903e+02
5.338449709999999868e+02 1.233489990000000063e+02
5.639760129999999663e+02 1.664700009999999963e+02
5.546040040000000317e+02 1.564980009999999879e+02
6.021840210000000297e+02 6.496399700000000621e+01
5.763159789999999703e+02 1.298750000000000000e+02
5.785709839999999531e+02 1.538890079999999898e+02
5.329180300000000443e+02 1.291250000000000000e+02
6.022689820000000509e+02 1.088820039999999949e+02
6.154140009999999847e+02 1.703710020000000043e+02
6.122180180000000291e+02 1.347579959999999915e+02
5.687020260000000462e+02 1.535399930000000097e+02
5.330449830000000020e+02 3.497800099999999901e+01
5.516690059999999676e+02 1.199400020000000069e+02
5.330079960000000483e+02 9.139800300000000277e+01
6.010300290000000132e+02 4.491599999999999682e+01
5.884299929999999677e+02 1.179260029999999944e+02
5.983829960000000483e+02 1.251790009999999995e+02
5.578049929999999677e+02 1.674510040000000117e+02
5.780070190000000139e+02 7.783899700000000621e+01
5.757999879999999848e+02 1.450809940000000040e+02
6.170980220000000145e+02 1.393919980000000010e+02
6.163959959999999683e+02 1.708939970000000130e+02
5.384420169999999644e+02 1.206520000000000010e+02
6.121229859999999690e+02 1.630350039999999865e+02
5.656220090000000482e+02 1.591770019999999874e+02
5.513400269999999637e+02 1.613820039999999949e+02
5.737639769999999544e+02 1.611519930000000045e+02
5.440490109999999504e+02 1.317949979999999925e+02
5.340629880000000185e+02 1.284149930000000097e+02
5.994349979999999505e+02 1.650910030000000006e+02
6.125130000000000337e+02 1.431990049999999997e+02
5.510109860000000026e+02 1.495549929999999961e+02
5.692529909999999518e+02 1.629400019999999927e+02
5.383809810000000198e+02 9.141799899999999468e+01
5.532310179999999491e+02 1.576439970000000130e+02
5.522280269999999973e+02 1.615390010000000132e+02
5.668510129999999663e+02 7.599500299999999697e+01
6.018010249999999814e+02 1.264189989999999995e+02
5.769000240000000304e+02 1.437949979999999925e+02
5.407280269999999973e+02 1.542180020000000127e+02
6.162890009999999847e+02 1.024779970000000020e+02
5.805289920000000166e+02 1.525800020000000075e+02
5.511770020000000159e+02 1.349900049999999965e+02
5.869409789999999703e+02 1.403070069999999987e+02
5.770960079999999834e+02 1.535610049999999944e+02
5.424790040000000317e+02 1.044400020000000069e+02
5.523209839999999531e+02 6.585500299999999640e+01
5.592780149999999821e+02 1.470099950000000035e+02
5.422609860000000026e+02 1.213229979999999983e+02
5.513720090000000482e+02 1.068180009999999953e+02
5.545800169999999980e+02 9.503199800000000153e+01
5.562420039999999517e+02 1.476479950000000088e+02
5.515549929999999677e+02 9.520099600000000351e+01
6.138959959999999683e+02 1.171190030000000064e+02
5.614210209999999961e+02 1.660720059999999876e+02
5.526749879999999848e+02 1.604869999999999948e+02
6.150739750000000186e+02 1.218919980000000010e+02
