9.030699900000000468e+01 7.348600000000000421e+01
9.983999599999999930e+01 1.138580019999999990e+02
2.965399899999999889e+01 9.483299999999999841e+01
5.914500000000000313e+01 1.346649930000000097e+02
5.075899900000000287e+01 8.245200300000000482e+01
5.285200100000000134e+01 5.133299999999999841e+01
8.997899599999999509e+01 9.988999900000000309e+01
6.790699800000000153e+01 9.061100000000000421e+01
2.400900100000000137e+01 1.077669980000000010e+02
6.899800100000000214e+01 4.410599899999999707e+01
5.722399899999999917e+01 7.779900399999999649e+01
6.565000200000000063e+01 1.052920000000000016e+02
7.862200199999999484e+01 9.277700000000000102e+01
2.146199999999999974e+01 7.729399899999999946e+01
9.796800199999999847e+01 2.937000099999999847e+01
4.145900000000000318e+01 7.405899800000000255e+01
2.816300000000000026e+01 1.043779980000000052e+02
5.369599900000000048e+01 1.403329929999999877e+02
5.621600000000000108e+01 1.399179990000000089e+02
7.026000200000000007e+01 9.016799899999999468e+01
9.203500400000000070e+01 1.060780029999999954e+02
2.891099900000000034e+01 9.931500200000000689e+01
7.260299700000000200e+01 4.936399800000000226e+01
4.447700100000000134e+01 1.021269989999999979e+02
6.171400100000000322e+01 6.972699699999999723e+01
6.555000300000000379e+01 8.011399799999999516e+01
3.211700100000000191e+01 1.092170030000000054e+02
9.034300199999999847e+01 7.032499699999999621e+01
3.841199900000000156e+01 1.028860020000000048e+02
3.745799999999999841e+01 1.400529940000000124e+02
6.562799800000000516e+01 7.613099699999999359e+01
4.756399900000000258e+01 8.739199800000000096e+01
3.342800100000000185e+01 1.380689999999999884e+02
7.159799999999999898e+01 1.024150010000000037e+02
3.272299999999999898e+01 8.638899999999999579e+01
5.467300000000000182e+01 7.675299800000000516e+01
6.477800000000000580e+01 8.407399700000000564e+01
6.784999799999999937e+01 7.364399699999999882e+01
9.688099699999999359e+01 7.736399799999999516e+01
3.002499999999999858e+01 9.705899800000000255e+01
7.599299600000000510e+01 1.444850010000000111e+02
1.004100040000000007e+02 9.790499900000000366e+01
8.327500200000000063e+01 9.781300400000000650e+01
5.978099799999999675e+01 7.636699699999999780e+01
3.554700100000000162e+01 7.158899700000000621e+01
1.703200000000000003e+01 7.365899699999999939e+01
5.898500099999999691e+01 7.288800000000000523e+01
4.966899899999999946e+01 8.705599999999999739e+01
4.921500000000000341e+01 1.074919969999999978e+02
3.220700099999999821e+01 1.383209990000000005e+02
3.727500200000000063e+01 1.115230030000000028e+02
3.692300000000000182e+01 8.075800300000000220e+01
9.818399800000000255e+01 9.722499799999999937e+01
9.932900200000000268e+01 7.456600199999999745e+01
7.148999799999999993e+01 1.090960010000000011e+02
1.417900000000000027e+01 1.306589969999999994e+02
3.855499999999999972e+01 1.123720019999999948e+02
8.515100099999999372e+01 1.421790009999999995e+02
7.959200300000000539e+01 7.639700299999999800e+01
3.736399800000000226e+01 8.542500300000000379e+01
6.957900200000000268e+01 9.958999599999999930e+01
9.908299999999999841e+01 9.562300100000000214e+01
1.024150010000000037e+02 8.726799800000000573e+01
1.002990039999999965e+02 5.507199899999999815e+01
4.690999999999999659e+01 9.300800300000000220e+01
3.253799800000000175e+01 2.987400099999999981e+01
5.884100000000000108e+01 1.072440030000000064e+02
7.030799899999999525e+01 1.441329959999999915e+02
9.686799600000000510e+01 8.846399700000000621e+01
7.055400099999999952e+01 1.383309940000000040e+02
5.411099999999999710e+01 1.091250000000000000e+02
7.153800200000000586e+01 8.582199900000000525e+01
4.010699799999999726e+01 1.088209990000000005e+02
3.390399899999999889e+01 7.558400000000000318e+01
9.629599799999999732e+01 4.041799900000000179e+01
6.790599799999999675e+01 9.448799900000000207e+01
8.465000200000000063e+01 9.160600300000000118e+01
6.891500100000000373e+01 8.727700000000000102e+01
1.494299999999999962e+01 1.099860000000000042e+02
6.784200300000000539e+01 3.291899899999999946e+01
3.678900099999999895e+01 9.744899700000000564e+01
2.154000100000000018e+01 9.642500300000000379e+01
2.035500000000000043e+01 7.544699900000000525e+01
7.397799700000000200e+01 1.007939989999999995e+02
9.681199599999999350e+01 1.397250060000000076e+02
2.925000000000000000e+01 1.109940030000000064e+02
3.900099900000000019e+01 7.847299999999999898e+01
2.050799900000000164e+01 1.043300019999999932e+02
3.666199900000000156e+01 1.043690030000000064e+02
9.484200300000000539e+01 1.352039949999999919e+02
1.043899990000000031e+02 1.394869999999999948e+02
3.485900099999999924e+01 1.029329989999999952e+02
3.278300099999999873e+01 6.960900100000000634e+01
4.409199900000000127e+01 1.432310029999999870e+02
7.644499999999999318e+01 7.688899999999999579e+01
2.783599999999999852e+01 1.446219940000000008e+02
3.209899899999999917e+01 1.430350039999999865e+02
1.007219999999999942e+02 9.327400199999999586e+01
6.469000200000000689e+01 7.636799600000000510e+01
8.331999999999999318e+01 8.942400399999999649e+01
4.583200099999999821e+01 8.448999799999999993e+01
7.746600300000000061e+01 1.079329989999999952e+02
9.920300299999999538e+01 9.612100200000000427e+01
2.012199999999999989e+01 1.123349989999999963e+02
4.745399900000000315e+01 1.404029999999999916e+02
9.193499799999999311e+01 1.119619979999999941e+02
7.504200000000000159e+01 7.791799899999999468e+01
8.047000099999999634e+01 9.903700299999999856e+01
4.087599900000000019e+01 1.393329929999999877e+02
7.168699599999999350e+01 1.293459929999999929e+02
1.005660019999999975e+02 8.718399800000000255e+01
9.631800099999999532e+01 6.827800000000000580e+01
4.511399800000000226e+01 1.069499969999999962e+02
3.281199999999999761e+01 9.827400199999999586e+01
5.735100200000000115e+01 1.449579929999999877e+02
3.515499899999999656e+01 7.701200099999999793e+01
7.037899799999999573e+01 1.040739970000000056e+02
9.539700299999999800e+01 8.982800299999999538e+01
8.744499999999999318e+01 6.878299699999999461e+01
1.962000099999999847e+01 1.029290009999999995e+02
9.828299699999999461e+01 1.027890009999999990e+02
8.116799899999999468e+01 7.087799800000000516e+01
5.495500200000000035e+01 1.014459990000000005e+02
7.999199699999999780e+01 1.059329989999999952e+02
5.319599900000000048e+01 8.379399899999999946e+01
8.441000000000000725e+00 1.005289989999999989e+02
6.735399599999999509e+01 1.013119959999999935e+02
6.376599900000000076e+01 1.402850039999999865e+02
6.858899700000000621e+01 7.246900200000000325e+01
6.385300099999999901e+01 9.395500199999999325e+01
3.962300100000000214e+01 1.023499979999999994e+02
6.515200000000000102e+01 8.744499999999999318e+01
1.043010029999999944e+02 7.323300199999999904e+01
2.293899899999999903e+01 8.875599699999999359e+01
6.948500099999999691e+01 1.105849989999999963e+02
7.001000000000000334e+00 1.340850069999999903e+02
3.151199899999999943e+01 1.302610019999999906e+02
2.432300000000000040e+01 7.266899899999999946e+01
3.027700000000000102e+01 7.437200199999999484e+01
6.001200099999999793e+01 1.413229980000000126e+02
7.406700100000000475e+01 1.444329989999999952e+02
8.542400399999999649e+01 1.392140049999999860e+02
4.614799899999999866e+01 9.608899700000000621e+01
1.804299899999999823e+01 9.725399799999999573e+01
2.172699899999999928e+01 7.101300000000000523e+01
8.370600100000000054e+01 7.295799999999999841e+01
6.270100000000000051e+01 1.026409989999999937e+02
6.113299899999999809e+01 1.018509980000000041e+02
8.114299800000000573e+01 9.221800199999999847e+01
7.644100199999999745e+01 8.260099800000000414e+01
3.285800199999999904e+01 2.835000000000000142e+01
4.870299899999999838e+01 8.108999599999999930e+01
1.024950029999999970e+02 7.678199800000000153e+01
1.761799999999999855e+01 7.670700100000000532e+01
6.715599799999999675e+01 9.801100200000000484e+01
8.996800199999999847e+01 7.922100100000000111e+01
6.811100000000000421e+01 8.508400000000000318e+01
8.173600000000000421e+01 9.184699999999999420e+01
9.780599999999999739e+01 5.353599899999999678e+01
3.307400100000000265e+01 9.642299699999999518e+01
5.944400000000000261e+01 9.322599800000000414e+01
2.881899999999999906e+01 8.114299800000000573e+01
7.473000299999999640e+01 1.058529970000000020e+02
3.233200099999999821e+01 9.607599600000000351e+01
4.380599999999999739e+01 1.397480009999999879e+02
2.804999899999999968e+01 8.091500100000000373e+01
6.789199800000000096e+01 1.382369999999999948e+02
1.861899899999999874e+01 9.661499799999999993e+01
3.770900000000000318e+01 1.104449999999999932e+02
7.299099699999999302e+01 1.437380070000000103e+02
8.533699799999999414e+01 1.094869999999999948e+02
5.086099999999999710e+01 1.388930049999999881e+02
4.444599900000000048e+01 1.428820039999999949e+02
6.472699699999999723e+01 7.309100300000000061e+01
5.664099900000000076e+01 9.817299699999999518e+01
3.981199999999999761e+01 1.429429930000000013e+02
9.722799700000000200e+01 3.979800000000000182e+01
6.415000200000000063e+01 1.389159999999999968e+02
9.156600199999999745e+01 7.221199799999999414e+01
6.590899699999999939e+01 1.042689969999999988e+02
2.119099999999999895e+01 9.017500300000000379e+01
2.750600100000000126e+01 8.850399799999999573e+01
5.409400200000000325e+01 6.893000000000000682e+01
2.735000000000000142e+01 9.852700000000000102e+01
5.736600099999999713e+01 1.108799970000000030e+02
7.358599900000000105e+01 7.290599799999999675e+01
9.044499999999999318e+01 1.441529999999999916e+02
5.446300099999999844e+01 7.022399900000000628e+01
2.989300000000000068e+01 9.271299700000000144e+01
3.124200099999999836e+01 8.526899699999999882e+01
8.938500200000000007e+01 7.970200300000000482e+01
4.504399899999999946e+01 9.623699999999999477e+01
7.108100100000000054e+01 8.390100099999999372e+01
3.186499999999999844e+01 1.019049990000000037e+02
9.393399800000000255e+01 1.037600020000000001e+02
9.393900299999999959e+01 1.013020020000000017e+02
3.272899999999999920e+01 9.102200299999999800e+01
3.650899900000000287e+01 1.389770049999999912e+02
9.347499799999999937e+01 7.690000200000000063e+01
7.211699699999999780e+01 1.458520049999999912e+02
2.818700000000000117e+01 1.134079969999999946e+02
4.277199900000000099e+01 1.107679980000000057e+02
3.246900200000000325e+01 5.455499999999999972e+01
2.592299999999999827e+01 7.078800200000000586e+01
3.500699999999999790e+01 9.012100200000000427e+01
6.890200000000000102e+01 1.394559940000000040e+02
6.350000000000000000e+01 8.941100299999999379e+01
6.798100300000000118e+01 9.965799699999999461e+01
3.823199799999999726e+01 8.927500200000000063e+01
8.012000299999999697e+01 4.859799999999999898e+01
7.341400099999999895e+01 8.717900099999999952e+01
3.813499800000000306e+01 8.159200300000000539e+01
7.024700199999999484e+01 1.071989970000000056e+02
6.551000200000000007e+01 6.893599700000000041e+01
8.860199699999999723e+01 1.015409999999999968e+02
5.256600199999999745e+01 1.011009980000000041e+02
9.259300199999999847e+01 9.100900300000000698e+01
2.957099900000000048e+01 1.390599980000000073e+02
9.167299699999999518e+01 1.107819980000000015e+02
2.049200099999999836e+01 1.178479999999999990e+02
9.081700100000000475e+01 7.477999900000000366e+01
1.246400000000000041e+01 1.307010040000000117e+02
5.915000200000000063e+01 1.137360000000000042e+02
1.007079999999999984e+02 7.199199699999999780e+01
9.444000000000000838e+00 3.606199999999999761e+01
6.862000299999999697e+01 3.587799799999999806e+01
6.299900099999999981e+01 1.418750000000000000e+02
5.081000099999999975e+01 1.130599979999999931e+02
1.037450029999999970e+02 9.949700199999999484e+01
3.216899899999999946e+01 9.205699900000000468e+01
6.087699899999999786e+01 7.774800100000000214e+01
5.954299900000000179e+01 8.946499599999999930e+01
2.585500000000000043e+01 9.825099899999999309e+01
9.281800099999999532e+01 9.548799900000000207e+01
8.669699900000000525e+01 3.188899999999999935e+01
3.265599799999999675e+01 1.272360000000000042e+02
8.819200100000000475e+01 1.030019989999999979e+02
7.450299800000000516e+01 7.840699800000000153e+01
3.432699999999999818e+01 1.419179990000000089e+02
5.695000100000000032e+01 7.973000299999999640e+01
4.988999900000000309e+01 1.393509980000000041e+02
5.560599899999999707e+01 8.844499999999999318e+01
7.226999700000000360e+01 9.541899899999999946e+01
9.161299900000000207e+01 8.786900300000000641e+01
7.944699900000000525e+01 8.177999900000000366e+01
6.762500000000000000e+01 8.657099900000000048e+01
9.838099699999999359e+01 1.022969970000000046e+02
9.764700299999999800e+01 1.447200009999999963e+02
3.629999899999999968e+01 1.395709990000000005e+02
1.868300100000000086e+01 1.073840030000000070e+02
9.418299899999999525e+01 7.674800100000000214e+01
5.418199899999999758e+01 1.384199979999999925e+02
9.001599899999999366e+01 8.107199900000000525e+01
2.177899899999999889e+01 6.849500299999999697e+01
6.142699799999999755e+01 1.384570009999999911e+02
4.703499999999999659e+01 6.853800200000000586e+01
4.003300099999999873e+01 7.432499699999999621e+01
6.047399899999999917e+01 7.676100200000000484e+01
8.895999899999999627e+01 6.801200099999999793e+01
3.913299899999999809e+01 1.044980010000000021e+02
9.537999700000000303e+01 1.055199970000000036e+02
3.916599999999999682e+01 1.405549929999999961e+02
7.401000200000000007e+01 7.367099799999999732e+01
7.545799999999999841e+01 8.459600100000000111e+01
3.211299900000000207e+01 4.009100000000000108e+01
2.221600000000000108e+01 1.083489990000000063e+02
5.685800199999999904e+01 1.132070010000000053e+02
8.136599699999999302e+01 1.010029980000000052e+02
6.139500000000000313e+01 7.772499799999999937e+01
7.340799699999999461e+01 7.587599899999999309e+01
2.350400000000000134e+01 8.829099999999999682e+01
1.021510009999999937e+02 8.223300199999999904e+01
6.112699899999999786e+01 9.923000299999999640e+01
9.234699999999999420e+01 7.825000000000000000e+01
4.481100099999999742e+01 1.000059969999999936e+02
1.017109990000000010e+02 9.787899799999999573e+01
3.379700100000000162e+01 8.243699599999999350e+01
1.787099999999999866e+01 1.456100010000000111e+02
1.796199999999999974e+01 1.008050000000000068e+02
3.327600100000000083e+01 1.122259980000000041e+02
2.602899899999999889e+01 8.920300299999999538e+01
1.008590010000000063e+02 8.194799799999999834e+01
2.826300000000000168e+01 1.407680049999999881e+02
6.795999899999999627e+01 1.413350069999999903e+02
6.821399700000000621e+01 1.292279969999999878e+02
9.650399799999999573e+01 5.586800000000000210e+01
3.225299799999999806e+01 3.702600100000000083e+01
3.992100099999999685e+01 9.883000199999999325e+01
7.737000299999999697e+01 8.132599600000000351e+01
6.738500200000000007e+01 1.059260029999999944e+02
2.212400099999999981e+01 1.195500030000000038e+02
5.524499899999999997e+01 7.792500300000000379e+01
7.750000000000000000e+01 1.300330050000000028e+02
7.535600300000000118e+01 1.048300019999999932e+02
3.720199999999999818e+01 1.425050050000000113e+02
5.484899899999999917e+01 6.808100100000000054e+01
9.871600300000000061e+01 1.018329999999999984e+02
5.098700000000000188e+01 9.280799899999999525e+01
7.138300300000000220e+01 8.896099900000000105e+01
9.449900100000000691e+01 1.383410030000000006e+02
4.895299899999999838e+01 7.191000400000000070e+01
5.061299900000000207e+01 7.577200299999999800e+01
3.101300000000000168e+01 4.191500099999999662e+01
9.692099799999999732e+01 1.186039959999999951e+02
4.440800099999999873e+01 1.124950029999999970e+02
3.643299900000000235e+01 1.050869979999999941e+02
9.035299700000000200e+01 6.980500000000000682e+01
2.392699999999999960e+01 8.050399799999999573e+01
4.134799999999999898e+01 8.467400399999999649e+01
1.027279970000000020e+02 1.023509980000000041e+02
4.066599999999999682e+01 8.299600200000000427e+01
8.263200399999999490e+01 9.099299600000000510e+01
9.280400099999999952e+01 8.960900100000000634e+01
8.979900399999999649e+01 9.826000200000000007e+01
3.124099899999999863e+01 1.341889950000000056e+02
2.243799999999999883e+01 7.794599900000000048e+01
9.428199800000000153e+01 1.414600069999999903e+02
2.363999999999999879e+00 1.204759980000000041e+02
8.143000000000000682e+01 1.035660019999999975e+02
3.482799899999999838e+01 9.423899799999999516e+01
1.021790009999999995e+02 7.581900000000000261e+01
1.031159969999999930e+02 6.457599600000000351e+01
9.006600199999999745e+01 1.398800050000000113e+02
8.057800299999999538e+01 7.945500199999999325e+01
8.412799800000000516e+01 1.433670040000000085e+02
4.515200000000000102e+01 9.641500100000000373e+01
5.986800000000000210e+01 7.251100200000000484e+01
8.270500199999999325e+01 8.931900000000000261e+01
8.800599699999999359e+01 9.071499599999999930e+01
4.163399900000000287e+01 8.615799699999999461e+01
9.021099900000000105e+01 7.907099900000000048e+01
7.181300400000000650e+01 1.382059940000000040e+02
1.032649990000000031e+02 9.426799800000000573e+01
9.579499800000000675e+01 1.411519930000000045e+02
2.363500000000000156e+01 1.436219940000000008e+02
2.938200000000000145e+01 7.601200099999999793e+01
4.427700000000000102e+01 8.734999799999999937e+01
8.806999999999999318e+01 1.135339969999999994e+02
4.359500100000000344e+01 7.454200000000000159e+01
2.471900000000000119e+01 7.615799699999999461e+01
7.288400300000000698e+01 8.884999799999999937e+01
1.032269969999999972e+02 4.312200200000000194e+01
3.835699799999999726e+01 6.988200399999999490e+01
5.086800000000000210e+01 7.893900299999999959e+01
1.002590030000000070e+02 7.535299700000000200e+01
8.805200200000000166e+01 1.076090010000000063e+02
5.094300100000000242e+01 7.257299799999999834e+01
8.909899900000000628e+01 8.228099799999999675e+01
6.858699799999999414e+01 7.917199700000000462e+01
1.647200000000000131e+01 3.929299900000000179e+01
5.114899799999999885e+01 8.500499700000000303e+01
1.742699999999999960e+01 1.020329969999999946e+02
5.806100099999999742e+01 1.118980030000000028e+02
9.794000000000000483e+00 1.234719999999999942e+02
