1.316269990000000121e+02 1.663820039999999949e+02
1.576269990000000121e+02 2.055480039999999917e+02
1.812929990000000089e+02 1.486329959999999915e+02
1.656770019999999874e+02 2.583680110000000241e+02
1.480700070000000039e+02 2.646449890000000096e+02
1.102730030000000028e+02 1.489510040000000117e+02
1.453410030000000006e+02 1.683820039999999949e+02
1.361649930000000097e+02 2.349089969999999994e+02
1.057350009999999969e+02 2.663229979999999841e+02
1.674790040000000033e+02 1.753060000000000116e+02
1.568899989999999889e+02 1.501309970000000078e+02
1.689739989999999921e+02 2.513950040000000001e+02
1.319369959999999935e+02 1.492590030000000070e+02
1.317220000000000084e+02 1.736589969999999994e+02
1.173639979999999952e+02 2.614689940000000092e+02
1.468269960000000083e+02 2.520200040000000001e+02
1.736219940000000008e+02 1.622109989999999868e+02
1.181090010000000063e+02 2.136150049999999965e+02
1.154860000000000042e+02 1.770850069999999903e+02
1.161179960000000051e+02 2.700989989999999921e+02
1.174000020000000006e+02 2.252760010000000079e+02
1.542579959999999915e+02 1.645399930000000097e+02
1.047669980000000010e+02 2.279830019999999990e+02
1.054530029999999954e+02 1.494279940000000124e+02
1.051579969999999946e+02 1.814400019999999927e+02
1.273509980000000041e+02 1.713489989999999921e+02
1.230009989999999931e+02 1.929420010000000048e+02
1.766470030000000122e+02 1.752369999999999948e+02
1.579230039999999917e+02 2.263240049999999997e+02
1.142030029999999954e+02 1.739019930000000045e+02
1.779450070000000039e+02 1.737519990000000121e+02
1.723489989999999921e+02 1.600350039999999865e+02
1.727760010000000079e+02 1.733410030000000006e+02
1.605480039999999917e+02 2.554159999999999968e+02
1.142020030000000048e+02 2.276390079999999898e+02
1.115910030000000006e+02 2.700119930000000181e+02
1.113089980000000025e+02 1.628090060000000108e+02
1.374730069999999955e+02 2.701440119999999752e+02
1.092529980000000052e+02 2.695679930000000013e+02
1.432689970000000130e+02 2.604190060000000244e+02
1.790820009999999911e+02 2.573850100000000225e+02
1.594920040000000085e+02 1.514750060000000076e+02
1.101989970000000056e+02 1.817510069999999871e+02
1.494060059999999908e+02 1.614230039999999917e+02
1.202409969999999930e+02 1.556519930000000045e+02
1.627610019999999906e+02 1.548150019999999927e+02
1.573150019999999927e+02 2.427539979999999957e+02
1.659199979999999925e+02 1.578849950000000035e+02
1.815850069999999903e+02 1.791909939999999892e+02
1.310440059999999960e+02 2.583670040000000085e+02
1.587259980000000041e+02 1.834570009999999911e+02
1.283170010000000048e+02 1.512270049999999912e+02
1.167300029999999964e+02 2.668609920000000102e+02
1.089879990000000021e+02 1.676999969999999962e+02
1.129280009999999947e+02 1.717799990000000037e+02
1.616540070000000071e+02 1.823820039999999949e+02
1.186200029999999970e+02 2.641780089999999745e+02
1.101439969999999988e+02 2.640899959999999851e+02
1.475059970000000078e+02 2.608989869999999769e+02
1.733350069999999903e+02 1.691340030000000070e+02
1.129280009999999947e+02 1.707790070000000071e+02
1.102379990000000021e+02 1.633000030000000038e+02
1.566439970000000130e+02 1.888300020000000075e+02
1.397879939999999976e+02 1.716000060000000076e+02
1.571840060000000108e+02 2.110240019999999959e+02
1.330209959999999967e+02 1.685070039999999949e+02
1.584420010000000048e+02 2.569580080000000066e+02
1.536959990000000005e+02 1.830130000000000052e+02
1.080350040000000007e+02 2.645409849999999778e+02
1.741659999999999968e+02 1.569880070000000103e+02
1.497480009999999879e+02 1.774439999999999884e+02
1.167030029999999954e+02 1.543159939999999892e+02
1.613600010000000111e+02 1.583880000000000052e+02
1.537290040000000033e+02 1.689530029999999954e+02
1.352420040000000085e+02 2.645379940000000261e+02
1.811080019999999990e+02 2.662370000000000232e+02
1.610469970000000046e+02 1.670319979999999873e+02
1.736380000000000052e+02 1.795549929999999961e+02
1.067129970000000014e+02 1.585679930000000013e+02
1.573829959999999915e+02 2.053569950000000119e+02
1.764609989999999868e+02 2.562999879999999848e+02
1.120380020000000059e+02 2.664809880000000248e+02
1.093679960000000051e+02 1.745090030000000070e+02
1.687839969999999994e+02 2.500970000000000084e+02
1.126399990000000031e+02 1.747949979999999925e+02
1.761479950000000088e+02 2.448679960000000051e+02
1.766459959999999967e+02 1.601179960000000051e+02
1.542079929999999877e+02 2.292769930000000045e+02
1.719859920000000102e+02 2.502359920000000102e+02
1.110380020000000059e+02 1.934799959999999999e+02
1.649880070000000103e+02 1.572220000000000084e+02
1.489159999999999968e+02 1.477870029999999986e+02
1.465980069999999955e+02 2.573590090000000146e+02
1.788919980000000010e+02 1.594170070000000123e+02
1.685350039999999865e+02 2.514550020000000075e+02
1.436260069999999871e+02 1.526549990000000037e+02
1.180599979999999931e+02 1.692790070000000071e+02
1.339730069999999955e+02 1.650980069999999955e+02
1.567879939999999976e+02 2.495290070000000071e+02
1.149280009999999947e+02 1.716889950000000056e+02
1.057119979999999941e+02 1.645749969999999962e+02
1.096279980000000052e+02 1.692760010000000079e+02
1.404270019999999874e+02 1.537940059999999960e+02
1.819490049999999997e+02 1.686739959999999883e+02
1.787810059999999908e+02 1.490700070000000039e+02
1.201819990000000047e+02 2.592359920000000102e+02
1.745919949999999972e+02 1.533880000000000052e+02
1.719629970000000014e+02 1.592660060000000044e+02
1.700659939999999892e+02 1.532120060000000024e+02
1.586620029999999986e+02 1.795010069999999871e+02
1.404219970000000046e+02 2.694360050000000228e+02
1.758899989999999889e+02 1.777400049999999965e+02
1.794380040000000065e+02 2.615339969999999994e+02
1.506040040000000033e+02 2.629360050000000228e+02
1.672720030000000122e+02 2.523470000000000084e+02
1.533780059999999992e+02 2.514019930000000045e+02
1.671990049999999997e+02 2.551199949999999887e+02
1.140810010000000005e+02 1.765579989999999952e+02
1.496089939999999956e+02 1.592030029999999954e+02
1.099380040000000065e+02 1.468789979999999957e+02
1.570970000000000084e+02 1.470950009999999963e+02
1.633880000000000052e+02 1.763430020000000127e+02
1.322590030000000070e+02 1.756649930000000097e+02
1.094209979999999973e+02 2.606749879999999848e+02
1.057949980000000068e+02 1.811620029999999986e+02
1.104970019999999948e+02 1.644299929999999961e+02
1.423899989999999889e+02 1.788990019999999959e+02
1.330959929999999929e+02 1.615409999999999968e+02
1.552059940000000040e+02 2.528229980000000126e+02
1.549709929999999929e+02 1.516269990000000121e+02
1.514149930000000097e+02 2.548110049999999944e+02
1.752870029999999986e+02 2.498899989999999889e+02
1.359550020000000075e+02 2.352420040000000085e+02
1.248199999999999932e+02 2.618640139999999974e+02
1.139229969999999952e+02 1.520890049999999860e+02
1.467449949999999887e+02 1.595390010000000132e+02
1.255930019999999985e+02 1.795240019999999959e+02
1.438419949999999972e+02 1.820209959999999967e+02
1.723690029999999922e+02 1.695579989999999952e+02
1.238550029999999964e+02 1.674629970000000014e+02
1.353189999999999884e+02 1.829989930000000129e+02
1.570220030000000122e+02 1.642689970000000130e+02
1.115770030000000048e+02 2.398209990000000005e+02
1.713520049999999912e+02 1.777839969999999994e+02
1.332850039999999865e+02 2.589729919999999765e+02
1.632019960000000083e+02 2.615790099999999825e+02
1.784080050000000028e+02 1.685469970000000046e+02
1.676049959999999999e+02 1.779190059999999960e+02
1.668540040000000033e+02 2.582160030000000006e+02
1.502429960000000051e+02 1.774730069999999955e+02
1.472689970000000130e+02 1.832510069999999871e+02
1.065199970000000036e+02 2.663229979999999841e+02
1.309470059999999876e+02 2.677200010000000248e+02
1.764369959999999935e+02 2.511130070000000103e+02
1.114700009999999963e+02 2.421860049999999944e+02
1.180429989999999947e+02 2.687629999999999768e+02
1.554320069999999987e+02 2.657789920000000166e+02
1.810599980000000073e+02 1.638269960000000083e+02
1.495310059999999908e+02 2.697399899999999775e+02
1.065059969999999936e+02 1.699989930000000129e+02
1.811320039999999949e+02 1.702299959999999999e+02
1.249960020000000043e+02 2.648469850000000179e+02
1.317440029999999922e+02 1.781419980000000010e+02
1.422059940000000040e+02 2.543670040000000085e+02
1.756139980000000094e+02 1.636920010000000048e+02
1.433600010000000111e+02 1.748040009999999995e+02
1.641430049999999881e+02 2.533480069999999955e+02
1.809920040000000085e+02 2.630549930000000245e+02
1.533099980000000073e+02 2.626279910000000086e+02
1.456950070000000039e+02 2.522220000000000084e+02
1.602610019999999906e+02 2.244159999999999968e+02
1.440859989999999868e+02 2.088110049999999944e+02
1.665630040000000065e+02 2.581059880000000248e+02
1.195210040000000049e+02 2.643420100000000161e+02
1.537559970000000078e+02 2.665910030000000006e+02
1.571519930000000045e+02 2.214170070000000123e+02
1.697120060000000024e+02 2.655329899999999839e+02
1.202009960000000035e+02 1.816399989999999889e+02
1.586159969999999930e+02 2.178959959999999967e+02
1.196999969999999962e+02 1.678480069999999955e+02
1.128960040000000049e+02 1.549980009999999879e+02
1.790440059999999960e+02 2.634450069999999755e+02
1.798090060000000108e+02 2.529900049999999965e+02
1.169170000000000016e+02 2.702929990000000089e+02
1.177580030000000022e+02 1.524839939999999956e+02
1.078280029999999954e+02 1.837640079999999898e+02
1.574270019999999874e+02 2.689570009999999911e+02
1.679920040000000085e+02 2.693909909999999854e+02
1.573730009999999879e+02 1.974920040000000085e+02
1.692380070000000103e+02 2.533699949999999887e+02
1.142310030000000012e+02 2.675920100000000161e+02
1.774960020000000043e+02 1.595420070000000123e+02
1.388540040000000033e+02 2.633120119999999815e+02
1.766380000000000052e+02 2.642760010000000079e+02
1.138410030000000006e+02 2.678720089999999914e+02
1.414550020000000075e+02 1.512460020000000043e+02
1.593470000000000084e+02 1.464299929999999961e+02
1.774080050000000028e+02 1.783229980000000126e+02
1.428580019999999990e+02 2.590369870000000105e+02
1.618899989999999889e+02 1.492039949999999919e+02
1.206839980000000025e+02 2.648429869999999937e+02
1.306080019999999990e+02 1.669969940000000008e+02
1.603540040000000033e+02 1.577200009999999963e+02
1.498800050000000113e+02 1.827019960000000083e+02
1.528650049999999965e+02 1.650879970000000014e+02
1.762189940000000092e+02 1.499320069999999987e+02
1.658780059999999992e+02 1.622380070000000103e+02
1.330359950000000140e+02 1.471699979999999925e+02
1.786199949999999887e+02 2.112790070000000071e+02
1.579159999999999968e+02 1.922590030000000070e+02
1.778240049999999997e+02 1.767330019999999990e+02
1.600610049999999944e+02 1.629190059999999960e+02
1.645659939999999892e+02 1.956199949999999887e+02
1.405070039999999949e+02 1.677839969999999994e+02
1.198109970000000004e+02 1.632090000000000032e+02
1.736049959999999999e+02 1.523240049999999997e+02
1.225920030000000054e+02 1.818639980000000094e+02
1.387350010000000111e+02 2.558580019999999990e+02
1.628370060000000024e+02 2.697969969999999762e+02
1.536549990000000037e+02 1.583189999999999884e+02
1.277429960000000051e+02 1.555229950000000088e+02
1.081380000000000052e+02 1.717090000000000032e+02
1.326119999999999948e+02 2.589519960000000083e+02
1.384640049999999860e+02 1.619559940000000040e+02
1.733049929999999961e+02 1.660050050000000113e+02
1.750910030000000006e+02 1.832790070000000071e+02
1.083160019999999975e+02 1.495650019999999927e+02
1.524510040000000117e+02 2.676130069999999819e+02
1.059820019999999943e+02 1.821869959999999935e+02
1.470420070000000123e+02 1.618609920000000102e+02
1.814940029999999922e+02 1.836880040000000065e+02
1.236449970000000036e+02 2.648349910000000023e+02
1.684859920000000102e+02 1.808950040000000001e+02
1.484669949999999972e+02 2.519499969999999962e+02
1.071809999999999974e+02 1.647239989999999921e+02
1.442440029999999922e+02 1.790760040000000117e+02
1.742050020000000075e+02 2.561589969999999994e+02
1.456829989999999952e+02 1.531439970000000130e+02
1.648459929999999929e+02 1.610140079999999898e+02
1.557270049999999912e+02 2.620010070000000155e+02
1.806490019999999959e+02 2.345959929999999929e+02
1.246900020000000069e+02 1.711549990000000037e+02
1.241770020000000017e+02 1.563999939999999924e+02
1.751829989999999952e+02 1.612890010000000132e+02
1.518880000000000052e+02 2.626440119999999752e+02
1.773600010000000111e+02 1.785350039999999865e+02
1.748450009999999963e+02 1.460469970000000046e+02
1.099700009999999963e+02 2.488910060000000044e+02
1.170940020000000032e+02 1.543359989999999868e+02
1.821600039999999865e+02 1.482619929999999897e+02
1.186340030000000070e+02 1.793880000000000052e+02
1.187360000000000042e+02 1.768040009999999995e+02
1.648999939999999924e+02 2.550390010000000132e+02
1.487510069999999871e+02 1.813370060000000024e+02
1.669149930000000097e+02 1.678040009999999995e+02
1.191740039999999965e+02 1.543739930000000129e+02
1.325850069999999903e+02 1.756309970000000078e+02
1.385579989999999952e+02 2.521990049999999997e+02
1.517310029999999870e+02 1.499730069999999955e+02
1.808439940000000092e+02 1.508260040000000117e+02
1.412030029999999954e+02 2.658219910000000255e+02
1.138150020000000069e+02 1.674799959999999999e+02
1.251569980000000015e+02 1.508079989999999952e+02
1.045770030000000048e+02 2.678280030000000238e+02
1.336540070000000071e+02 1.494120029999999986e+02
1.323320009999999911e+02 1.784620060000000024e+02
1.361829989999999952e+02 1.515879970000000014e+02
1.762480009999999879e+02 2.568559880000000248e+02
1.459920040000000085e+02 1.820379939999999976e+02
1.780339969999999994e+02 1.733820039999999949e+02
1.629590000000000032e+02 1.541369929999999897e+02
1.698670040000000085e+02 1.600449979999999925e+02
1.669420010000000048e+02 1.725579989999999952e+02
1.825870060000000024e+02 1.721450040000000001e+02
1.773820039999999949e+02 1.505529940000000124e+02
1.428139950000000056e+02 1.764850010000000111e+02
1.130770030000000048e+02 2.625950010000000248e+02
1.526939999999999884e+02 2.625299989999999752e+02
1.800859989999999868e+02 1.713119959999999935e+02
1.582700040000000001e+02 1.758470000000000084e+02
1.440939940000000092e+02 2.651589969999999994e+02
1.086019969999999972e+02 1.780910030000000006e+02
1.622630000000000052e+02 1.735910030000000006e+02
1.526540070000000071e+02 1.643849950000000035e+02
1.504590000000000032e+02 2.375659939999999892e+02
1.652449949999999887e+02 2.701430050000000165e+02
1.739210050000000081e+02 1.523470000000000084e+02
1.522070009999999911e+02 2.518800050000000113e+02
1.410840000000000032e+02 2.708330080000000066e+02
1.506369929999999897e+02 1.702579959999999915e+02
1.825070039999999949e+02 1.704479980000000126e+02
1.483320009999999911e+02 1.766089939999999956e+02
1.378060000000000116e+02 2.403529969999999878e+02
1.624859920000000102e+02 1.570829929999999877e+02
1.353639980000000094e+02 2.674809880000000248e+02
1.464660030000000006e+02 1.634570009999999911e+02
1.769629970000000014e+02 1.736710050000000081e+02
1.378860019999999906e+02 1.777160030000000006e+02
1.609380040000000065e+02 2.593030089999999745e+02
1.689409939999999892e+02 1.655059970000000078e+02
1.060100020000000001e+02 2.631300049999999828e+02
1.752380070000000103e+02 1.652299959999999999e+02
1.062330019999999990e+02 1.715800020000000075e+02
1.054089969999999994e+02 2.698959960000000251e+02
1.654470059999999876e+02 2.657730099999999993e+02
1.313090060000000108e+02 2.643879999999999768e+02
1.521939999999999884e+02 1.531529999999999916e+02
1.235660019999999975e+02 1.772239989999999921e+02
1.739499969999999962e+02 1.556430049999999881e+02
1.534799959999999999e+02 1.478990019999999959e+02
1.563179930000000013e+02 1.987590030000000070e+02
1.720220030000000122e+02 2.557440029999999922e+02
1.285579989999999952e+02 2.367449949999999887e+02
1.700070039999999949e+02 2.654460139999999910e+02
1.463760069999999871e+02 1.704680020000000127e+02
1.445780029999999954e+02 1.736840060000000108e+02
1.474250030000000038e+02 1.607929990000000089e+02
1.461860049999999944e+02 2.690239869999999769e+02
1.376459959999999967e+02 1.669439999999999884e+02
1.819850010000000111e+02 2.601579899999999839e+02
1.651820069999999987e+02 1.603350069999999903e+02
1.394040070000000071e+02 1.541069950000000119e+02
1.493500060000000076e+02 1.670590060000000108e+02
1.211979979999999983e+02 1.664949949999999887e+02
1.172229999999999990e+02 1.490930020000000127e+02
1.269530029999999954e+02 1.535590060000000108e+02
1.379620060000000024e+02 1.797339939999999956e+02
1.612100069999999903e+02 2.682390139999999974e+02
1.397940059999999960e+02 2.317259980000000041e+02
1.445449979999999925e+02 1.587530059999999992e+02
1.754810029999999870e+02 1.768170010000000048e+02
1.752369999999999948e+02 1.483580019999999990e+02
1.213109970000000004e+02 1.811309970000000078e+02
1.254869999999999948e+02 2.592460019999999759e+02
1.216579969999999946e+02 1.489669949999999972e+02
1.290440059999999960e+02 2.236679990000000089e+02
1.182500000000000000e+02 1.562630000000000052e+02
1.751470030000000122e+02 2.670350040000000149e+02
1.087450029999999970e+02 1.459929960000000051e+02
1.531300050000000113e+02 1.729880070000000103e+02
1.677949979999999925e+02 1.831529999999999916e+02
1.682830050000000028e+02 2.579500120000000152e+02
1.574499969999999962e+02 1.678670040000000085e+02
1.127969970000000046e+02 1.761170040000000085e+02
1.048720019999999948e+02 1.690650019999999927e+02
1.123690030000000064e+02 1.641920010000000048e+02
1.409900049999999965e+02 1.666939999999999884e+02
1.306719970000000046e+02 1.740299990000000037e+02
1.267399979999999999e+02 1.557250060000000076e+02
1.370279999999999916e+02 1.762100069999999903e+02
1.562160030000000006e+02 1.766730039999999917e+02
1.749060059999999908e+02 1.548849950000000035e+02
1.351970059999999876e+02 2.547469940000000008e+02
