5.438820190000000139e+02 3.197380069999999819e+02
5.427299799999999550e+02 3.070960079999999834e+02
5.129439700000000357e+02 2.711910100000000057e+02
5.063559880000000248e+02 3.404639890000000264e+02
4.569519960000000083e+02 3.093089899999999943e+02
5.367310179999999491e+02 3.426619870000000105e+02
4.731929930000000013e+02 3.181369930000000181e+02
4.968129880000000185e+02 3.533479919999999765e+02
4.471329959999999915e+02 3.125090030000000070e+02
5.444169920000000502e+02 3.048599849999999947e+02
5.219400020000000495e+02 3.193120119999999815e+02
5.129710079999999834e+02 3.466780089999999745e+02
4.760230099999999993e+02 3.416090090000000146e+02
5.140209959999999683e+02 3.507370000000000232e+02
5.307579960000000483e+02 3.388160100000000057e+02
5.157369999999999663e+02 3.546329959999999915e+02
4.654389949999999772e+02 3.257359920000000102e+02
4.495960079999999834e+02 3.379570009999999911e+02
5.370729979999999841e+02 3.433240049999999997e+02
5.350070190000000139e+02 3.548789980000000241e+02
4.464710079999999834e+02 3.035769960000000083e+02
4.493150019999999927e+02 3.163240049999999997e+02
4.648970029999999838e+02 3.436440119999999752e+02
5.438950200000000450e+02 3.202999879999999848e+02
4.706700129999999831e+02 3.296499939999999924e+02
4.471459960000000251e+02 3.567510070000000155e+02
4.596120000000000232e+02 3.536149899999999775e+02
5.072520139999999742e+02 3.543710019999999759e+02
4.507149959999999851e+02 3.413599849999999947e+02
5.337360230000000456e+02 3.191940000000000168e+02
4.819800109999999904e+02 3.278340150000000222e+02
4.445969850000000179e+02 3.453229979999999841e+02
5.291400149999999485e+02 2.981570130000000063e+02
5.035310059999999908e+02 2.973269960000000083e+02
5.017170100000000161e+02 3.410310059999999908e+02
5.044219969999999762e+02 3.401619870000000105e+02
5.168179930000000013e+02 3.434419859999999858e+02
4.500360109999999736e+02 3.026849980000000073e+02
4.752269900000000007e+02 3.395979919999999765e+02
5.225109860000000026e+02 3.027850040000000149e+02
4.807680050000000165e+02 3.510700069999999755e+02
5.308579710000000205e+02 3.556889949999999772e+02
4.461870119999999815e+02 2.919689940000000092e+02
4.628469850000000179e+02 3.337359920000000102e+02
5.130520020000000159e+02 3.274719850000000179e+02
4.729389949999999772e+02 3.338160100000000057e+02
4.506159969999999930e+02 3.094030149999999821e+02
5.342280269999999973e+02 3.580350040000000149e+02
5.281380000000000337e+02 3.464920040000000085e+02
4.896329959999999915e+02 2.772959900000000175e+02
5.449359739999999874e+02 3.170889890000000264e+02
5.051520080000000235e+02 3.457529910000000086e+02
5.288109739999999874e+02 3.431029970000000162e+02
5.420390009999999847e+02 3.434429930000000013e+02
5.051359860000000026e+02 3.538070069999999987e+02
4.635190119999999752e+02 3.314939880000000016e+02
4.686719969999999762e+02 2.905629880000000185e+02
5.300880130000000463e+02 2.964389949999999772e+02
5.175629880000000185e+02 3.426879880000000185e+02
4.961839899999999943e+02 3.087520139999999742e+02
5.419110110000000304e+02 3.207340090000000146e+02
5.237800290000000132e+02 3.536270139999999742e+02
5.441900020000000495e+02 3.514389949999999772e+02
5.175700070000000323e+02 3.073110050000000228e+02
4.534410100000000057e+02 3.174500120000000152e+02
5.240269779999999855e+02 2.993510130000000231e+02
4.644849849999999947e+02 3.355249939999999924e+02
5.067999879999999848e+02 3.516809999999999832e+02
4.502359920000000102e+02 3.437049870000000169e+02
4.976120000000000232e+02 3.460260010000000079e+02
4.477279970000000162e+02 3.520050049999999828e+02
5.028750000000000000e+02 3.406170040000000085e+02
4.600280149999999821e+02 3.162149959999999851e+02
5.319199830000000020e+02 3.555849910000000023e+02
4.962720029999999838e+02 2.788770139999999742e+02
4.676770020000000159e+02 3.269639890000000264e+02
4.569519960000000083e+02 3.006709900000000175e+02
5.260260009999999511e+02 3.048930050000000165e+02
5.390620119999999815e+02 3.541040039999999749e+02
5.108659969999999930e+02 3.496730039999999917e+02
5.432490229999999656e+02 3.478080140000000142e+02
4.584809880000000248e+02 3.367260130000000231e+02
5.228950200000000450e+02 3.187090150000000222e+02
5.341380000000000337e+02 3.370759889999999928e+02
5.428220209999999497e+02 3.309719850000000179e+02
4.593179930000000013e+02 3.047399899999999775e+02
4.568770139999999742e+02 3.092869870000000105e+02
4.538120119999999815e+02 3.303630069999999819e+02
4.960190119999999752e+02 2.998099980000000073e+02
4.783680110000000241e+02 3.573810119999999984e+02
5.147260129999999663e+02 3.523240049999999997e+02
5.277160030000000006e+02 3.072040099999999825e+02
5.233469850000000179e+02 3.073340150000000222e+02
4.462590030000000070e+02 3.367969969999999762e+02
5.438850099999999657e+02 3.159209900000000175e+02
5.248150020000000495e+02 3.265610050000000228e+02
5.353569949999999835e+02 3.336180110000000241e+02
5.213980099999999993e+02 3.361010130000000231e+02
4.590270080000000235e+02 3.090320130000000063e+02
4.627380069999999819e+02 3.001960139999999910e+02
5.060140079999999898e+02 3.368450010000000248e+02
5.309799799999999550e+02 3.352250060000000076e+02
4.874140009999999847e+02 2.916059880000000248e+02
5.188150020000000495e+02 3.498009950000000003e+02
4.663989869999999769e+02 3.177430110000000241e+02
4.628120119999999815e+02 3.331310119999999984e+02
4.966040039999999749e+02 2.940409849999999778e+02
5.314169920000000502e+02 2.978129880000000185e+02
5.397830199999999650e+02 3.085830080000000066e+02
4.762659909999999854e+02 3.214110109999999736e+02
4.575599980000000073e+02 3.098710019999999759e+02
5.220880130000000463e+02 3.195129999999999768e+02
4.629899899999999775e+02 3.385280149999999821e+02
5.392700200000000450e+02 3.436159969999999930e+02
4.666820069999999987e+02 3.117969969999999762e+02
5.380300290000000132e+02 3.107950129999999831e+02
5.346250000000000000e+02 3.037629999999999768e+02
4.915499879999999848e+02 3.310270080000000235e+02
5.313839719999999716e+02 3.440360109999999736e+02
4.648810119999999984e+02 3.309460139999999910e+02
5.072980039999999917e+02 3.431409909999999854e+02
5.305430300000000443e+02 3.477170100000000161e+02
5.449569699999999557e+02 3.382780149999999821e+02
5.357680050000000165e+02 2.952539980000000241e+02
4.962460019999999759e+02 2.905939940000000092e+02
5.156240229999999656e+02 3.033359990000000153e+02
4.975750120000000152e+02 3.236730039999999917e+02
5.167089839999999867e+02 3.429670100000000161e+02
4.649150089999999977e+02 3.525910030000000006e+02
5.417319949999999835e+02 3.219979860000000258e+02
4.978919980000000010e+02 2.746669919999999934e+02
5.423439939999999524e+02 3.171730039999999917e+02
5.135310060000000476e+02 3.339429930000000013e+02
5.161719970000000330e+02 3.206099849999999947e+02
4.748540039999999749e+02 3.348729860000000258e+02
4.611279910000000086e+02 3.530289920000000166e+02
4.529779970000000162e+02 3.123659969999999930e+02
4.565400089999999977e+02 3.022059939999999756e+02
5.314310299999999643e+02 3.389299930000000245e+02
5.404970090000000482e+02 3.532919919999999934e+02
5.435629880000000185e+02 3.291499939999999924e+02
4.489100040000000149e+02 3.212860109999999736e+02
5.332819819999999709e+02 3.317290039999999749e+02
4.571419980000000010e+02 3.466560059999999908e+02
4.705329899999999839e+02 3.548200069999999755e+02
4.729450069999999755e+02 3.479110109999999736e+02
4.814590150000000222e+02 3.461589969999999994e+02
5.161749879999999848e+02 3.404230039999999917e+02
4.593580019999999990e+02 3.137309880000000248e+02
4.752479860000000258e+02 3.442479860000000258e+02
4.528739929999999845e+02 3.526690060000000244e+02
5.425549929999999677e+02 3.267739869999999769e+02
4.505799870000000169e+02 3.505979919999999765e+02
5.324799799999999550e+02 3.161149899999999775e+02
5.294940189999999802e+02 3.224200129999999831e+02
5.426779790000000503e+02 2.958290099999999825e+02
4.576010130000000231e+02 3.433150019999999927e+02
5.165750120000000152e+02 3.478190000000000168e+02
4.469410100000000057e+02 3.528489989999999921e+02
4.636789860000000090e+02 3.383039860000000090e+02
5.434060060000000476e+02 3.147820130000000063e+02
4.500140079999999898e+02 3.529859920000000102e+02
4.741319889999999759e+02 3.258930050000000165e+02
5.426199950000000172e+02 3.075769960000000083e+02
5.303049929999999677e+02 3.206629940000000261e+02
5.208909909999999854e+02 3.031560059999999908e+02
4.698659969999999930e+02 3.509379880000000185e+02
4.448840030000000070e+02 3.018900150000000053e+02
5.193220209999999497e+02 3.202040099999999825e+02
5.449249879999999848e+02 3.490280149999999821e+02
5.101870119999999815e+02 3.320440060000000244e+02
4.776990049999999997e+02 3.332770080000000235e+02
5.209099730000000363e+02 3.131919859999999858e+02
4.619419859999999858e+02 3.403900150000000053e+02
5.225750120000000152e+02 3.140830080000000066e+02
5.168660280000000284e+02 3.401220089999999914e+02
4.740280149999999821e+02 3.370230099999999993e+02
4.527820130000000063e+02 3.530039980000000241e+02
4.966700129999999831e+02 2.836189880000000016e+02
5.104570009999999911e+02 3.347569889999999759e+02
5.190159909999999854e+02 3.122839969999999994e+02
4.978240049999999997e+02 3.093439940000000092e+02
4.468930050000000165e+02 3.029630129999999895e+02
5.330310060000000476e+02 3.422579959999999915e+02
5.266550290000000132e+02 3.432269900000000007e+02
5.062820130000000063e+02 3.472560119999999984e+02
4.978800049999999828e+02 3.445159909999999854e+02
4.561579899999999839e+02 3.262449950000000172e+02
5.171240229999999656e+02 3.488389890000000264e+02
5.316409909999999854e+02 3.061480099999999993e+02
4.469620059999999739e+02 3.244360050000000228e+02
5.212880249999999478e+02 3.160660100000000057e+02
5.124240109999999504e+02 3.180239869999999769e+02
4.818890079999999898e+02 3.474739989999999921e+02
4.721719969999999762e+02 3.249909969999999930e+02
4.639559939999999756e+02 3.549200129999999831e+02
4.975299989999999752e+02 2.978179930000000013e+02
5.191790160000000469e+02 3.354649959999999851e+02
5.264959720000000516e+02 3.437560119999999984e+02
5.125120239999999967e+02 3.546489869999999769e+02
5.131270140000000310e+02 3.255759889999999928e+02
4.650390009999999847e+02 3.009089969999999994e+02
5.419039920000000166e+02 3.149209900000000175e+02
5.230650020000000495e+02 3.235989989999999921e+02
4.746180110000000241e+02 3.020610050000000228e+02
4.614299930000000245e+02 3.034259950000000003e+02
4.522999879999999848e+02 3.303330080000000066e+02
4.472940060000000244e+02 3.246849980000000073e+02
5.351190189999999802e+02 3.288439940000000092e+02
4.534429930000000013e+02 3.208550109999999904e+02
5.077200010000000248e+02 3.543059999999999832e+02
4.569509889999999928e+02 3.453129880000000185e+02
4.979070130000000063e+02 3.548900150000000053e+02
5.164050290000000132e+02 3.383770139999999742e+02
5.372299799999999550e+02 2.877839969999999994e+02
4.966180110000000241e+02 3.186329959999999915e+02
4.468859860000000026e+02 3.302550049999999828e+02
5.270949709999999868e+02 3.567009889999999928e+02
5.122119750000000522e+02 3.402149959999999851e+02
4.582120059999999739e+02 3.253580019999999990e+02
4.469479979999999841e+02 2.934790039999999749e+02
5.223900149999999485e+02 3.249309999999999832e+02
4.447730099999999993e+02 3.570249939999999924e+02
4.818729860000000258e+02 3.386310119999999984e+02
5.129979859999999690e+02 3.471340030000000070e+02
5.276420289999999795e+02 3.332749939999999924e+02
5.127290040000000317e+02 3.564320069999999987e+02
5.247810060000000476e+02 3.537430110000000241e+02
4.475029910000000086e+02 3.387300109999999904e+02
5.112879940000000261e+02 3.256610109999999736e+02
5.072590030000000070e+02 3.575539860000000090e+02
5.411290279999999484e+02 2.920400089999999977e+02
5.326300049999999828e+02 3.464630129999999895e+02
4.472059939999999756e+02 3.064039920000000166e+02
4.618150019999999927e+02 3.328630069999999819e+02
4.681560059999999908e+02 3.434190060000000244e+02
5.335620119999999815e+02 2.856740110000000072e+02
4.782000120000000152e+02 3.298630069999999819e+02
4.618179930000000013e+02 3.448280030000000238e+02
5.338729859999999690e+02 3.501199950000000172e+02
5.381199950000000172e+02 2.805750120000000152e+02
4.477839969999999994e+02 2.927040099999999825e+02
4.650029910000000086e+02 3.250190119999999752e+02
5.405499879999999848e+02 3.537099910000000023e+02
4.506549989999999752e+02 3.341719969999999762e+02
5.246049799999999550e+02 2.994389949999999772e+02
5.383790279999999484e+02 3.547099910000000023e+02
4.815979919999999765e+02 2.735669859999999858e+02
5.362730099999999993e+02 3.172189940000000092e+02
5.245369869999999537e+02 3.517709960000000251e+02
4.467799989999999752e+02 3.530060119999999984e+02
5.091950069999999755e+02 3.573349910000000023e+02
5.291970209999999497e+02 3.033330080000000066e+02
5.309790040000000317e+02 3.578479919999999765e+02
5.276770020000000159e+02 2.924530030000000238e+02
5.364370119999999815e+02 3.068569949999999835e+02
5.395670169999999644e+02 3.256350100000000225e+02
4.449800109999999904e+02 3.153030089999999745e+02
4.723900150000000053e+02 3.365230099999999993e+02
4.650090030000000070e+02 3.437139890000000264e+02
5.269769900000000007e+02 3.298250120000000152e+02
4.522799989999999752e+02 3.422990110000000072e+02
4.655969850000000179e+02 3.202520139999999742e+02
5.375109860000000026e+02 2.918120119999999815e+02
4.537059939999999756e+02 2.951650089999999977e+02
4.503169859999999858e+02 3.408410030000000006e+02
4.788670040000000085e+02 3.385610050000000228e+02
5.238569949999999835e+02 3.534410100000000057e+02
5.243079830000000356e+02 3.323450010000000248e+02
5.328140260000000126e+02 2.961140139999999974e+02
5.344739990000000489e+02 3.475499879999999848e+02
5.128010249999999814e+02 3.448689880000000016e+02
5.057730099999999993e+02 3.558739929999999845e+02
4.731690060000000244e+02 3.496820069999999987e+02
4.520079959999999915e+02 3.365790099999999825e+02
5.170070190000000139e+02 3.352959900000000175e+02
5.286680300000000443e+02 3.024460139999999910e+02
5.314500120000000152e+02 3.507929990000000089e+02
5.055910030000000006e+02 3.497219850000000179e+02
4.617210079999999834e+02 3.363559880000000248e+02
4.489070130000000063e+02 3.196480099999999993e+02
5.289000240000000304e+02 2.909419859999999858e+02
5.306610110000000304e+02 2.872470089999999914e+02
4.533500060000000076e+02 2.955230099999999993e+02
5.306790160000000469e+02 3.348810119999999984e+02
5.079389949999999772e+02 3.564240110000000072e+02
4.685180050000000165e+02 3.487999879999999848e+02
5.445209959999999683e+02 2.966870119999999815e+02
5.381090090000000146e+02 2.825589899999999943e+02
5.351799929999999677e+02 2.815140079999999898e+02
4.672669980000000010e+02 3.531830140000000142e+02
5.445219730000000027e+02 2.872130129999999895e+02
5.204060060000000476e+02 3.395050049999999828e+02
4.791239929999999845e+02 3.533469850000000179e+02
5.114010010000000079e+02 3.391770020000000159e+02
4.584849849999999947e+02 3.334660030000000006e+02
5.252570190000000139e+02 3.215549930000000245e+02
4.545239869999999769e+02 3.561359860000000026e+02
4.518850100000000225e+02 3.194419859999999858e+02
4.644909969999999930e+02 3.103089899999999943e+02
4.676499939999999924e+02 3.556640009999999847e+02
4.764219969999999762e+02 3.424580080000000066e+02
5.281320190000000139e+02 3.571870119999999815e+02
4.528070069999999987e+02 3.314370119999999815e+02
4.743269960000000083e+02 3.155769960000000083e+02
5.441420289999999795e+02 3.215950010000000248e+02
5.311320190000000139e+02 3.270809939999999756e+02
5.283359990000000153e+02 3.151459960000000251e+02
5.441019900000000007e+02 2.802590030000000070e+02
4.853699950000000172e+02 2.748290099999999825e+02
5.082510070000000155e+02 3.403940119999999752e+02
4.672609860000000026e+02 3.295759889999999928e+02
5.366820069999999987e+02 2.969479979999999841e+02
4.494270020000000159e+02 3.213859860000000026e+02
4.778510130000000231e+02 3.294419859999999858e+02
4.572780149999999821e+02 3.492250060000000076e+02
5.308959959999999683e+02 3.200190119999999752e+02
