3.799379880000000185e+02 9.718900299999999959e+01
3.770939940000000092e+02 6.689299800000000573e+01
4.734949950000000172e+02 4.079499799999999965e+01
4.242940060000000244e+02 9.750900300000000698e+01
4.453120119999999815e+02 1.337729950000000088e+02
4.260979919999999765e+02 1.319629970000000014e+02
4.441860050000000228e+02 7.477300300000000277e+01
3.682239989999999921e+02 8.312500000000000000e+01
4.402579959999999915e+02 1.013830030000000022e+02
4.625849910000000023e+02 4.692300000000000182e+01
4.432219850000000179e+02 1.011279980000000052e+02
4.257539980000000241e+02 1.211330030000000022e+02
4.369270020000000159e+02 1.404839939999999956e+02
4.491239929999999845e+02 1.299889980000000094e+02
3.551130069999999819e+02 1.021699980000000068e+02
4.563200069999999755e+02 8.562400100000000691e+01
4.547120059999999739e+02 1.410619959999999935e+02
4.641979979999999841e+02 4.813499800000000306e+01
4.543229979999999841e+02 7.104499800000000675e+01
4.610539860000000090e+02 5.812300100000000214e+01
4.585589899999999943e+02 6.491300200000000586e+01
4.599760130000000231e+02 5.918500099999999975e+01
4.293599849999999947e+02 1.084850009999999969e+02
4.412869870000000105e+02 7.508100100000000054e+01
4.474259950000000003e+02 5.831900000000000261e+01
4.392569889999999759e+02 7.456099700000000041e+01
3.771409909999999854e+02 3.302999899999999656e+01
4.236940000000000168e+02 1.345599980000000073e+02
4.506419980000000010e+02 7.015599799999999675e+01
4.370159909999999854e+02 1.084850009999999969e+02
4.603330080000000066e+02 8.726399999999999579e+01
4.461300049999999828e+02 9.292199700000000462e+01
4.376379999999999768e+02 1.202460020000000043e+02
4.639710079999999834e+02 6.267499899999999968e+01
4.231279910000000086e+02 1.358350069999999903e+02
4.257489929999999845e+02 8.565300000000000580e+01
3.599700010000000248e+02 1.401510010000000079e+02
4.231730039999999917e+02 1.236039959999999951e+02
4.469890139999999974e+02 6.066799900000000179e+01
4.538240049999999997e+02 5.645500200000000035e+01
4.361600040000000149e+02 9.951000200000000007e+01
4.372229919999999765e+02 8.901599899999999366e+01
4.564519960000000083e+02 7.010399599999999509e+01
4.274670100000000161e+02 1.056289979999999957e+02
4.543099980000000073e+02 5.957799899999999838e+01
4.734289860000000090e+02 5.429700100000000162e+01
4.541629940000000261e+02 5.739799899999999866e+01
4.428919980000000010e+02 8.768699599999999350e+01
4.212000120000000152e+02 2.448399900000000073e+01
4.415409849999999778e+02 8.412599899999999309e+01
4.426719969999999762e+02 7.761799600000000510e+01
4.615799870000000169e+02 6.066599999999999682e+01
4.526940000000000168e+02 5.814899799999999885e+01
4.690969850000000179e+02 6.340499899999999656e+01
4.563529970000000162e+02 6.424600200000000427e+01
4.277869870000000105e+02 1.012969970000000046e+02
4.736740110000000072e+02 6.955599999999999739e+01
4.618670040000000085e+02 4.088799999999999812e+01
4.295750120000000152e+02 1.242419969999999978e+02
4.267090150000000222e+02 1.259240039999999965e+02
4.292479860000000258e+02 1.386419980000000010e+02
4.595249939999999924e+02 7.562300100000000214e+01
4.364700010000000248e+02 1.321269990000000121e+02
3.693540039999999749e+02 7.185800199999999904e+01
4.691430050000000165e+02 7.424500299999999697e+01
4.264150089999999977e+02 1.386089939999999956e+02
4.604240110000000072e+02 5.747700100000000134e+01
4.316589969999999994e+02 1.236600040000000007e+02
4.286650089999999977e+02 1.267949980000000068e+02
4.211300049999999828e+02 4.855400099999999952e+01
4.420010070000000155e+02 1.338910060000000044e+02
4.334249879999999848e+02 8.911399799999999516e+01
4.412149959999999851e+02 8.674500299999999697e+01
4.556459960000000251e+02 7.552700000000000102e+01
4.490599980000000073e+02 9.628600299999999379e+01
4.241300049999999828e+02 9.615000200000000063e+01
4.665509950000000003e+02 5.570000100000000032e+01
4.578760070000000155e+02 5.003599899999999678e+01
4.489230039999999917e+02 6.099200100000000191e+01
4.482290039999999749e+02 7.479000100000000373e+01
4.342260130000000231e+02 1.008970029999999980e+02
3.725329899999999839e+02 8.391000400000000070e+01
4.274559939999999756e+02 1.346799929999999961e+02
4.615950010000000248e+02 6.934999799999999937e+01
3.771910100000000057e+02 1.098239970000000056e+02
3.769060059999999908e+02 1.079850009999999969e+02
4.275610050000000228e+02 1.393999939999999924e+02
4.319920040000000085e+02 5.060499999999999687e+01
3.655450129999999831e+02 2.650300000000000011e+01
4.615679930000000013e+02 7.237000299999999697e+01
4.409920040000000085e+02 6.282600000000000051e+01
4.387969969999999762e+02 1.157289959999999951e+02
4.583699950000000172e+02 8.600499700000000303e+01
4.275350040000000149e+02 1.408419949999999972e+02
3.991860050000000228e+02 7.923600000000000421e+01
4.715620119999999815e+02 6.081399900000000258e+01
4.290029910000000086e+02 8.412000299999999697e+01
4.473649899999999775e+02 1.036679989999999947e+02
4.646379999999999768e+02 5.701699800000000096e+01
4.259559939999999756e+02 7.890599799999999675e+01
4.440989989999999921e+02 7.823500099999999691e+01
4.309230039999999917e+02 1.245920030000000054e+02
4.313980099999999993e+02 6.915499900000000366e+01
4.050289920000000166e+02 1.119810030000000012e+02
4.327590030000000070e+02 7.350499700000000303e+01
4.571140139999999974e+02 7.967400399999999649e+01
4.736799930000000245e+02 7.594000200000000689e+01
4.210750120000000152e+02 1.238929980000000057e+02
4.327210079999999834e+02 1.237419969999999978e+02
4.451560059999999908e+02 8.906500200000000689e+01
4.623739929999999845e+02 1.074970019999999948e+02
4.501679990000000089e+02 1.336580050000000028e+02
4.259309999999999832e+02 9.965399899999999889e+01
4.285010070000000155e+02 1.183919980000000010e+02
3.731369930000000181e+02 1.219300000000000068e+02
4.542059939999999756e+02 8.878800200000000586e+01
4.385939940000000092e+02 9.929599799999999732e+01
4.428970029999999838e+02 1.047630000000000052e+02
4.523160100000000057e+02 9.441599999999999682e+01
4.576220089999999914e+02 7.807099900000000048e+01
3.768879999999999768e+02 7.052500200000000063e+01
4.363529970000000162e+02 9.196800199999999847e+01
4.635610050000000228e+02 8.395099600000000351e+01
3.800939940000000092e+02 5.088100099999999770e+01
4.503080140000000142e+02 1.376479950000000088e+02
4.257810059999999908e+02 2.915299999999999869e+01
3.736189880000000016e+02 5.966099899999999678e+01
3.644939880000000016e+02 5.726299999999999812e+01
4.365650019999999927e+02 6.922399900000000628e+01
4.438989869999999769e+02 1.269059979999999968e+02
3.616690060000000244e+02 1.104219970000000046e+02
4.476489869999999769e+02 1.138919980000000010e+02
4.323250120000000152e+02 4.393199899999999758e+01
3.771170040000000085e+02 6.023599999999999710e+01
4.593049930000000245e+02 7.872000099999999634e+01
4.445700069999999755e+02 1.015739970000000056e+02
4.258460079999999834e+02 7.813200399999999490e+01
4.300530089999999745e+02 1.015709990000000005e+02
4.399389949999999772e+02 1.122239990000000063e+02
4.627139890000000264e+02 4.895399900000000315e+01
4.668110050000000228e+02 3.857000000000000028e+01
4.312000120000000152e+02 9.107800299999999538e+01
4.717510070000000155e+02 6.319100199999999745e+01
3.773859860000000026e+02 1.281459959999999967e+02
4.321449890000000096e+02 8.467800099999999475e+01
4.388429869999999937e+02 1.102259980000000041e+02
4.392690119999999752e+02 7.647499799999999937e+01
4.688250120000000152e+02 5.784999799999999937e+01
4.231130069999999819e+02 1.336750030000000038e+02
4.376510010000000079e+02 9.731999999999999318e+01
4.219230039999999917e+02 1.111490019999999959e+02
4.451679990000000089e+02 1.210360029999999938e+02
3.770690000000000168e+02 7.669799799999999834e+01
4.657409969999999930e+02 4.012699899999999786e+01
4.599890139999999974e+02 4.806199999999999761e+01
4.333800049999999828e+02 1.359750060000000076e+02
3.918489989999999921e+02 6.987500000000000000e+01
4.393479919999999765e+02 1.001070019999999943e+02
4.682839969999999994e+02 5.423700000000000188e+01
3.484150089999999977e+02 1.041309969999999936e+02
4.191329959999999915e+02 1.271989970000000056e+02
4.355220029999999838e+02 1.335000000000000000e+02
4.416359860000000026e+02 6.640200000000000102e+01
4.311510010000000079e+02 1.307830050000000028e+02
4.685050049999999828e+02 6.344300100000000242e+01
4.722879940000000261e+02 6.141799900000000179e+01
3.549389949999999772e+02 1.313780059999999992e+02
4.325010070000000155e+02 8.716799899999999468e+01
3.653559880000000248e+02 1.414250030000000038e+02
4.568900150000000053e+02 6.259000000000000341e+01
4.418959960000000251e+02 9.794999699999999621e+01
4.387529910000000086e+02 1.104499969999999962e+02
4.444129940000000261e+02 7.276200099999999793e+01
4.572189940000000092e+02 6.105799900000000235e+01
4.440020139999999742e+02 7.380400099999999952e+01
4.370409849999999778e+02 8.933799700000000144e+01
4.291910100000000057e+02 1.124069980000000015e+02
4.534930110000000241e+02 7.694400000000000261e+01
4.563519900000000007e+02 7.816999800000000675e+01
4.387929990000000089e+02 7.657099900000000048e+01
4.550920100000000161e+02 6.009500100000000344e+01
4.438439940000000092e+02 8.704200000000000159e+01
4.222669980000000010e+02 1.018990019999999959e+02
4.404639890000000264e+02 7.970999899999999627e+01
4.451470029999999838e+02 1.374129939999999976e+02
4.453389890000000264e+02 5.729399899999999946e+01
4.624790039999999749e+02 7.937799800000000516e+01
4.615840150000000222e+02 7.757099900000000048e+01
4.206629940000000261e+02 1.217249979999999994e+02
3.773999939999999924e+02 9.111399799999999516e+01
4.516719969999999762e+02 4.847700100000000134e+01
4.354219969999999762e+02 1.279150010000000037e+02
4.356830140000000142e+02 1.240780029999999954e+02
4.393340150000000222e+02 1.339109950000000140e+02
4.288550109999999904e+02 1.089919969999999978e+02
4.338890079999999898e+02 1.008980030000000028e+02
4.410559999999999832e+02 1.317920070000000123e+02
4.497500000000000000e+02 1.321609950000000140e+02
4.218049930000000245e+02 9.413300300000000220e+01
4.316780089999999745e+02 7.841200299999999856e+01
4.622380069999999819e+02 7.064299800000000573e+01
4.710000000000000000e+02 4.233299999999999841e+01
4.498559880000000248e+02 9.900800300000000220e+01
4.264500120000000152e+02 5.251699800000000096e+01
4.557420040000000085e+02 7.260399599999999509e+01
4.494200129999999831e+02 1.333430020000000127e+02
3.723160100000000057e+02 3.548599999999999710e+01
4.367869870000000105e+02 1.325240019999999959e+02
4.500169980000000010e+02 6.796600300000000061e+01
3.880440060000000244e+02 6.729499800000000675e+01
3.777009889999999928e+02 4.173099899999999707e+01
4.574389949999999772e+02 1.410480039999999917e+02
4.509419859999999858e+02 6.634799999999999898e+01
4.430419919999999934e+02 7.500700399999999490e+01
4.675299989999999752e+02 7.101100200000000484e+01
4.702160030000000006e+02 8.218299899999999525e+01
4.372269900000000007e+02 1.331210020000000043e+02
4.606499939999999924e+02 8.826000200000000007e+01
4.475639949999999772e+02 9.745099600000000351e+01
4.476040039999999749e+02 5.180400099999999952e+01
3.866740110000000072e+02 2.858200100000000177e+01
4.553290099999999825e+02 7.819699900000000525e+01
4.474010010000000079e+02 5.267999999999999972e+01
4.585660100000000057e+02 7.711199999999999477e+01
4.354670100000000161e+02 7.368499799999999311e+01
3.778689880000000016e+02 1.391300050000000113e+02
4.373559880000000248e+02 1.300220030000000122e+02
4.298469850000000179e+02 8.910700199999999427e+01
4.564179990000000089e+02 1.263580019999999990e+02
4.231520080000000235e+02 1.208140029999999996e+02
3.677099910000000023e+02 2.916900100000000151e+01
4.484670100000000161e+02 1.273310010000000005e+02
4.591390079999999898e+02 8.319400000000000261e+01
4.416220089999999914e+02 8.271199799999999414e+01
4.556900019999999927e+02 1.399299929999999961e+02
4.462390139999999974e+02 6.536499799999999993e+01
4.369609990000000153e+02 1.228610000000000042e+02
4.491950069999999755e+02 7.323400100000000634e+01
4.563020020000000159e+02 5.318099999999999739e+01
4.151189880000000016e+02 1.055400010000000037e+02
4.603879999999999768e+02 6.803800200000000586e+01
4.435750120000000152e+02 7.547699699999999723e+01
3.502430110000000241e+02 1.007170030000000054e+02
4.453829959999999915e+02 7.738099699999999359e+01
4.216019900000000007e+02 1.177170030000000054e+02
3.653269960000000083e+02 1.389559940000000040e+02
4.566499939999999924e+02 5.368600099999999742e+01
4.402130129999999895e+02 1.193340000000000032e+02
4.616019900000000007e+02 5.476699800000000096e+01
4.370000000000000000e+02 1.125940020000000032e+02
4.678129880000000185e+02 6.447899599999999509e+01
4.236579899999999839e+02 1.247590030000000070e+02
4.390599980000000073e+02 1.078249969999999962e+02
4.559779970000000162e+02 5.864099900000000076e+01
4.445929869999999937e+02 1.021859970000000004e+02
4.304599910000000023e+02 8.172899599999999509e+01
4.441659849999999778e+02 7.066799899999999468e+01
4.408710019999999759e+02 1.412039949999999919e+02
4.207370000000000232e+02 1.348439940000000092e+02
4.505289920000000166e+02 7.952899899999999889e+01
4.489460139999999910e+02 8.654499800000000675e+01
3.737980039999999917e+02 5.431499900000000025e+01
4.356470029999999838e+02 1.199509960000000035e+02
4.208970029999999838e+02 1.276569980000000015e+02
3.776839899999999943e+02 1.142549970000000030e+02
4.278450010000000248e+02 1.393809970000000078e+02
3.664209900000000175e+02 9.883799700000000144e+01
3.763500060000000076e+02 6.743299899999999525e+01
4.665719910000000255e+02 6.881900000000000261e+01
4.554169919999999934e+02 7.216899899999999946e+01
4.287780149999999821e+02 1.314609989999999868e+02
4.726040039999999749e+02 4.175199899999999786e+01
3.776390079999999898e+02 8.765799699999999461e+01
4.201570130000000063e+02 1.191029970000000020e+02
4.561199950000000172e+02 5.219300100000000242e+01
4.471149899999999775e+02 6.204399899999999946e+01
4.711700129999999831e+02 8.228099799999999675e+01
3.778500060000000076e+02 6.247399899999999917e+01
4.528370059999999739e+02 6.724700199999999484e+01
4.288210139999999910e+02 1.081989970000000056e+02
4.391189880000000016e+02 1.196930009999999953e+02
3.768290099999999825e+02 1.351360019999999906e+02
4.703829959999999915e+02 5.647600200000000115e+01
3.720129999999999768e+02 1.380619959999999935e+02
4.421650089999999977e+02 6.216599999999999682e+01
4.592890009999999847e+02 1.399739989999999921e+02
4.387629999999999768e+02 9.804599799999999732e+01
4.458179930000000013e+02 1.306190029999999922e+02
4.514970089999999914e+02 9.414199800000000096e+01
4.310400089999999977e+02 6.958899700000000621e+01
4.337279970000000162e+02 1.405429990000000089e+02
4.311820069999999987e+02 5.020999900000000338e+01
3.778529970000000162e+02 5.324200100000000191e+01
4.349410100000000057e+02 1.132880020000000059e+02
3.552770080000000235e+02 7.660099800000000414e+01
3.829670100000000161e+02 9.380599999999999739e+01
4.525509950000000003e+02 2.820999899999999982e+01
