1.395700070000000039e+02 4.013810119999999984e+02
1.297480009999999879e+02 4.151730039999999917e+02
1.638079989999999952e+02 3.594450069999999755e+02
1.703569950000000119e+02 3.713009950000000003e+02
1.261470029999999980e+02 4.264779970000000162e+02
1.546380000000000052e+02 3.577529910000000086e+02
1.389159999999999968e+02 4.194299930000000245e+02
1.629880070000000103e+02 4.212200010000000248e+02
1.135250020000000006e+02 3.992349849999999947e+02
1.132689969999999988e+02 3.972829899999999839e+02
1.280359950000000140e+02 3.609519960000000083e+02
1.538780059999999992e+02 3.722659909999999854e+02
1.381909939999999892e+02 3.695280149999999821e+02
1.377839969999999994e+02 4.026000060000000076e+02
1.447270049999999912e+02 3.634100040000000149e+02
1.128740010000000069e+02 4.181879880000000185e+02
1.376810000000000116e+02 4.276069949999999835e+02
1.548809970000000078e+02 4.216340030000000070e+02
1.679420010000000048e+02 4.092189940000000092e+02
1.024599989999999963e+02 4.194020080000000235e+02
1.508189999999999884e+02 4.301990049999999997e+02
1.088519969999999972e+02 3.904890139999999974e+02
1.707400049999999965e+02 4.665360109999999736e+02
1.257389979999999952e+02 4.184159849999999778e+02
1.184779970000000020e+02 3.898559880000000248e+02
1.183610000000000042e+02 4.235029910000000086e+02
1.331710050000000081e+02 4.006350100000000225e+02
1.263079989999999952e+02 4.307600100000000225e+02
1.629100039999999865e+02 3.805669859999999858e+02
1.389570009999999911e+02 3.887990110000000072e+02
1.576320039999999949e+02 3.848229979999999841e+02
1.436219940000000008e+02 3.572489929999999845e+02
1.184940030000000064e+02 4.043179930000000013e+02
1.513020019999999874e+02 4.121610109999999736e+02
1.114879990000000021e+02 3.939949950000000172e+02
1.313309940000000040e+02 3.620409849999999778e+02
1.309949949999999887e+02 4.089880069999999819e+02
1.324270019999999874e+02 4.175660100000000057e+02
1.692769930000000045e+02 4.715509950000000003e+02
1.249170000000000016e+02 4.166120000000000232e+02
1.532239989999999921e+02 4.306830140000000142e+02
1.046829989999999952e+02 4.520329899999999839e+02
1.538659969999999930e+02 3.600559999999999832e+02
1.506929930000000013e+02 4.184209900000000175e+02
1.160230030000000028e+02 4.010870059999999739e+02
1.439179990000000089e+02 3.764100040000000149e+02
1.579170070000000123e+02 3.876600040000000149e+02
1.637100069999999903e+02 3.661650089999999977e+02
1.627480009999999879e+02 3.674899899999999775e+02
1.412810059999999908e+02 3.712380069999999819e+02
1.190309979999999968e+02 3.913380129999999895e+02
1.107939989999999995e+02 4.191149899999999775e+02
1.603589939999999956e+02 4.347359920000000102e+02
1.120299990000000037e+02 4.041270139999999742e+02
1.126520000000000010e+02 4.088869930000000181e+02
1.678630070000000103e+02 4.061650089999999977e+02
1.442960050000000081e+02 4.056979979999999841e+02
1.487460020000000043e+02 3.785409849999999778e+02
1.565200040000000001e+02 3.799320069999999987e+02
1.497740019999999959e+02 4.104349980000000073e+02
1.453150019999999927e+02 4.111059880000000248e+02
1.565919949999999972e+02 3.707090150000000222e+02
1.212409969999999930e+02 4.166510010000000079e+02
1.348979950000000088e+02 4.211409909999999854e+02
1.512310029999999870e+02 4.164819949999999835e+02
1.416679990000000089e+02 3.577319949999999835e+02
1.563099980000000073e+02 4.308680110000000241e+02
1.195380020000000059e+02 3.923670040000000085e+02
1.563410030000000006e+02 4.581449890000000096e+02
1.532129970000000014e+02 3.728750000000000000e+02
1.207750020000000006e+02 3.901849980000000073e+02
1.632830050000000028e+02 3.571589969999999994e+02
1.538049929999999961e+02 4.204880069999999819e+02
1.414779969999999878e+02 3.673460079999999834e+02
1.206650010000000037e+02 4.251059880000000248e+02
1.199430009999999953e+02 4.217669980000000010e+02
1.260820010000000053e+02 3.941579899999999839e+02
1.135400010000000037e+02 3.931210019999999759e+02
1.144089969999999994e+02 3.951000060000000076e+02
1.316470030000000122e+02 4.280199890000000096e+02
1.149069980000000015e+02 4.207959900000000175e+02
1.535930020000000127e+02 4.097749939999999924e+02
1.097860029999999938e+02 4.134500120000000152e+02
1.234940030000000064e+02 4.049960019999999759e+02
1.333260040000000117e+02 3.612709960000000251e+02
1.036019969999999972e+02 3.890910030000000006e+02
1.524790040000000033e+02 3.772850040000000149e+02
1.606179960000000051e+02 4.083890079999999898e+02
1.137350009999999969e+02 4.515100100000000225e+02
1.653189999999999884e+02 4.670029910000000086e+02
1.556549990000000037e+02 3.789089969999999994e+02
1.175479969999999952e+02 4.028269960000000083e+02
1.355820009999999911e+02 4.087359920000000102e+02
1.696979980000000126e+02 4.118559880000000248e+02
1.025019989999999979e+02 4.123789980000000241e+02
1.714259950000000003e+02 4.298529970000000162e+02
1.545659939999999892e+02 3.577260130000000231e+02
1.145049970000000030e+02 3.955360109999999736e+02
1.710870060000000024e+02 3.811480099999999993e+02
1.710930020000000127e+02 4.386489869999999769e+02
1.537389980000000094e+02 4.044110109999999736e+02
1.270100020000000001e+02 4.233670040000000085e+02
1.690149989999999889e+02 4.110169980000000010e+02
1.117129970000000014e+02 4.001719969999999762e+02
1.211139979999999952e+02 3.968760070000000155e+02
1.060889970000000062e+02 4.056270139999999742e+02
1.078229979999999983e+02 4.133030089999999745e+02
1.573730009999999879e+02 4.515899959999999851e+02
1.323619999999999948e+02 3.645599980000000073e+02
1.162600020000000001e+02 4.231189880000000016e+02
1.354499969999999962e+02 4.023250120000000152e+02
1.283300020000000075e+02 4.258810119999999984e+02
1.698899989999999889e+02 4.066270139999999742e+02
1.668480069999999955e+02 4.097319949999999835e+02
1.671770019999999874e+02 4.068680110000000241e+02
1.404810029999999870e+02 4.188280030000000238e+02
1.385130000000000052e+02 3.742420040000000085e+02
1.596889950000000056e+02 4.117510070000000155e+02
1.606649930000000097e+02 4.097049870000000169e+02
1.662550050000000113e+02 4.219309999999999832e+02
1.282749939999999924e+02 4.284880069999999819e+02
1.029909969999999930e+02 4.235939940000000092e+02
1.564579929999999877e+02 3.757579959999999915e+02
1.137920000000000016e+02 3.893059999999999832e+02
1.715460050000000081e+02 4.308689880000000016e+02
1.141230010000000021e+02 4.277720029999999838e+02
1.310800020000000075e+02 4.074830019999999990e+02
1.177630000000000052e+02 4.324609990000000153e+02
1.243430019999999985e+02 3.900390009999999847e+02
1.385039979999999957e+02 4.103210139999999910e+02
1.295209959999999967e+02 3.961749879999999848e+02
1.421269990000000121e+02 3.651159969999999930e+02
1.651080019999999990e+02 3.725580140000000142e+02
1.567590030000000070e+02 4.003340150000000222e+02
1.530019990000000121e+02 3.802600100000000225e+02
1.641770019999999874e+02 4.082439880000000016e+02
1.133489990000000063e+02 3.757760010000000079e+02
1.703950040000000001e+02 4.271400150000000053e+02
1.209560010000000005e+02 4.061730039999999917e+02
1.526710050000000081e+02 4.457130129999999895e+02
1.376269990000000121e+02 3.944870000000000232e+02
1.090149990000000031e+02 3.976749879999999848e+02
1.343860019999999906e+02 4.318739929999999845e+02
1.636419980000000010e+02 4.295280149999999821e+02
1.481179960000000051e+02 4.008299870000000169e+02
1.690520019999999874e+02 4.363359990000000153e+02
1.545809940000000040e+02 3.661770020000000159e+02
1.346730039999999917e+02 3.872500000000000000e+02
1.685820009999999911e+02 3.610599980000000073e+02
1.631649930000000097e+02 3.606520080000000235e+02
1.579310000000000116e+02 4.381069949999999835e+02
1.518560029999999870e+02 3.751669919999999934e+02
1.668470000000000084e+02 3.659660030000000006e+02
1.379159999999999968e+02 3.991669919999999934e+02
1.256279980000000052e+02 4.145480039999999917e+02
1.588390049999999860e+02 4.109469910000000255e+02
1.165039979999999957e+02 3.985880129999999895e+02
1.411100010000000111e+02 3.689689940000000092e+02
1.627640079999999898e+02 4.253030089999999745e+02
1.193550029999999964e+02 4.030159909999999854e+02
1.459940029999999922e+02 4.259020080000000235e+02
1.003160019999999975e+02 4.583580019999999990e+02
1.556130070000000103e+02 3.770320130000000063e+02
1.598410030000000006e+02 3.600220029999999838e+02
1.183799970000000030e+02 3.947130129999999895e+02
1.586219940000000008e+02 4.349909969999999930e+02
1.664579929999999877e+02 3.806090090000000146e+02
1.645579989999999952e+02 3.619750060000000076e+02
1.265400010000000037e+02 4.068460079999999834e+02
1.553699949999999887e+02 4.131099849999999947e+02
1.248069990000000047e+02 4.418240049999999997e+02
1.275210040000000049e+02 4.043020020000000159e+02
1.703110049999999944e+02 3.728190000000000168e+02
1.662079929999999877e+02 3.567609860000000026e+02
1.509680020000000127e+02 4.333510130000000231e+02
1.091549990000000037e+02 3.921740110000000072e+02
1.569369959999999935e+02 3.972869870000000105e+02
1.365050050000000113e+02 3.588800049999999828e+02
1.301170040000000085e+02 3.971789860000000090e+02
1.709340060000000108e+02 4.048869930000000181e+02
1.553580019999999990e+02 3.779289860000000090e+02
1.488950040000000001e+02 4.122969969999999762e+02
1.501770019999999874e+02 3.962040099999999825e+02
1.355709990000000005e+02 4.199010010000000079e+02
1.352230069999999955e+02 4.095950010000000248e+02
1.621219940000000008e+02 3.827980039999999917e+02
1.086149979999999999e+02 3.892330019999999990e+02
1.060409999999999968e+02 4.177260130000000231e+02
9.978199800000000153e+01 3.953630069999999819e+02
1.527510069999999871e+02 4.276489869999999769e+02
1.008119959999999935e+02 4.459049989999999752e+02
1.116009980000000041e+02 4.173569949999999835e+02
1.515980069999999955e+02 4.310989989999999921e+02
1.326329959999999915e+02 3.975079959999999915e+02
1.620090030000000070e+02 3.655780030000000238e+02
1.131610029999999938e+02 4.649190060000000244e+02
1.398070069999999987e+02 3.679590150000000222e+02
1.043730010000000021e+02 3.883129880000000185e+02
1.570209959999999967e+02 4.018529970000000162e+02
1.112689969999999988e+02 3.974280089999999745e+02
1.404900049999999965e+02 4.199320069999999987e+02
1.173870009999999979e+02 3.890020139999999742e+02
1.334299929999999961e+02 4.026279910000000086e+02
1.464510040000000117e+02 3.594159849999999778e+02
1.318930049999999881e+02 3.956010130000000231e+02
1.702760010000000079e+02 3.562390139999999974e+02
1.090469970000000046e+02 4.142929990000000089e+02
1.383130040000000065e+02 3.971530149999999821e+02
1.206520000000000010e+02 3.935610050000000228e+02
1.357500000000000000e+02 4.151300049999999828e+02
1.121119999999999948e+02 4.197160030000000006e+02
1.694089969999999994e+02 4.136700129999999831e+02
1.015579989999999952e+02 3.885360109999999736e+02
1.480449979999999925e+02 3.692189940000000092e+02
1.519439999999999884e+02 4.028980099999999993e+02
1.658829959999999915e+02 3.751740110000000072e+02
1.287830050000000028e+02 4.200190119999999752e+02
1.237340010000000063e+02 4.124280089999999745e+02
1.493820039999999949e+02 3.980159909999999854e+02
1.244550019999999932e+02 4.159320069999999987e+02
1.038960040000000049e+02 3.871749879999999848e+02
1.186399990000000031e+02 3.978620000000000232e+02
1.718280029999999954e+02 4.242510070000000155e+02
1.705260010000000079e+02 4.378500060000000076e+02
1.186449970000000036e+02 4.249259950000000003e+02
1.447109989999999868e+02 3.595369870000000105e+02
1.105569990000000047e+02 4.177520139999999742e+02
1.395099950000000035e+02 3.633200069999999755e+02
1.429779969999999878e+02 3.619500120000000152e+02
1.494850010000000111e+02 4.174670100000000161e+02
1.085070039999999949e+02 3.932609860000000026e+02
1.424179990000000089e+02 4.091700129999999831e+02
1.106559979999999968e+02 3.992390139999999974e+02
1.566280059999999992e+02 3.832200010000000248e+02
1.435160060000000044e+02 4.277359920000000102e+02
1.534519960000000083e+02 4.068890079999999898e+02
1.463589939999999956e+02 3.714570009999999911e+02
1.638439940000000092e+02 4.095809939999999756e+02
1.571499939999999924e+02 4.008039860000000090e+02
9.940599799999999675e+01 4.222879940000000261e+02
1.508099980000000073e+02 4.276749879999999848e+02
1.719190059999999960e+02 4.367189940000000092e+02
1.478130040000000065e+02 3.691849980000000073e+02
1.042890009999999990e+02 3.924370119999999815e+02
1.077580030000000022e+02 4.106120000000000232e+02
1.346589969999999994e+02 3.998800049999999828e+02
1.344429930000000013e+02 3.619549870000000169e+02
1.673170010000000048e+02 3.810610050000000228e+02
1.562859950000000140e+02 4.062529910000000086e+02
1.572680049999999881e+02 4.324549870000000169e+02
1.650619959999999935e+02 4.269479979999999841e+02
1.456609950000000140e+02 3.591629940000000261e+02
1.669199979999999925e+02 3.770000000000000000e+02
1.445859989999999868e+02 4.304909969999999930e+02
1.522259980000000041e+02 4.128550109999999904e+02
1.150199970000000036e+02 3.996900019999999927e+02
9.978500400000000070e+01 3.899719850000000179e+02
1.421289979999999957e+02 4.199890139999999974e+02
1.397819979999999873e+02 4.151149899999999775e+02
1.386820069999999987e+02 3.736229860000000258e+02
1.617090000000000032e+02 4.354750060000000076e+02
1.680590060000000108e+02 3.663039860000000090e+02
1.561060029999999870e+02 4.342869870000000105e+02
1.282380070000000103e+02 4.290409849999999778e+02
1.132289959999999951e+02 3.885459900000000175e+02
1.404900049999999965e+02 3.566069949999999835e+02
1.366649930000000097e+02 3.721960139999999910e+02
1.591670070000000123e+02 3.612969969999999762e+02
1.229700009999999963e+02 4.059779970000000162e+02
1.354739989999999921e+02 4.196900019999999927e+02
1.184789959999999951e+02 4.170950010000000248e+02
1.294660030000000006e+02 4.241300049999999828e+02
1.496320039999999949e+02 4.331069949999999835e+02
1.206340030000000070e+02 3.983450010000000248e+02
1.580420070000000123e+02 4.301149899999999775e+02
1.544190059999999960e+02 4.340450129999999831e+02
1.385709990000000005e+02 3.714070130000000063e+02
1.680000000000000000e+02 3.646849980000000073e+02
1.342420040000000085e+02 4.197929990000000089e+02
1.612030029999999954e+02 4.151080019999999990e+02
1.434669949999999972e+02 4.257340090000000146e+02
1.045550000000000068e+02 4.180929869999999937e+02
1.653750000000000000e+02 4.000690000000000168e+02
1.179980010000000021e+02 4.000350040000000149e+02
1.511719970000000046e+02 4.170740049999999997e+02
1.290850069999999903e+02 4.261640009999999847e+02
1.241149979999999999e+02 4.152619930000000181e+02
1.516929930000000013e+02 3.790979919999999765e+02
1.315050050000000113e+02 3.576539920000000166e+02
1.345279999999999916e+02 3.637909849999999778e+02
1.710299990000000037e+02 4.032420040000000085e+02
1.504170070000000123e+02 4.345079959999999915e+02
1.182070010000000053e+02 4.699259950000000003e+02
1.574969940000000008e+02 3.716579899999999839e+02
1.539770049999999912e+02 4.265419919999999934e+02
1.539989930000000129e+02 3.725350040000000149e+02
1.117580030000000022e+02 4.076029970000000162e+02
1.645130000000000052e+02 4.376910100000000057e+02
1.473659969999999930e+02 3.791140139999999974e+02
1.343860019999999906e+02 3.669779970000000162e+02
