6.179810179999999491e+02 1.869850010000000111e+02
6.284190059999999676e+02 1.738170010000000048e+02
6.326500240000000304e+02 1.789709929999999929e+02
6.370230099999999993e+02 2.049210050000000081e+02
6.399609990000000153e+02 2.565390009999999847e+02
6.428439939999999524e+02 1.726139980000000094e+02
6.315889889999999696e+02 2.101439970000000130e+02
6.434199830000000020e+02 1.756239930000000129e+02
6.378759770000000344e+02 2.340500030000000038e+02
6.209550169999999980e+02 2.480469970000000046e+02
6.844140009999999847e+02 2.426549990000000037e+02
6.253010249999999814e+02 2.320529940000000124e+02
6.266710209999999961e+02 2.549949949999999887e+02
6.428679809999999861e+02 2.213540040000000033e+02
6.458410030000000006e+02 2.418890079999999898e+02
6.401279909999999518e+02 1.955890049999999860e+02
6.193729859999999690e+02 1.788220059999999876e+02
6.579479979999999841e+02 2.639169919999999934e+02
6.349719850000000179e+02 2.689410100000000057e+02
6.365440059999999676e+02 2.507530059999999992e+02
6.379689939999999524e+02 2.119830019999999990e+02
6.571259770000000344e+02 2.176589969999999994e+02
6.278909909999999854e+02 2.485749969999999962e+02
6.376370239999999967e+02 2.623460079999999834e+02
6.538699950000000172e+02 1.941699979999999925e+02
6.271959839999999531e+02 2.524519960000000083e+02
6.508250120000000152e+02 1.920489959999999883e+02
6.258029790000000503e+02 2.074859920000000102e+02
6.303270260000000462e+02 1.900540009999999995e+02
6.568969730000000027e+02 1.856690059999999960e+02
6.501060179999999491e+02 1.948800050000000113e+02
6.467990109999999504e+02 1.974720000000000084e+02
6.281890260000000126e+02 2.162149960000000135e+02
6.387310179999999491e+02 1.834720000000000084e+02
6.204190059999999676e+02 2.598590090000000146e+02
6.660640260000000126e+02 2.630109860000000026e+02
6.253070069999999987e+02 2.230670010000000048e+02
6.334219970000000330e+02 2.184530029999999954e+02
6.443060299999999643e+02 2.594280089999999745e+02
6.381950070000000323e+02 2.266519930000000045e+02
6.360640260000000126e+02 1.928170010000000048e+02
6.469249879999999848e+02 1.817709959999999967e+02
6.232630000000000337e+02 1.849720000000000084e+02
6.380520020000000159e+02 2.492689970000000130e+02
6.384910280000000284e+02 2.634580080000000066e+02
6.436970209999999497e+02 2.338200070000000039e+02
6.514660030000000006e+02 2.125370029999999986e+02
6.335570069999999987e+02 2.198780059999999992e+02
6.312630000000000337e+02 2.090370029999999986e+02
6.191190189999999802e+02 2.628789980000000241e+02
6.452630000000000337e+02 2.124949949999999887e+02
6.279240109999999504e+02 2.033280029999999954e+02
6.391849979999999505e+02 1.874889980000000094e+02
6.324479979999999841e+02 1.927830050000000028e+02
6.219910280000000284e+02 2.414519960000000083e+02
6.239420169999999644e+02 2.427619929999999897e+02
6.230650020000000495e+02 1.753110049999999944e+02
6.245709839999999531e+02 2.239909969999999930e+02
6.560570069999999987e+02 2.431569979999999873e+02
6.418939820000000509e+02 2.608980099999999993e+02
6.539190059999999676e+02 1.797460020000000043e+02
6.268229979999999841e+02 2.471049959999999999e+02
6.330050049999999828e+02 2.146380000000000052e+02
6.320789790000000039e+02 2.293009950000000003e+02
6.234879760000000033e+02 2.171620029999999986e+02
6.485679930000000013e+02 2.047350010000000111e+02
6.265900269999999637e+02 2.258930049999999881e+02
6.420659789999999703e+02 2.003419949999999972e+02
6.332479859999999690e+02 2.636799930000000245e+02
6.186820069999999987e+02 1.795809940000000040e+02
6.361900020000000495e+02 2.369040070000000071e+02
6.391469730000000027e+02 2.335319979999999873e+02
6.314299929999999677e+02 2.104779969999999878e+02
6.355200200000000450e+02 1.997400049999999965e+02
6.491119999999999663e+02 1.758849950000000035e+02
6.330770260000000462e+02 1.988020019999999874e+02
6.180390009999999847e+02 2.698689880000000016e+02
6.347960209999999961e+02 2.126659999999999968e+02
6.207449950000000172e+02 2.090160060000000044e+02
6.442130130000000463e+02 2.245989989999999921e+02
6.412509770000000344e+02 1.953240049999999997e+02
6.239769900000000007e+02 2.043320009999999911e+02
6.479699709999999868e+02 2.353630070000000103e+02
6.219749759999999696e+02 1.776360019999999906e+02
6.432509770000000344e+02 1.789609989999999868e+02
6.260529790000000503e+02 2.208049929999999961e+02
6.502949830000000020e+02 1.775630040000000065e+02
6.390759890000000496e+02 1.818309940000000040e+02
6.574910280000000284e+02 1.896939999999999884e+02
6.317050169999999980e+02 2.550639950000000056e+02
6.184619750000000522e+02 2.468370060000000024e+02
6.578239750000000186e+02 2.284409939999999892e+02
6.470830079999999498e+02 2.070390010000000132e+02
6.408969730000000027e+02 2.039590000000000032e+02
6.490289920000000166e+02 1.989810029999999870e+02
6.243750000000000000e+02 1.960409999999999968e+02
6.577340090000000146e+02 1.926029969999999878e+02
6.276950070000000323e+02 2.129340060000000108e+02
6.252509770000000344e+02 2.297940059999999960e+02
6.399739990000000489e+02 2.171909939999999892e+02
6.568889769999999544e+02 1.837400049999999965e+02
6.307310179999999491e+02 2.660840150000000222e+02
6.570789790000000039e+02 2.196089939999999956e+02
6.272919920000000502e+02 2.254019930000000045e+02
6.577719730000000027e+02 2.053549959999999999e+02
6.381329960000000483e+02 2.644309999999999832e+02
6.385729979999999841e+02 2.614710079999999834e+02
6.220390009999999847e+02 2.122510069999999871e+02
6.367260129999999663e+02 2.285619959999999935e+02
6.291259770000000344e+02 1.737899930000000097e+02
6.426619869999999537e+02 2.450970000000000084e+02
6.310980220000000145e+02 2.183509980000000041e+02
6.434050290000000132e+02 2.364040070000000071e+02
6.471539920000000166e+02 2.450390010000000132e+02
6.495440059999999676e+02 1.726430049999999881e+02
6.239819949999999835e+02 2.256929930000000013e+02
6.301569819999999709e+02 1.963340000000000032e+02
6.913060299999999643e+02 2.338959959999999967e+02
6.525490109999999504e+02 1.895809940000000040e+02
6.299509890000000496e+02 2.699530030000000238e+02
6.336250000000000000e+02 2.337709959999999967e+02
6.352680050000000165e+02 2.592990110000000072e+02
6.479370119999999815e+02 1.890599980000000073e+02
6.562869869999999537e+02 2.291519930000000045e+02
6.691229859999999690e+02 2.524109950000000140e+02
6.401870119999999815e+02 2.013029940000000124e+02
6.458510129999999663e+02 2.476670070000000123e+02
6.335460209999999961e+02 1.948379970000000014e+02
6.408439939999999524e+02 2.273040009999999995e+02
6.207030029999999670e+02 1.852330019999999990e+02
6.279110110000000304e+02 2.230119929999999897e+02
6.218120119999999815e+02 2.565350040000000149e+02
6.371870119999999815e+02 2.616570130000000063e+02
6.251049799999999550e+02 2.269519960000000083e+02
6.177039790000000039e+02 1.829190059999999960e+02
6.318020020000000159e+02 2.013609920000000102e+02
6.435700070000000323e+02 1.904640049999999860e+02
6.177650149999999485e+02 1.976080019999999990e+02
6.410440059999999676e+02 2.008359989999999868e+02
6.190609739999999874e+02 2.261080019999999990e+02
6.422410280000000284e+02 1.766109920000000102e+02
6.428720090000000482e+02 2.670220029999999838e+02
6.397080079999999498e+02 1.834700009999999963e+02
6.505679930000000013e+02 2.455370029999999986e+02
6.329689939999999524e+02 2.619540099999999825e+02
6.314160160000000133e+02 1.857969970000000046e+02
6.190310060000000476e+02 2.050359950000000140e+02
6.244229739999999538e+02 2.059159999999999968e+02
6.385900269999999637e+02 2.245279999999999916e+02
6.178150020000000495e+02 2.257050020000000075e+02
6.296240229999999656e+02 2.503410030000000006e+02
6.511320190000000139e+02 1.742019960000000083e+02
6.565629880000000185e+02 1.795910030000000006e+02
6.315089719999999716e+02 2.025789949999999919e+02
6.347329710000000205e+02 1.977420040000000085e+02
6.338690189999999802e+02 1.882590030000000070e+02
6.481890260000000126e+02 2.114439999999999884e+02
6.297949830000000020e+02 1.786459959999999967e+02
6.544219970000000330e+02 2.313769990000000121e+02
6.391900020000000495e+02 2.272630000000000052e+02
6.519580079999999498e+02 1.929029999999999916e+02
6.389749759999999696e+02 1.914490049999999997e+02
6.509140009999999847e+02 2.148880000000000052e+02
6.230869750000000522e+02 2.216529999999999916e+02
6.269879760000000033e+02 2.229530029999999954e+02
6.319359739999999874e+02 2.526990049999999997e+02
6.648380130000000463e+02 1.833200070000000039e+02
6.353569949999999835e+02 2.068800050000000113e+02
6.230369869999999537e+02 2.072339939999999956e+02
6.436829830000000356e+02 2.185980069999999955e+02
6.318530269999999973e+02 2.610969850000000179e+02
6.285540160000000469e+02 1.790420070000000123e+02
6.303300169999999980e+02 2.665499879999999848e+02
6.256160280000000284e+02 1.965189970000000130e+02
6.458099979999999505e+02 1.960520019999999874e+02
6.445189820000000509e+02 2.606170040000000085e+02
6.302670289999999795e+02 2.667669980000000010e+02
6.529739990000000489e+02 1.986020049999999912e+02
6.578850099999999657e+02 1.732420040000000085e+02
6.467340090000000146e+02 2.343500060000000076e+02
6.323040160000000469e+02 1.994790040000000033e+02
6.573809810000000198e+02 2.066860049999999944e+02
6.311380000000000337e+02 2.068690029999999922e+02
6.469979859999999690e+02 1.825500030000000038e+02
6.174890139999999974e+02 2.297239989999999921e+02
6.262470090000000482e+02 1.920010069999999871e+02
6.376630249999999478e+02 2.303890079999999898e+02
6.293099979999999505e+02 2.498399960000000135e+02
6.943709720000000516e+02 2.566379999999999768e+02
6.440609739999999874e+02 2.137790070000000071e+02
6.181030269999999973e+02 1.925420070000000123e+02
6.413540040000000317e+02 2.338840030000000070e+02
6.297869869999999537e+02 2.281360019999999906e+02
6.251179809999999861e+02 2.210859989999999868e+02
6.415599979999999505e+02 1.815209959999999967e+02
6.215079960000000483e+02 1.958979950000000088e+02
6.327459720000000516e+02 2.303990019999999959e+02
6.312290040000000317e+02 2.347640079999999898e+02
6.230599979999999505e+02 2.110319979999999873e+02
6.433959959999999683e+02 1.908020019999999874e+02
6.250839839999999867e+02 2.376170040000000085e+02
6.348759770000000344e+02 2.039720000000000084e+02
6.180880130000000463e+02 1.859869999999999948e+02
6.396909789999999703e+02 1.901269990000000121e+02
6.434349979999999505e+02 2.548260040000000117e+02
6.220889889999999696e+02 1.879909969999999930e+02
6.378330079999999498e+02 1.888710020000000043e+02
6.360460209999999961e+02 1.816119999999999948e+02
6.309329830000000356e+02 2.610740049999999997e+02
6.787080079999999498e+02 1.859629970000000014e+02
6.251580199999999650e+02 2.428200070000000039e+02
6.178140260000000126e+02 2.036380000000000052e+02
6.325659789999999703e+02 2.617319949999999835e+02
6.468129880000000185e+02 1.750119929999999897e+02
6.477880249999999478e+02 1.767500000000000000e+02
6.574660030000000006e+02 2.470260010000000079e+02
6.392150269999999637e+02 2.054869999999999948e+02
6.433469850000000179e+02 2.208520049999999912e+02
6.184370119999999815e+02 2.121600039999999865e+02
6.363950200000000450e+02 2.478999939999999924e+02
6.383439939999999524e+02 2.421929930000000013e+02
6.487919920000000502e+02 2.129069979999999873e+02
6.569000240000000304e+02 2.547449949999999887e+02
6.213070069999999987e+02 1.930169980000000010e+02
6.405089719999999716e+02 2.609830019999999990e+02
6.235999759999999696e+02 2.242519990000000121e+02
6.444940189999999802e+02 2.355119929999999897e+02
6.428790279999999484e+02 2.481459959999999967e+02
6.369249879999999848e+02 2.623859860000000026e+02
6.216489870000000337e+02 2.203809970000000078e+02
6.330930180000000291e+02 1.983240049999999997e+02
6.246550290000000132e+02 1.822279969999999878e+02
6.577999879999999848e+02 2.249389950000000056e+02
6.528309940000000324e+02 2.022700040000000001e+02
6.487440189999999802e+02 2.396759950000000003e+02
6.539769900000000007e+02 1.826340030000000070e+02
6.189929809999999861e+02 1.848899989999999889e+02
6.324819949999999835e+02 2.669989929999999845e+02
6.305430300000000443e+02 2.669060059999999908e+02
6.203980099999999993e+02 2.212669980000000010e+02
6.473319699999999557e+02 1.864019930000000045e+02
6.574299929999999677e+02 1.873359989999999868e+02
6.473489990000000489e+02 1.970290070000000071e+02
6.320280149999999821e+02 1.944159999999999968e+02
6.312310179999999491e+02 2.485610049999999944e+02
