8.683999599999999930e+01 3.078980099999999993e+02
4.727600100000000083e+01 3.380639949999999772e+02
2.112800000000000011e+01 3.115979919999999765e+02
4.344200099999999765e+01 3.457009889999999928e+02
2.985600099999999912e+01 3.501910100000000057e+02
7.931099700000000041e+01 2.848829959999999915e+02
6.746600300000000061e+01 2.768439940000000092e+02
3.015200000000000102e+01 3.022629999999999768e+02
3.611099999999999710e+01 2.993469850000000179e+02
6.595799999999999841e+01 2.866369930000000181e+02
7.798000000000000043e+00 3.353179930000000013e+02
5.262200200000000194e+01 2.890369870000000105e+02
6.935399599999999509e+01 2.760350040000000149e+02
2.745299899999999838e+01 3.031589969999999994e+02
6.305899800000000255e+01 2.889949950000000172e+02
2.980400099999999952e+01 3.071350100000000225e+02
6.974600200000000427e+01 3.027959900000000175e+02
4.681300000000000239e+01 3.523850100000000225e+02
6.102700000000000102e+01 3.221629940000000261e+02
4.858599900000000105e+01 3.040100100000000225e+02
9.406900000000000261e+01 2.858810119999999984e+02
3.221600000000000108e+01 3.036950069999999755e+02
3.512699899999999786e+01 3.200639949999999772e+02
3.233299999999999841e+01 2.747309880000000248e+02
2.308699999999999974e+01 3.317470089999999914e+02
4.385499999999999687e+01 3.021499939999999924e+02
1.930199999999999960e+01 3.369200129999999831e+02
1.964100099999999927e+01 3.342799989999999752e+02
6.490300000000000580e+01 3.055020139999999742e+02
2.986700099999999836e+01 3.103959960000000251e+02
2.789600000000000080e+01 3.253510130000000231e+02
7.436299900000000207e+01 3.163399959999999851e+02
9.444300099999999532e+01 2.906969910000000255e+02
6.331100099999999742e+01 3.206220089999999914e+02
2.117200100000000162e+01 3.118299870000000169e+02
1.659000000000000030e+00 2.949259950000000003e+02
4.562599900000000019e+01 3.422680050000000165e+02
5.043199899999999758e+01 2.993909909999999854e+02
5.809100000000000108e+01 2.985589899999999943e+02
1.327800000000000047e+01 3.306140139999999974e+02
5.190000200000000063e+01 2.862179869999999937e+02
5.840499899999999656e+01 3.323710019999999759e+02
5.047999999999999687e+01 3.191740110000000072e+02
7.104399899999999946e+01 3.023609920000000102e+02
1.812000099999999847e+01 3.396860050000000228e+02
3.715299999999999869e+01 3.300010070000000155e+02
8.936100000000000421e+01 3.030989989999999921e+02
7.354299899999999468e+01 3.026570130000000063e+02
3.012999900000000153e+01 3.359249879999999848e+02
2.560500000000000043e+01 3.253909909999999854e+02
5.436600099999999713e+01 3.116010130000000231e+02
5.275199899999999786e+01 3.265169980000000010e+02
5.718099999999999739e+01 2.880859990000000153e+02
9.535099800000000414e+01 3.023909909999999854e+02
7.230100299999999436e+01 3.101440119999999752e+02
3.572700100000000134e+01 2.953259889999999928e+02
7.420799999999999841e+01 2.745629880000000185e+02
4.782600000000000051e+01 3.277829899999999839e+02
4.008200099999999821e+01 3.084899899999999775e+02
2.795599899999999849e+01 3.360459900000000175e+02
5.425600099999999770e+01 3.019920040000000085e+02
3.748199799999999726e+01 3.219580080000000066e+02
5.686600099999999713e+01 2.904809880000000248e+02
9.714099899999999366e+01 3.040580140000000142e+02
2.851800000000000068e+01 3.238859860000000026e+02
2.288699899999999943e+01 3.151799930000000245e+02
4.170799999999999841e+01 3.470809939999999756e+02
2.417200100000000162e+01 3.438410030000000006e+02
9.228600299999999379e+01 2.953580019999999990e+02
4.995799999999999841e+01 3.076090090000000146e+02
7.941000400000000070e+01 3.123850100000000225e+02
4.897899999999999920e+01 3.231489869999999769e+02
2.139800100000000072e+01 3.109230039999999917e+02
2.436899899999999874e+01 3.470339969999999994e+02
8.497100100000000111e+01 2.937950129999999831e+02
4.366799900000000179e+01 2.913989869999999769e+02
1.601099999999999923e+01 3.500450129999999831e+02
9.275800300000000220e+01 2.793569949999999835e+02
6.167300000000000182e+01 2.885979919999999765e+02
4.370199999999999818e+01 3.256340030000000070e+02
3.494800200000000245e+01 3.251000060000000076e+02
7.634400200000000325e+01 2.815109860000000026e+02
4.109899899999999917e+01 3.393420100000000161e+02
6.615000000000000213e+00 3.553030089999999745e+02
6.903600299999999379e+01 2.797539980000000241e+02
5.138100099999999770e+01 3.093389890000000264e+02
4.724700200000000194e+01 3.346090090000000146e+02
9.616300200000000586e+01 3.325060119999999984e+02
1.854700100000000162e+01 3.557489929999999845e+02
5.497299999999999898e+01 3.086180110000000241e+02
4.230199799999999755e+01 3.032260130000000231e+02
5.524300000000000210e+01 3.275880129999999895e+02
7.548799900000000207e+01 2.899970089999999914e+02
5.716099899999999678e+01 3.069670100000000161e+02
8.468699599999999350e+01 3.016170040000000085e+02
3.488600199999999774e+01 3.418160100000000057e+02
1.832099900000000048e+01 3.454899899999999775e+02
5.192999999999999972e+01 2.794790039999999749e+02
2.852100000000000080e+01 3.015060119999999984e+02
2.198100099999999912e+01 3.101809999999999832e+02
1.085100000000000087e+01 3.354280089999999745e+02
4.596300099999999844e+01 3.107030030000000238e+02
5.037200200000000194e+01 3.082019960000000083e+02
1.840099899999999877e+01 3.165060119999999984e+02
9.483000199999999325e+01 2.861669919999999934e+02
3.572499799999999937e+01 3.552820130000000063e+02
5.786000099999999691e+01 2.931579899999999839e+02
9.522000000000000242e+00 3.417539980000000241e+02
5.011299900000000207e+01 3.136440119999999752e+02
6.924400300000000641e+01 2.890310059999999908e+02
8.110700199999999427e+01 2.933469850000000179e+02
6.419000200000000689e+01 2.836570130000000063e+02
7.862100200000000427e+01 2.888020020000000159e+02
7.217400399999999649e+01 2.934970089999999914e+02
2.592000000000000171e+01 3.431929930000000013e+02
5.903099799999999675e+01 3.031220089999999914e+02
3.082099900000000048e+01 3.117260130000000231e+02
1.315600000000000058e+01 3.440620119999999815e+02
7.014099899999999366e+01 3.124440000000000168e+02
1.058300000000000018e+01 3.456000060000000076e+02
2.567900099999999952e+01 3.340069889999999759e+02
4.093099999999999739e+01 3.542619930000000181e+02
3.547100100000000111e+01 3.113659969999999930e+02
4.020199999999999818e+01 3.240150150000000053e+02
9.585099800000000414e+01 2.857149959999999851e+02
7.354299899999999468e+01 2.920559999999999832e+02
6.480200200000000166e+01 3.119440000000000168e+02
5.404000099999999662e+01 3.098190000000000168e+02
2.561000100000000046e+01 3.195780030000000238e+02
6.208299999999999841e+01 3.198320009999999911e+02
3.374000199999999694e+01 3.218959960000000251e+02
8.175299800000000516e+01 3.005989989999999921e+02
6.312099800000000016e+01 3.047179869999999937e+02
1.917900099999999952e+01 3.477000120000000152e+02
6.630599999999999739e+01 3.007999879999999848e+02
6.247399899999999917e+01 2.819729919999999765e+02
3.800299799999999806e+01 3.169530030000000238e+02
6.233499900000000338e+01 3.088190000000000168e+02
6.986900300000000641e+01 2.866749879999999848e+02
6.770200300000000482e+01 3.154200129999999831e+02
7.077100400000000491e+01 3.051589969999999994e+02
4.734799999999999898e+01 3.222399899999999775e+02
3.544699899999999815e+01 3.308120119999999815e+02
6.354600099999999685e+01 3.045520020000000159e+02
1.935000000000000142e+01 3.354679869999999937e+02
5.371699900000000127e+01 2.908919980000000010e+02
7.894799799999999834e+01 2.824010010000000079e+02
2.600900100000000137e+01 3.104660030000000006e+02
9.058999999999999275e+00 3.499890139999999974e+02
2.646999900000000139e+01 3.537560119999999984e+02
4.999700200000000194e+01 3.236390079999999898e+02
1.789499999999999957e+01 3.247550049999999828e+02
5.406800100000000242e+01 3.218080140000000142e+02
3.732000000000000028e+01 3.524689940000000092e+02
9.573400100000000634e+01 2.845320130000000063e+02
9.631800099999999532e+01 3.224270020000000159e+02
4.134400200000000325e+01 3.057090150000000222e+02
1.604999899999999968e+01 3.401870119999999815e+02
4.549399900000000230e+01 3.039830019999999990e+02
8.150000000000000000e+01 2.845889890000000264e+02
5.791599999999999682e+01 3.228620000000000232e+02
7.793499799999999311e+01 2.971830140000000142e+02
6.571499599999999930e+01 2.933219910000000255e+02
7.318900299999999959e+01 2.830249939999999924e+02
9.633100100000000054e+01 3.384219969999999762e+02
5.804899999999999949e+01 2.830249939999999924e+02
5.241500099999999662e+01 3.224289860000000090e+02
5.162200200000000194e+01 3.062629999999999768e+02
6.101699800000000096e+01 2.797330019999999990e+02
4.707300200000000245e+01 3.042170100000000161e+02
7.001000000000000334e+00 3.406650089999999977e+02
6.778600299999999379e+01 2.972539980000000241e+02
4.742900099999999952e+01 3.185929869999999937e+02
3.753599899999999678e+01 3.329150089999999977e+02
8.581099700000000041e+01 2.737909849999999778e+02
3.999700200000000194e+01 3.463450010000000248e+02
6.763099699999999359e+01 2.819649959999999851e+02
3.246900200000000325e+01 3.508179930000000013e+02
1.372799999999999976e+01 3.519240110000000072e+02
4.302199900000000099e+01 3.381000060000000076e+02
6.414099899999999366e+01 3.092179869999999937e+02
2.190200000000000102e+01 3.282770080000000235e+02
5.289300200000000274e+01 3.162420040000000085e+02
4.798799900000000207e+01 3.248659969999999930e+02
5.500600099999999770e+01 3.140880129999999895e+02
3.413100099999999770e+01 3.387000120000000152e+02
3.738000100000000003e+01 2.951860050000000228e+02
5.235900099999999924e+01 3.323349910000000023e+02
1.634600100000000111e+01 3.446900019999999927e+02
6.145999900000000338e+01 3.206040039999999749e+02
5.613900000000000290e+01 3.157260130000000231e+02
3.240299999999999869e+01 3.049689940000000092e+02
3.582400100000000265e+01 3.108729860000000258e+02
5.594699899999999815e+01 3.534360050000000228e+02
4.971799899999999894e+01 3.452730099999999993e+02
2.139399900000000088e+01 3.266080019999999990e+02
2.893100000000000094e+01 3.161459960000000251e+02
2.484499900000000139e+01 3.141029970000000162e+02
9.538200399999999490e+01 2.830429990000000089e+02
7.196800199999999847e+01 3.127449950000000172e+02
6.088000100000000003e+01 2.933689880000000016e+02
8.893499799999999311e+01 3.415350040000000149e+02
9.778600299999999379e+01 2.862739869999999769e+02
4.310499999999999687e+01 3.538800049999999828e+02
6.238199999999999790e+01 2.915539860000000090e+02
2.833499899999999982e+01 3.249419859999999858e+02
9.219699900000000525e+01 2.988269960000000083e+02
8.298999999999999488e+00 3.538259889999999928e+02
6.019800200000000245e+01 3.090459900000000175e+02
5.768600099999999742e+01 3.195090030000000070e+02
9.872499799999999937e+01 2.804440000000000168e+02
3.284700000000000131e+01 2.972500000000000000e+02
4.823599999999999710e+01 3.470350040000000149e+02
9.490499900000000366e+01 2.933580019999999990e+02
4.620799999999999841e+01 3.296229860000000258e+02
6.298500099999999691e+01 2.893710019999999759e+02
5.306300000000000239e+01 3.265140079999999898e+02
8.490899699999999939e+01 3.050759889999999928e+02
4.342999999999999972e+01 3.230369870000000105e+02
1.236200000000000010e+01 3.363829959999999915e+02
5.446900200000000325e+01 3.213460079999999834e+02
1.275699999999999967e+01 3.446809999999999832e+02
6.620900000000000318e+01 2.848210139999999910e+02
1.987099999999999866e+01 3.127439880000000016e+02
9.666799899999999468e+01 3.260759889999999928e+02
2.978800000000000026e+01 3.561919859999999858e+02
1.837500000000000000e+01 3.146530149999999821e+02
2.236899899999999874e+01 3.553009950000000003e+02
3.615399899999999889e+01 3.160950010000000248e+02
9.071199799999999414e+01 3.403850100000000225e+02
9.634699999999999420e+01 2.898949890000000096e+02
9.495900000000000318e+01 2.835849910000000023e+02
5.839099900000000076e+01 3.144389949999999772e+02
3.929700100000000162e+01 3.174209900000000175e+02
7.256600199999999745e+01 3.122460019999999759e+02
5.464099900000000076e+01 3.328110050000000228e+02
2.149599999999999866e+01 3.386019900000000007e+02
7.419599900000000048e+01 2.995159909999999854e+02
7.859200300000000539e+01 2.838340150000000222e+02
6.979200000000000159e+01 3.373089899999999943e+02
1.738200000000000145e+01 3.531910100000000057e+02
9.808000199999999325e+01 2.842470089999999914e+02
9.128299699999999461e+01 2.957890009999999847e+02
4.846799899999999894e+01 3.509070130000000063e+02
7.893000000000000682e+01 2.787390139999999974e+02
1.212899999999999956e+01 3.333299870000000169e+02
3.125499900000000153e+01 3.352680050000000165e+02
9.787599899999999309e+01 3.484429930000000013e+02
5.940999999999999659e+01 2.809060059999999908e+02
4.320399900000000315e+01 3.558949890000000096e+02
4.163299899999999809e+01 3.004729919999999765e+02
4.367300000000000182e+01 3.225820009999999911e+02
3.513199999999999790e+01 3.106510010000000079e+02
2.036799999999999855e+01 3.515759889999999928e+02
4.520799999999999841e+01 3.124379880000000185e+02
5.650899900000000287e+01 2.998380129999999895e+02
7.970000000000000417e-01 2.900090030000000070e+02
9.899800100000000214e+01 2.752149959999999851e+02
2.264800100000000072e+01 3.018450010000000248e+02
5.869300100000000242e+01 3.077980039999999917e+02
8.636100000000000421e+01 2.808280030000000238e+02
8.576599899999999366e+01 2.979200129999999831e+02
8.662200199999999484e+01 2.917990110000000072e+02
6.652300300000000277e+01 2.837990110000000072e+02
2.572200000000000131e+01 3.159030149999999821e+02
6.460199699999999723e+01 2.809599910000000023e+02
2.550700000000000145e+01 3.178840030000000070e+02
7.036399799999999516e+01 2.870960079999999834e+02
4.195600100000000054e+01 3.370280149999999821e+02
8.717199700000000462e+01 2.841340030000000070e+02
1.616799899999999823e+01 3.269729919999999765e+02
9.637200199999999484e+01 3.178139949999999772e+02
5.156900000000000261e+01 3.210820009999999911e+02
7.227500200000000063e+01 2.896289980000000241e+02
3.848300199999999904e+01 3.090530089999999745e+02
4.339500000000000313e+01 3.001359860000000026e+02
4.492599899999999735e+01 3.053900150000000053e+02
5.333200099999999821e+01 3.317149959999999851e+02
1.264000000000000057e+01 3.404240110000000072e+02
3.320500200000000035e+01 3.251499939999999924e+02
9.339199800000000096e+01 2.893640139999999974e+02
6.942199700000000462e+01 3.112789920000000166e+02
3.243899900000000258e+01 2.830109860000000026e+02
8.950199899999999786e+01 3.025060119999999984e+02
3.162299900000000008e+01 3.263460079999999834e+02
1.452399999999999913e+01 3.536029970000000162e+02
3.125600100000000126e+01 2.832560119999999984e+02
2.388800000000000168e+01 3.522510070000000155e+02
8.743000000000000327e+00 3.389750060000000076e+02
2.662999900000000153e+01 3.380159909999999854e+02
7.636599699999999302e+01 2.964169919999999934e+02
8.375000000000000000e+00 3.441640009999999847e+02
5.201599900000000076e+01 3.086470029999999838e+02
2.481100100000000097e+01 3.558219910000000255e+02
5.042200100000000162e+01 3.150159909999999854e+02
7.715200000000000102e+01 3.106400150000000053e+02
3.468699999999999761e+01 2.986449890000000096e+02
3.578599899999999678e+01 3.504719850000000179e+02
8.497499799999999937e+01 2.999949950000000172e+02
3.636800000000000210e+01 3.033229979999999841e+02
