5.786300049999999828e+02 4.559469910000000255e+02
5.614650269999999637e+02 3.971929930000000013e+02
5.452529909999999518e+02 3.967219850000000179e+02
5.893989870000000337e+02 4.537529910000000086e+02
5.649769900000000007e+02 4.058089899999999943e+02
6.000560299999999643e+02 4.274620059999999739e+02
5.472999879999999848e+02 4.545060119999999984e+02
5.849899900000000343e+02 4.018609920000000102e+02
6.051580199999999650e+02 3.940750120000000152e+02
6.066640009999999847e+02 4.279739989999999921e+02
6.066729739999999538e+02 3.937900089999999977e+02
6.030789790000000039e+02 4.045939940000000092e+02
5.838670039999999517e+02 4.538529970000000162e+02
5.950159909999999854e+02 4.364119870000000105e+02
5.930780029999999670e+02 4.033169859999999858e+02
5.786950070000000323e+02 4.108919980000000010e+02
5.978820190000000139e+02 4.435039980000000241e+02
5.724260249999999814e+02 4.625109860000000026e+02
5.484799799999999550e+02 4.163139949999999772e+02
5.658599850000000515e+02 4.594540099999999825e+02
5.490659789999999703e+02 3.855969850000000179e+02
5.606649780000000192e+02 4.226870119999999815e+02
5.765380249999999478e+02 4.066319889999999759e+02
5.652899780000000192e+02 4.115589899999999943e+02
5.715239870000000337e+02 4.130350040000000149e+02
5.880250240000000304e+02 4.197720029999999838e+02
5.706480099999999993e+02 4.622319949999999835e+02
5.663389889999999696e+02 4.523299870000000169e+02
5.603800049999999828e+02 4.292239989999999921e+02
5.564199830000000020e+02 4.424649959999999851e+02
5.615130000000000337e+02 4.073439940000000092e+02
5.746909789999999703e+02 4.369819949999999835e+02
5.833339839999999867e+02 4.341960139999999910e+02
5.572930300000000443e+02 4.657520139999999742e+02
5.649849850000000515e+02 4.660100100000000225e+02
5.659970090000000482e+02 4.419909969999999930e+02
5.634500120000000152e+02 4.333030089999999745e+02
6.023729859999999690e+02 4.534719850000000179e+02
5.736630249999999478e+02 4.627049870000000169e+02
6.075709839999999531e+02 4.338429869999999937e+02
5.929160160000000133e+02 4.044809880000000248e+02
5.536480099999999993e+02 3.953959960000000251e+02
5.517169800000000350e+02 4.536530149999999821e+02
5.742399900000000343e+02 3.914379880000000185e+02
5.881950070000000323e+02 4.559389949999999772e+02
5.457969970000000330e+02 4.260660100000000057e+02
5.644229739999999538e+02 4.253750000000000000e+02
5.612769779999999855e+02 4.634509889999999928e+02
5.587509770000000344e+02 4.169159849999999778e+02
5.584390260000000126e+02 4.120910030000000006e+02
5.838140260000000126e+02 4.551159969999999930e+02
5.681019900000000007e+02 4.320060119999999984e+02
5.767340090000000146e+02 4.416250000000000000e+02
5.570540160000000469e+02 4.108169859999999858e+02
5.899130249999999478e+02 4.109689940000000092e+02
5.465809940000000324e+02 3.950499879999999848e+02
5.484390260000000126e+02 4.011180110000000241e+02
5.834470209999999497e+02 3.915669859999999858e+02
5.918590090000000146e+02 4.280010070000000155e+02
6.021630249999999478e+02 3.937810059999999908e+02
5.738020020000000159e+02 4.064230039999999917e+02
5.762579960000000483e+02 4.575650019999999927e+02
5.724699709999999868e+02 3.856329959999999915e+02
6.044390260000000126e+02 4.402219850000000179e+02
6.025120239999999967e+02 4.348439940000000092e+02
5.504069819999999709e+02 4.296279910000000086e+02
5.789479979999999841e+02 4.126379999999999768e+02
5.947700200000000450e+02 4.133500060000000076e+02
5.598809810000000198e+02 4.459299930000000245e+02
5.953839719999999716e+02 4.480409849999999778e+02
5.640100099999999657e+02 4.327300109999999904e+02
5.911300049999999828e+02 4.042739869999999769e+02
5.468590090000000146e+02 4.415199890000000096e+02
5.961300049999999828e+02 4.378919980000000010e+02
5.554769900000000007e+02 4.220299989999999752e+02
5.525460209999999961e+02 4.316629940000000261e+02
5.611959839999999531e+02 3.892049870000000169e+02
5.921610110000000304e+02 4.078540039999999749e+02
5.498519900000000007e+02 4.564089969999999994e+02
5.589580079999999498e+02 4.392690119999999752e+02
5.993740229999999656e+02 4.132929990000000089e+02
5.497100219999999808e+02 4.117929990000000089e+02
5.453640139999999974e+02 4.346489869999999769e+02
5.639660030000000006e+02 4.417890009999999847e+02
5.781909789999999703e+02 3.933819889999999759e+02
5.570139769999999544e+02 3.864880069999999819e+02
6.048070069999999987e+02 3.874240110000000072e+02
5.468959959999999683e+02 4.032629999999999768e+02
5.467420039999999517e+02 4.123049930000000245e+02
5.790180050000000165e+02 4.334630129999999895e+02
6.060390009999999847e+02 4.572380069999999819e+02
5.457429809999999861e+02 4.464330140000000142e+02
5.861820069999999987e+02 4.185650019999999927e+02
5.932860110000000304e+02 4.450379940000000261e+02
5.716140139999999974e+02 4.533309939999999756e+02
5.500729979999999841e+02 3.972720029999999838e+02
5.591820069999999987e+02 4.526820069999999987e+02
6.047579960000000483e+02 4.053129880000000185e+02
5.905850219999999808e+02 4.394790039999999749e+02
5.639010009999999511e+02 3.852629999999999768e+02
6.013270260000000462e+02 4.172430110000000241e+02
5.587830199999999650e+02 4.122579959999999915e+02
5.823079830000000356e+02 4.318269960000000083e+02
5.819130249999999478e+02 3.933959960000000251e+02
5.492890009999999847e+02 3.962869870000000105e+02
5.596459959999999683e+02 4.324530030000000238e+02
5.689019779999999855e+02 4.450929869999999937e+02
5.730109860000000026e+02 4.442969969999999762e+02
5.685609739999999874e+02 3.843080140000000142e+02
5.601030269999999973e+02 3.839849849999999947e+02
6.056599730000000363e+02 4.124920040000000085e+02
5.891480099999999993e+02 3.903930050000000165e+02
5.967849730000000363e+02 3.951910100000000057e+02
5.512150269999999637e+02 4.081919859999999858e+02
5.737890009999999847e+02 4.413729860000000258e+02
5.848469850000000179e+02 4.365650019999999927e+02
5.547160030000000006e+02 4.609079899999999839e+02
5.461119999999999663e+02 3.873900150000000053e+02
5.901979979999999841e+02 3.916619870000000105e+02
5.596400149999999485e+02 4.100299989999999752e+02
5.813300169999999980e+02 4.358720089999999914e+02
5.482869869999999537e+02 3.845469969999999762e+02
5.572280269999999973e+02 3.946270139999999742e+02
5.939630130000000463e+02 4.142609860000000026e+02
5.503770140000000310e+02 4.087940060000000244e+02
5.678449709999999868e+02 4.145469969999999762e+02
5.664719850000000179e+02 3.955899959999999851e+02
5.917080079999999498e+02 4.350750120000000152e+02
6.064420169999999644e+02 4.518779910000000086e+02
5.878280029999999670e+02 4.484899899999999775e+02
5.770819699999999557e+02 4.617309880000000248e+02
5.604769900000000007e+02 4.547409969999999930e+02
5.844349979999999505e+02 4.554790039999999749e+02
5.563159789999999703e+02 3.953020020000000159e+02
5.935590210000000297e+02 3.935409849999999778e+02
5.577800290000000132e+02 4.252070009999999911e+02
6.014479979999999841e+02 4.428439940000000092e+02
5.889479979999999841e+02 4.362940060000000244e+02
5.692210079999999834e+02 4.623489989999999921e+02
6.018880000000000337e+02 4.373020020000000159e+02
5.807399900000000343e+02 3.938370059999999739e+02
5.726229859999999690e+02 4.506069949999999835e+02
6.071649780000000192e+02 4.378330080000000066e+02
5.807930300000000443e+02 4.009150089999999977e+02
6.020520020000000159e+02 3.850700069999999755e+02
5.487399900000000343e+02 4.571950069999999755e+02
5.879349979999999505e+02 4.114750060000000076e+02
6.018159789999999703e+02 4.463049930000000245e+02
5.521920169999999644e+02 4.231510010000000079e+02
5.737500000000000000e+02 4.589240110000000072e+02
5.948679809999999861e+02 3.985119930000000181e+02
6.021680300000000443e+02 4.227250060000000076e+02
5.711779790000000503e+02 4.340440060000000244e+02
5.644749759999999696e+02 4.612479860000000258e+02
5.529390260000000126e+02 3.982120059999999739e+02
5.613040160000000469e+02 4.599309999999999832e+02
5.982500000000000000e+02 4.380700069999999755e+02
5.763809810000000198e+02 4.090950010000000248e+02
5.518939820000000509e+02 4.417000120000000152e+02
5.952100219999999808e+02 4.236650089999999977e+02
5.783499759999999696e+02 4.556900019999999927e+02
5.800750120000000152e+02 4.555809939999999756e+02
5.461060179999999491e+02 4.486919859999999858e+02
5.596430050000000165e+02 4.262130129999999895e+02
6.011270140000000310e+02 4.309010010000000079e+02
5.958430180000000291e+02 4.511109920000000102e+02
5.663330079999999498e+02 4.463689880000000016e+02
5.801770020000000159e+02 4.372579959999999915e+02
5.556560060000000476e+02 4.213879999999999768e+02
5.646140139999999974e+02 4.403120119999999815e+02
5.764749759999999696e+02 4.080790099999999825e+02
5.825310060000000476e+02 4.541109920000000102e+02
5.487429809999999861e+02 4.514719850000000179e+02
5.548109739999999874e+02 4.639289860000000090e+02
5.786699830000000020e+02 4.606099849999999947e+02
5.682589719999999716e+02 4.266770020000000159e+02
5.562020260000000462e+02 4.211530149999999821e+02
5.815910030000000006e+02 4.018869930000000181e+02
6.013369750000000522e+02 4.152130129999999895e+02
5.485469970000000330e+02 4.319049989999999752e+02
5.622459720000000516e+02 4.672720029999999838e+02
5.694860230000000456e+02 3.982539980000000241e+02
5.535859990000000153e+02 4.534620059999999739e+02
5.642689820000000509e+02 4.463460079999999834e+02
5.893220209999999497e+02 4.124830019999999990e+02
5.961770020000000159e+02 4.021830140000000142e+02
5.627039790000000039e+02 4.063240049999999997e+02
5.940910030000000006e+02 4.598559880000000248e+02
5.644569699999999557e+02 4.101919859999999858e+02
5.750700070000000323e+02 4.514570009999999911e+02
5.596950070000000323e+02 4.417090150000000222e+02
5.582189939999999524e+02 4.543099980000000073e+02
5.688159789999999703e+02 4.434920040000000085e+02
6.046370239999999967e+02 4.377000120000000152e+02
6.024719850000000179e+02 4.458460079999999834e+02
5.733179930000000013e+02 4.049710079999999834e+02
6.055960079999999834e+02 4.343190000000000168e+02
5.451300049999999828e+02 4.276289980000000241e+02
5.984279790000000503e+02 4.336589969999999994e+02
5.804890139999999974e+02 4.003869930000000181e+02
5.603900149999999485e+02 4.135769960000000083e+02
5.869749759999999696e+02 3.959880069999999819e+02
5.515590210000000297e+02 3.920840150000000222e+02
5.946560060000000476e+02 4.542839969999999994e+02
5.489899900000000343e+02 4.450559999999999832e+02
5.823920289999999795e+02 4.476659849999999778e+02
5.471950070000000323e+02 4.244320069999999987e+02
5.825889889999999696e+02 3.941260070000000155e+02
5.451079710000000205e+02 4.045929869999999937e+02
5.756939700000000357e+02 4.022860109999999736e+02
6.040449830000000020e+02 4.209020080000000235e+02
5.613419800000000350e+02 4.351679990000000089e+02
5.600839839999999867e+02 4.442319949999999835e+02
5.794669800000000350e+02 4.007959900000000175e+02
5.552550049999999828e+02 4.450100100000000225e+02
5.647589719999999716e+02 4.061619870000000105e+02
5.775659789999999703e+02 4.183399959999999851e+02
5.862659909999999854e+02 4.559249879999999848e+02
5.491439820000000509e+02 4.069540099999999825e+02
5.455889889999999696e+02 4.527210079999999834e+02
5.834829710000000205e+02 4.098460079999999834e+02
5.460040279999999484e+02 4.059549870000000169e+02
5.566900020000000495e+02 4.132510070000000155e+02
5.603939820000000509e+02 4.618689880000000016e+02
6.042940059999999676e+02 3.976700129999999831e+02
5.689840090000000146e+02 3.936400150000000053e+02
5.493300169999999980e+02 4.375700069999999755e+02
6.057570190000000139e+02 4.163299870000000169e+02
5.944819949999999835e+02 4.432219850000000179e+02
5.520120239999999967e+02 4.409890139999999974e+02
5.831179809999999861e+02 3.969209900000000175e+02
5.953939820000000509e+02 4.226419980000000010e+02
5.534639889999999696e+02 4.503569949999999835e+02
5.814160160000000133e+02 4.076679990000000089e+02
5.563259890000000496e+02 4.366379999999999768e+02
5.702930300000000443e+02 4.355729979999999841e+02
5.859730220000000145e+02 4.297059939999999756e+02
5.590310060000000476e+02 4.135710139999999910e+02
5.849279790000000503e+02 4.327619930000000181e+02
6.052979739999999538e+02 4.086759950000000003e+02
5.919099730000000363e+02 4.159909969999999930e+02
6.064559940000000324e+02 4.216159969999999930e+02
5.913209839999999531e+02 3.962890009999999847e+02
5.743530269999999973e+02 3.947929990000000089e+02
5.860709839999999531e+02 4.479299930000000245e+02
5.509160160000000133e+02 3.841059880000000248e+02
5.930570069999999987e+02 4.493620000000000232e+02
5.614140009999999847e+02 4.284660030000000006e+02
5.493549799999999550e+02 4.104750060000000076e+02
5.660739750000000186e+02 4.391969910000000255e+02
5.706879880000000185e+02 4.501319889999999759e+02
5.596569819999999709e+02 4.286690060000000244e+02
5.686539920000000166e+02 4.369280089999999745e+02
5.755529790000000503e+02 3.911459960000000251e+02
6.047119750000000522e+02 3.879419859999999858e+02
5.865789790000000039e+02 3.980100100000000225e+02
5.626690059999999676e+02 4.300239869999999769e+02
6.073369750000000522e+02 4.143190000000000168e+02
5.992299799999999550e+02 4.303789980000000241e+02
5.845339969999999994e+02 4.208179930000000013e+02
5.593829960000000483e+02 4.573340150000000222e+02
5.987700200000000450e+02 3.934440000000000168e+02
6.000800169999999980e+02 4.490629880000000185e+02
6.000109860000000026e+02 4.013670040000000085e+02
5.826209720000000516e+02 4.564490049999999997e+02
5.597119750000000522e+02 4.336940000000000168e+02
5.578939820000000509e+02 4.451969910000000255e+02
5.889790040000000317e+02 4.031929930000000013e+02
5.675570069999999987e+02 3.874750060000000076e+02
5.982979739999999538e+02 4.302090150000000222e+02
5.960789790000000039e+02 4.183640139999999974e+02
5.850100099999999657e+02 3.912479860000000258e+02
6.020729979999999841e+02 4.455969850000000179e+02
5.615440059999999676e+02 4.189630129999999895e+02
5.843839719999999716e+02 4.366749879999999848e+02
5.961539920000000166e+02 3.989570009999999911e+02
5.467940059999999676e+02 4.359249879999999848e+02
6.007760009999999511e+02 4.469689940000000092e+02
5.887299799999999550e+02 4.561759950000000003e+02
5.719710079999999834e+02 4.517510070000000155e+02
5.472609860000000026e+02 4.237229919999999765e+02
5.600529790000000503e+02 4.472720029999999838e+02
6.048599850000000515e+02 4.060950010000000248e+02
5.601320190000000139e+02 4.447000120000000152e+02
5.947800290000000132e+02 3.900050049999999828e+02
5.550709839999999531e+02 4.270390009999999847e+02
5.822880249999999478e+02 4.127850040000000149e+02
5.989119869999999537e+02 3.926050109999999904e+02
5.728909909999999854e+02 3.846250000000000000e+02
5.552369999999999663e+02 4.408930050000000165e+02
5.620800169999999980e+02 4.563959960000000251e+02
6.030319819999999709e+02 4.444630129999999895e+02
5.570729979999999841e+02 4.094700010000000248e+02
5.586630249999999478e+02 4.452600100000000225e+02
5.846469730000000027e+02 3.987520139999999742e+02
5.501119999999999663e+02 4.462850040000000149e+02
5.939450070000000323e+02 4.037950129999999831e+02
5.941870119999999815e+02 4.106050109999999904e+02
5.672780149999999821e+02 4.001570130000000063e+02
5.483480220000000145e+02 4.153169859999999858e+02
6.028090210000000297e+02 4.494299930000000245e+02
5.562830199999999650e+02 3.930419919999999934e+02
5.597150269999999637e+02 4.112999879999999848e+02
5.524149780000000192e+02 4.405759889999999928e+02
5.839199830000000020e+02 4.197860109999999736e+02
5.543889769999999544e+02 4.422900089999999977e+02
5.767609860000000026e+02 3.888309939999999756e+02
6.078850099999999657e+02 4.381960139999999910e+02
5.769190059999999676e+02 4.203649899999999775e+02
5.566359860000000026e+02 4.647579959999999915e+02
5.849730220000000145e+02 4.426279910000000086e+02
5.615319819999999709e+02 4.411919859999999858e+02
5.705180050000000165e+02 4.411990049999999997e+02
5.683900149999999485e+02 4.577550049999999828e+02
5.840449830000000020e+02 4.602950129999999831e+02
6.048740229999999656e+02 4.278479919999999765e+02
5.694959720000000516e+02 4.035539860000000090e+02
5.795239870000000337e+02 4.406340030000000070e+02
5.649479979999999841e+02 3.882510070000000155e+02
5.621640009999999847e+02 4.221210019999999759e+02
5.686779790000000503e+02 4.598869930000000181e+02
6.076939700000000357e+02 4.020759889999999928e+02
5.845499879999999848e+02 3.983139949999999772e+02
5.911950070000000323e+02 4.454140009999999847e+02
5.823859860000000026e+02 3.846099849999999947e+02
5.517910160000000133e+02 4.485859990000000153e+02
6.026820069999999987e+02 4.496749879999999848e+02
5.529219970000000330e+02 3.951799930000000245e+02
6.058930050000000165e+02 4.567699890000000096e+02
5.911719970000000330e+02 4.072070009999999911e+02
5.543380130000000463e+02 3.888429869999999937e+02
5.760339969999999994e+02 4.305310059999999908e+02
5.577509770000000344e+02 4.541830140000000142e+02
5.803870239999999967e+02 4.193169859999999858e+02
5.459879760000000033e+02 4.379639890000000264e+02
