1.160989990000000063e+02 2.963829959999999915e+02
1.371119999999999948e+02 2.896889949999999772e+02
1.645859989999999868e+02 2.868229979999999841e+02
1.700980069999999955e+02 2.786319889999999759e+02
1.545879970000000014e+02 3.421239929999999845e+02
1.356999969999999962e+02 2.722950129999999831e+02
1.609709929999999929e+02 3.354710079999999834e+02
1.256210020000000043e+02 3.236640009999999847e+02
1.638630070000000103e+02 2.726879880000000185e+02
1.522920070000000123e+02 3.476489869999999769e+02
1.267630000000000052e+02 2.727370000000000232e+02
1.651210020000000043e+02 3.455129999999999768e+02
1.371369929999999897e+02 2.818479919999999765e+02
1.536360019999999906e+02 3.098670040000000085e+02
1.000690000000000026e+02 2.807950129999999831e+02
1.284320069999999987e+02 2.902690119999999752e+02
1.045670010000000048e+02 2.880740049999999997e+02
1.560639950000000056e+02 3.345759889999999928e+02
1.602270049999999912e+02 3.270490110000000072e+02
1.567709959999999967e+02 2.964100040000000149e+02
1.279680019999999985e+02 2.868340150000000222e+02
1.686759950000000003e+02 2.808269960000000083e+02
1.183259960000000035e+02 2.926730039999999917e+02
1.090179980000000057e+02 2.825000000000000000e+02
1.427510069999999871e+02 2.905060119999999984e+02
1.565229950000000088e+02 3.554809880000000248e+02
1.118489990000000063e+02 2.773550109999999904e+02
1.680919949999999972e+02 3.318299870000000169e+02
1.295500030000000038e+02 3.455520020000000159e+02
1.543679960000000051e+02 2.821010130000000231e+02
1.638350069999999903e+02 3.197529910000000086e+02
1.110650020000000069e+02 2.839249879999999848e+02
1.320619959999999935e+02 3.388320009999999911e+02
1.603359989999999868e+02 2.752170100000000161e+02
1.550610049999999944e+02 3.192179869999999937e+02
1.583269960000000083e+02 3.251419980000000010e+02
1.627070009999999911e+02 3.468980099999999993e+02
1.060589980000000025e+02 2.891239929999999845e+02
1.482480009999999879e+02 2.904859920000000102e+02
1.335659939999999892e+02 3.241919859999999858e+02
1.054369959999999935e+02 2.943810119999999984e+02
1.487640079999999898e+02 3.339960019999999759e+02
1.333370060000000024e+02 2.860180050000000165e+02
1.062460020000000043e+02 2.983729860000000258e+02
1.285579989999999952e+02 2.878059999999999832e+02
1.504490049999999997e+02 3.228900150000000053e+02
1.596950070000000039e+02 2.767059939999999756e+02
1.608569950000000119e+02 3.218779910000000086e+02
1.592899930000000097e+02 3.252810059999999908e+02
1.326560059999999908e+02 3.311849980000000073e+02
1.327960050000000081e+02 3.433590090000000146e+02
1.515339969999999994e+02 3.152139890000000264e+02
1.618000030000000038e+02 3.426459960000000251e+02
1.358849950000000035e+02 3.226690060000000244e+02
1.470409999999999968e+02 3.182359920000000102e+02
1.193570019999999943e+02 2.711489869999999769e+02
1.034430009999999953e+02 2.751130069999999819e+02
1.621820069999999987e+02 3.345620119999999815e+02
1.261719970000000046e+02 3.294989929999999845e+02
1.486580050000000028e+02 3.108980099999999993e+02
1.494869999999999948e+02 3.508620000000000232e+02
1.338699949999999887e+02 3.350199890000000096e+02
1.645220030000000122e+02 2.806799930000000245e+02
1.003649979999999999e+02 3.185050049999999828e+02
1.613829959999999915e+02 3.469540099999999825e+02
1.371040040000000033e+02 2.716969910000000255e+02
1.511289979999999957e+02 3.295129999999999768e+02
1.334530029999999954e+02 2.890199890000000096e+02
1.587660060000000044e+02 3.510599980000000073e+02
1.588730009999999879e+02 3.046659849999999778e+02
1.247929989999999947e+02 3.487950129999999831e+02
1.340189970000000130e+02 2.829179990000000089e+02
1.299360049999999944e+02 2.906870119999999815e+02
1.465379939999999976e+02 2.734150089999999977e+02
1.469629970000000014e+02 3.438120119999999815e+02
1.298979950000000088e+02 3.261069949999999835e+02
1.198150020000000069e+02 2.965450129999999831e+02
1.421459959999999967e+02 3.322090150000000222e+02
1.446109920000000102e+02 2.758529970000000162e+02
1.162890009999999990e+02 2.987760010000000079e+02
1.035640029999999996e+02 3.502600100000000225e+02
1.543459929999999929e+02 2.964790039999999749e+02
1.445229950000000088e+02 2.760570069999999987e+02
1.011019969999999972e+02 2.929060059999999908e+02
1.166259989999999931e+02 2.985580140000000142e+02
1.524649960000000135e+02 3.526239929999999845e+02
1.528860019999999906e+02 2.936900019999999927e+02
1.602279969999999878e+02 2.842489929999999845e+02
1.120250020000000006e+02 2.719419859999999858e+02
1.408549959999999999e+02 3.275830080000000066e+02
1.296000060000000076e+02 3.336099849999999947e+02
1.534100039999999865e+02 3.091220089999999914e+02
1.656199949999999887e+02 3.406589969999999994e+02
1.464120029999999986e+02 3.465280149999999821e+02
1.115829999999999984e+02 2.896040039999999749e+02
1.715610049999999944e+02 2.800299989999999752e+02
1.640859989999999868e+02 3.122109990000000153e+02
1.668379970000000014e+02 3.084849849999999947e+02
1.692129970000000014e+02 3.383370059999999739e+02
1.554420010000000048e+02 3.215440060000000244e+02
1.675180049999999881e+02 2.783710019999999759e+02
1.248750000000000000e+02 3.331520080000000235e+02
1.284839939999999956e+02 3.304679869999999937e+02
1.081699980000000068e+02 2.712080080000000066e+02
1.098679960000000051e+02 2.928620000000000232e+02
1.633099980000000073e+02 3.522160030000000006e+02
1.589600069999999903e+02 2.847569889999999759e+02
1.572890010000000132e+02 3.343609920000000102e+02
1.287389980000000094e+02 3.475090030000000070e+02
1.620339969999999994e+02 3.459970089999999914e+02
1.199039989999999989e+02 2.859370119999999815e+02
1.258229979999999983e+02 3.286839899999999943e+02
1.554310000000000116e+02 3.374419859999999858e+02
1.345359950000000140e+02 2.861400150000000053e+02
1.579450070000000039e+02 3.134790039999999749e+02
1.710989989999999921e+02 2.738729860000000258e+02
1.706320039999999949e+02 3.141820069999999987e+02
1.296580050000000028e+02 3.423580019999999990e+02
1.228560030000000012e+02 2.898439940000000092e+02
1.383959959999999967e+02 2.711390079999999898e+02
1.497350010000000111e+02 3.349819949999999835e+02
1.275080030000000022e+02 3.504649959999999851e+02
1.560299990000000037e+02 3.306950069999999755e+02
1.423060000000000116e+02 3.232669980000000010e+02
1.642630000000000052e+02 3.183779910000000086e+02
1.474920040000000085e+02 2.772680050000000165e+02
1.454649960000000135e+02 2.790849910000000023e+02
1.349299929999999961e+02 2.727650150000000053e+02
1.627250060000000076e+02 3.399150089999999977e+02
1.567799990000000037e+02 3.454400019999999927e+02
1.617729950000000088e+02 3.504039920000000166e+02
1.059909969999999930e+02 2.865230099999999993e+02
1.708300020000000075e+02 3.117770080000000235e+02
1.077129970000000014e+02 2.794500120000000152e+02
1.021770020000000017e+02 2.920400089999999977e+02
1.643170010000000048e+02 3.359700010000000248e+02
1.538789979999999957e+02 3.080639949999999772e+02
1.425030059999999992e+02 2.866239929999999845e+02
1.320350039999999865e+02 3.173710019999999759e+02
1.336009980000000041e+02 2.912909849999999778e+02
1.439170070000000123e+02 2.815650019999999927e+02
1.251520000000000010e+02 2.885880129999999895e+02
1.305339969999999994e+02 2.889509889999999928e+02
1.508820039999999949e+02 3.167239989999999921e+02
1.194030000000000058e+02 2.878750000000000000e+02
1.561219940000000008e+02 2.907439880000000016e+02
1.696210020000000043e+02 3.111919859999999858e+02
1.639210050000000081e+02 3.283399959999999851e+02
1.302610019999999906e+02 3.362739869999999769e+02
1.085230030000000028e+02 2.828699950000000172e+02
1.004329989999999952e+02 2.933330080000000066e+02
1.076389999999999958e+02 2.878959960000000251e+02
1.482899930000000097e+02 3.159240110000000072e+02
1.072079999999999984e+02 2.727409969999999930e+02
1.477830050000000028e+02 3.223380129999999895e+02
1.536080019999999990e+02 3.123489989999999921e+02
1.195530009999999947e+02 2.848649899999999775e+02
1.342720030000000122e+02 2.914339899999999943e+02
1.416679990000000089e+02 3.442380069999999819e+02
1.427100069999999903e+02 3.251940000000000168e+02
1.556430049999999881e+02 3.429880069999999819e+02
1.336560059999999908e+02 2.850260010000000079e+02
1.252060010000000005e+02 3.469620059999999739e+02
1.613739930000000129e+02 3.069559939999999756e+02
1.324010010000000079e+02 3.227349849999999947e+02
1.409040070000000071e+02 2.773219910000000255e+02
1.631609950000000140e+02 3.245809939999999756e+02
1.315050050000000113e+02 3.189930110000000241e+02
1.597640079999999898e+02 2.880520020000000159e+02
1.677590030000000070e+02 3.404760130000000231e+02
1.636519930000000045e+02 3.406050109999999904e+02
1.441329959999999915e+02 3.561560059999999908e+02
1.297070009999999911e+02 2.894590150000000222e+02
1.232200009999999963e+02 3.387940060000000244e+02
1.179970019999999948e+02 2.863110050000000228e+02
1.298860019999999906e+02 3.215690000000000168e+02
1.478309940000000040e+02 2.850220029999999838e+02
1.653079989999999952e+02 3.466449890000000096e+02
1.092860029999999938e+02 2.782290039999999749e+02
1.517019960000000083e+02 2.868280030000000238e+02
1.322720030000000122e+02 3.176600040000000149e+02
1.381410060000000044e+02 2.800409849999999778e+02
1.591810000000000116e+02 3.544469910000000255e+02
1.423560029999999870e+02 2.847810059999999908e+02
1.528919980000000010e+02 2.719479979999999841e+02
1.688229980000000126e+02 3.508840030000000070e+02
1.028069990000000047e+02 2.753999939999999924e+02
1.683009950000000003e+02 3.419890139999999974e+02
1.574389950000000056e+02 3.024790039999999749e+02
1.476029969999999878e+02 2.801919859999999858e+02
1.549450070000000039e+02 3.294159849999999778e+02
1.119199980000000068e+02 2.730589899999999943e+02
1.273270030000000048e+02 3.509079899999999839e+02
1.398170010000000048e+02 3.380429990000000089e+02
1.552209929999999929e+02 3.519079899999999839e+02
1.625729980000000126e+02 3.471539920000000166e+02
1.702530059999999992e+02 3.548609920000000102e+02
1.525050050000000113e+02 3.360329899999999839e+02
1.078529970000000020e+02 2.770260010000000079e+02
1.175810010000000005e+02 2.995629880000000185e+02
1.517640079999999898e+02 3.467009889999999928e+02
1.546580050000000028e+02 2.787780149999999821e+02
1.566929930000000013e+02 3.026210019999999759e+02
1.113229979999999983e+02 2.715549930000000245e+02
1.712810059999999908e+02 3.359979860000000258e+02
1.671739959999999883e+02 3.282629999999999768e+02
1.525729980000000126e+02 3.401530149999999821e+02
1.427810059999999908e+02 3.163620000000000232e+02
1.628549959999999999e+02 3.189920040000000085e+02
1.520720059999999876e+02 3.424039920000000166e+02
1.137500000000000000e+02 2.771919859999999858e+02
1.574320069999999987e+02 3.500820009999999911e+02
1.587010040000000117e+02 3.089289860000000090e+02
1.526549990000000037e+02 3.451820069999999987e+02
1.569029999999999916e+02 3.187739869999999769e+02
1.446139980000000094e+02 3.209490049999999997e+02
1.325269930000000045e+02 3.421400150000000053e+02
1.691040040000000033e+02 2.746629940000000261e+02
1.383560029999999870e+02 3.229280089999999745e+02
1.293869929999999897e+02 3.497430110000000241e+02
1.674259950000000003e+02 2.805249939999999924e+02
1.257580030000000022e+02 2.899509889999999928e+02
1.367299959999999999e+02 2.786889949999999772e+02
1.592850039999999865e+02 2.830480039999999917e+02
1.469609989999999868e+02 2.933940119999999752e+02
1.016920010000000048e+02 2.800969850000000179e+02
1.341770019999999874e+02 3.321059880000000248e+02
1.449539949999999919e+02 3.121459960000000251e+02
1.061760029999999944e+02 2.924559939999999756e+02
1.052099989999999963e+02 2.863439940000000092e+02
1.717640079999999898e+02 2.747839969999999994e+02
9.960500299999999640e+01 2.887829899999999839e+02
1.291069950000000119e+02 3.320220029999999838e+02
1.295039979999999957e+02 3.105809939999999756e+02
1.571089939999999956e+02 2.806889949999999772e+02
1.718289949999999919e+02 3.199590150000000222e+02
1.567689970000000130e+02 2.917090150000000222e+02
1.624389950000000056e+02 3.304020080000000235e+02
1.520390010000000132e+02 3.478840030000000070e+02
1.306820069999999987e+02 2.812349849999999947e+02
1.363329929999999877e+02 3.403280030000000238e+02
1.259680019999999985e+02 3.180299989999999752e+02
1.493320009999999911e+02 3.220960079999999834e+02
1.579519960000000083e+02 2.920150150000000053e+02
1.534210050000000081e+02 2.711019900000000007e+02
1.676170040000000085e+02 3.561480099999999993e+02
1.535509950000000003e+02 3.416770020000000159e+02
1.424940029999999922e+02 3.366499939999999924e+02
1.234899979999999999e+02 2.860329899999999839e+02
1.022870029999999986e+02 2.726969910000000255e+02
1.090139999999999958e+02 2.975360109999999736e+02
1.443240049999999997e+02 2.742619930000000181e+02
1.598529969999999878e+02 3.423309939999999756e+02
1.576490019999999959e+02 3.254010010000000079e+02
1.594609989999999868e+02 2.728710019999999759e+02
1.715110019999999906e+02 2.819930110000000241e+02
1.458970030000000122e+02 3.285580140000000142e+02
1.647799990000000037e+02 2.726340030000000070e+02
1.290260010000000079e+02 3.536650089999999977e+02
1.254609990000000010e+02 3.315719910000000255e+02
1.582339939999999956e+02 3.169419859999999858e+02
1.663209990000000005e+02 3.421289980000000241e+02
1.697740019999999959e+02 3.346619870000000105e+02
1.321549990000000037e+02 2.886809999999999832e+02
1.317929990000000089e+02 2.866960139999999910e+02
1.518970030000000122e+02 3.245719910000000255e+02
1.035559999999999974e+02 2.815790099999999825e+02
1.661369929999999897e+02 3.242520139999999742e+02
1.261969990000000053e+02 2.907999879999999848e+02
1.412030029999999954e+02 2.869989929999999845e+02
1.587129970000000014e+02 3.343410030000000006e+02
1.477319950000000119e+02 3.391560059999999908e+02
1.010869979999999941e+02 2.869899899999999775e+02
1.147720029999999980e+02 2.910509950000000003e+02
1.564660030000000006e+02 3.542780149999999821e+02
1.663309940000000040e+02 3.484039920000000166e+02
