5.395120239999999967e+02 4.119750060000000076e+02
5.092720029999999838e+02 4.291659849999999778e+02
5.312189939999999524e+02 4.685249939999999924e+02
5.315170289999999795e+02 3.931520080000000235e+02
5.444409789999999703e+02 4.465939940000000092e+02
5.230360110000000304e+02 3.990700069999999755e+02
5.134199830000000020e+02 4.140220029999999838e+02
5.174420169999999644e+02 4.060769960000000083e+02
5.221840210000000297e+02 3.663659969999999930e+02
5.224619750000000522e+02 3.968609920000000102e+02
5.179530029999999670e+02 4.349110109999999736e+02
5.265189820000000509e+02 3.730400089999999977e+02
5.081740110000000072e+02 4.298580019999999990e+02
5.185349730000000363e+02 4.398739929999999845e+02
5.233070069999999987e+02 4.335289920000000166e+02
5.182020260000000462e+02 4.243829959999999915e+02
5.230399780000000192e+02 4.472430110000000241e+02
5.394069819999999709e+02 4.273059999999999832e+02
5.090880129999999895e+02 4.201889949999999772e+02
5.109800109999999904e+02 3.878959960000000251e+02
5.378309940000000324e+02 3.860270080000000235e+02
4.762290039999999749e+02 4.264379880000000185e+02
5.419929809999999861e+02 4.308120119999999815e+02
5.389639889999999696e+02 4.558949890000000096e+02
4.960169980000000010e+02 4.109960019999999759e+02
5.374799799999999550e+02 3.721440119999999752e+02
4.455920100000000161e+02 3.596080019999999990e+02
5.224699709999999868e+02 4.118070069999999987e+02
5.239639889999999696e+02 4.389219969999999762e+02
5.091929930000000013e+02 3.610780030000000238e+02
5.328610230000000456e+02 3.662290039999999749e+02
5.245070190000000139e+02 4.524890139999999974e+02
5.406060179999999491e+02 4.601419980000000010e+02
5.222360230000000456e+02 4.354689940000000092e+02
5.366209720000000516e+02 4.485629880000000185e+02
4.612479860000000258e+02 3.682460019999999759e+02
4.962160030000000006e+02 4.155690000000000168e+02
5.358309940000000324e+02 4.396560059999999908e+02
5.346669920000000502e+02 3.797699890000000096e+02
5.373480220000000145e+02 4.072730099999999993e+02
5.163270260000000462e+02 3.767510070000000155e+02
5.404310299999999643e+02 4.468210139999999910e+02
5.211589969999999994e+02 4.104440000000000168e+02
5.127910160000000133e+02 4.388810119999999984e+02
4.687609860000000026e+02 3.700880129999999895e+02
4.662950129999999831e+02 3.609880069999999819e+02
5.417020260000000462e+02 3.583190000000000168e+02
5.180549929999999677e+02 4.339790039999999749e+02
5.328850099999999657e+02 4.072709960000000251e+02
5.066560059999999908e+02 3.895639949999999772e+02
5.105209960000000251e+02 4.265329899999999839e+02
5.298530269999999973e+02 3.712349849999999947e+02
5.277849730000000363e+02 3.703810119999999984e+02
5.193480220000000145e+02 3.852460019999999759e+02
4.522149959999999851e+02 3.859590150000000222e+02
5.443150020000000495e+02 4.100920100000000161e+02
4.576480099999999993e+02 3.614360050000000228e+02
5.324130249999999478e+02 3.602799989999999752e+02
5.329260249999999814e+02 3.596409909999999854e+02
5.270260009999999511e+02 4.165790099999999825e+02
4.499010010000000079e+02 3.835100100000000225e+02
5.376589969999999994e+02 4.530740049999999997e+02
5.290020140000000310e+02 3.750100100000000225e+02
4.762829899999999839e+02 3.625729979999999841e+02
5.347100219999999808e+02 4.324360050000000228e+02
5.339089969999999994e+02 4.473169859999999858e+02
4.463850100000000225e+02 3.757909849999999778e+02
5.162930300000000443e+02 3.964729919999999765e+02
5.415930180000000291e+02 3.767720029999999838e+02
5.446209720000000516e+02 3.830350040000000149e+02
5.291459959999999683e+02 4.401940000000000168e+02
5.403820190000000139e+02 3.722009889999999928e+02
5.124559940000000324e+02 4.169870000000000232e+02
5.436060179999999491e+02 3.764540099999999825e+02
5.442249759999999696e+02 4.147179869999999937e+02
5.443049929999999677e+02 3.928030089999999745e+02
5.274019779999999855e+02 3.948479919999999765e+02
5.394920039999999517e+02 4.404419859999999858e+02
5.168820190000000139e+02 4.083869930000000181e+02
4.724070130000000063e+02 3.626440119999999752e+02
5.157180180000000291e+02 4.193670040000000085e+02
5.065929869999999937e+02 3.807059939999999756e+02
4.472780149999999821e+02 3.590669859999999858e+02
4.494460139999999910e+02 3.871789860000000090e+02
5.223720090000000482e+02 3.765759889999999928e+02
5.237520140000000310e+02 4.008259889999999928e+02
4.868410030000000006e+02 3.622269900000000007e+02
5.415319819999999709e+02 4.622820130000000063e+02
5.314210209999999961e+02 4.308240049999999997e+02
5.061640009999999847e+02 4.045530089999999745e+02
4.968280030000000238e+02 3.865060119999999984e+02
4.745299989999999752e+02 3.644289860000000090e+02
4.965520020000000159e+02 4.297489929999999845e+02
5.252059940000000324e+02 4.102659909999999854e+02
5.101979979999999841e+02 3.913529970000000162e+02
4.967999879999999848e+02 4.190559999999999832e+02
5.443359990000000153e+02 3.650889890000000264e+02
4.972569889999999759e+02 4.127990110000000072e+02
5.180410160000000133e+02 4.182359920000000102e+02
4.964179990000000089e+02 3.863550109999999904e+02
5.433640139999999974e+02 4.206499939999999924e+02
5.345750120000000152e+02 3.596979979999999841e+02
4.477950129999999831e+02 3.816950069999999755e+02
4.697009889999999928e+02 3.592940060000000244e+02
5.310250240000000304e+02 4.095939940000000092e+02
5.186309810000000198e+02 4.335989989999999921e+02
5.172550049999999828e+02 4.079800109999999904e+02
5.188449709999999868e+02 3.939219969999999762e+02
4.597820130000000063e+02 3.694159849999999778e+02
5.290170289999999795e+02 4.074469910000000255e+02
5.100799870000000169e+02 3.677449950000000172e+02
5.365499879999999848e+02 4.367760010000000079e+02
4.462000120000000152e+02 3.768750000000000000e+02
5.177160030000000006e+02 3.973810119999999984e+02
5.179589839999999867e+02 4.096430050000000165e+02
5.000790099999999825e+02 3.920840150000000222e+02
5.412000120000000152e+02 4.172099910000000023e+02
5.253610230000000456e+02 4.191640009999999847e+02
5.414119869999999537e+02 3.613529970000000162e+02
5.350980220000000145e+02 4.575780030000000238e+02
4.900910030000000006e+02 4.365000000000000000e+02
5.094110109999999736e+02 3.830790099999999825e+02
5.362109990000000153e+02 3.684339899999999943e+02
5.269849850000000515e+02 3.745180050000000165e+02
4.970109860000000026e+02 3.880339969999999994e+02
5.375750120000000152e+02 3.751459960000000251e+02
4.740220029999999838e+02 3.624159849999999778e+02
5.117030030000000238e+02 4.151799930000000245e+02
5.203959959999999683e+02 4.472189940000000092e+02
5.187410280000000284e+02 3.687309880000000248e+02
5.296489870000000337e+02 3.942879940000000261e+02
5.365280149999999821e+02 4.430969850000000179e+02
5.294699709999999868e+02 4.017640079999999898e+02
4.963550109999999904e+02 3.607340090000000146e+02
5.051099849999999947e+02 4.329840090000000146e+02
4.502080080000000066e+02 3.674230039999999917e+02
4.924169919999999934e+02 3.696759950000000003e+02
5.353389889999999696e+02 3.854840090000000146e+02
5.355930180000000291e+02 4.143009950000000003e+02
4.445889890000000264e+02 3.707340090000000146e+02
5.149050290000000132e+02 4.361709900000000175e+02
5.386240229999999656e+02 3.942990110000000072e+02
5.405570069999999987e+02 4.427300109999999904e+02
5.439450070000000323e+02 4.151059880000000248e+02
4.967139890000000264e+02 4.221860050000000228e+02
5.235939939999999524e+02 4.125409849999999778e+02
4.450559999999999832e+02 3.727829899999999839e+02
5.203309940000000324e+02 3.609649959999999851e+02
5.372039790000000039e+02 4.339309999999999832e+02
5.210170289999999795e+02 3.740440060000000244e+02
5.090010070000000155e+02 4.391610109999999736e+02
5.189509890000000496e+02 4.094389949999999772e+02
5.166119999999999663e+02 3.987520139999999742e+02
5.178439939999999524e+02 4.310790099999999825e+02
5.252310179999999491e+02 4.450629880000000185e+02
4.532279970000000162e+02 3.816579899999999839e+02
5.221870119999999815e+02 4.119140009999999847e+02
4.981489869999999769e+02 4.660119930000000181e+02
5.446309810000000198e+02 3.823389890000000264e+02
5.237789920000000166e+02 3.914530030000000238e+02
5.198449709999999868e+02 4.081730039999999917e+02
5.424080199999999650e+02 3.914379880000000185e+02
5.365560299999999643e+02 4.174169919999999934e+02
5.253159789999999703e+02 4.320029910000000086e+02
4.897550049999999828e+02 4.496510010000000079e+02
5.418099979999999505e+02 4.141690060000000244e+02
4.485140079999999898e+02 3.614800109999999904e+02
4.466979979999999841e+02 3.733110050000000228e+02
5.330989990000000489e+02 4.004140009999999847e+02
5.064920040000000085e+02 4.114070130000000063e+02
5.244299929999999677e+02 4.344460139999999910e+02
4.679540099999999825e+02 4.176929930000000013e+02
5.277399900000000343e+02 3.707409969999999930e+02
5.126290279999999484e+02 3.599750060000000076e+02
4.484970089999999914e+02 3.649169919999999934e+02
5.231350099999999657e+02 4.040329899999999839e+02
5.200689700000000357e+02 4.428770139999999742e+02
5.058989869999999769e+02 4.304190060000000244e+02
5.263930050000000165e+02 3.627799989999999752e+02
4.608649899999999775e+02 3.606050109999999904e+02
5.118160100000000057e+02 4.398569949999999835e+02
5.412919920000000502e+02 4.214119870000000105e+02
5.370869750000000522e+02 3.877669980000000010e+02
5.381459959999999683e+02 4.067239989999999921e+02
5.190729979999999841e+02 4.319949950000000172e+02
4.502929990000000089e+02 4.576300049999999828e+02
5.223460079999999834e+02 3.609840090000000146e+02
5.446160280000000284e+02 3.684649959999999851e+02
4.477019960000000083e+02 4.212980039999999917e+02
4.967789920000000166e+02 4.720809939999999756e+02
5.140130000000000337e+02 3.866629940000000261e+02
4.495390009999999847e+02 3.705559999999999832e+02
5.346979979999999841e+02 3.633070069999999987e+02
5.206920169999999644e+02 3.684230039999999917e+02
5.142130130000000463e+02 4.059450069999999755e+02
4.741889949999999772e+02 3.899840090000000146e+02
4.723200069999999755e+02 4.087019960000000083e+02
5.341380000000000337e+02 4.274440000000000168e+02
5.243599850000000515e+02 3.707399899999999775e+02
5.252800290000000132e+02 4.489429930000000013e+02
5.447630000000000337e+02 4.166489869999999769e+02
5.088290099999999825e+02 4.331709900000000175e+02
5.120659789999999703e+02 4.292229919999999765e+02
5.096239929999999845e+02 3.981279910000000086e+02
4.463829959999999915e+02 3.843380129999999895e+02
5.450380249999999478e+02 4.404970089999999914e+02
5.318150020000000495e+02 4.124750060000000076e+02
5.241430050000000165e+02 4.409119870000000105e+02
4.531019900000000007e+02 3.661910100000000057e+02
5.060490110000000072e+02 3.619719850000000179e+02
4.746669919999999934e+02 3.657969969999999762e+02
5.298339839999999867e+02 3.702909849999999778e+02
5.146389769999999544e+02 3.890360109999999736e+02
5.349400020000000495e+02 4.328020020000000159e+02
5.431740109999999504e+02 4.097239989999999921e+02
5.176820069999999987e+02 3.704859920000000102e+02
5.384829710000000205e+02 3.956340030000000070e+02
5.186660160000000133e+02 4.019819949999999835e+02
5.185560299999999643e+02 4.440589899999999943e+02
5.143280029999999670e+02 3.817479860000000258e+02
5.262830199999999650e+02 4.157789920000000166e+02
5.407739870000000337e+02 3.993320009999999911e+02
5.135269779999999855e+02 4.122699890000000096e+02
5.269899900000000343e+02 4.026700129999999831e+02
5.351989750000000186e+02 3.809060059999999908e+02
4.601029970000000162e+02 3.752560119999999984e+02
4.630230099999999993e+02 3.677909849999999778e+02
4.676600040000000149e+02 3.749849849999999947e+02
5.123289790000000039e+02 3.999700010000000248e+02
5.190910030000000006e+02 3.746140139999999974e+02
4.975530089999999745e+02 4.008840030000000070e+02
5.078169859999999858e+02 3.716549989999999752e+02
4.718299870000000169e+02 3.665799870000000169e+02
4.481459960000000251e+02 3.935020139999999742e+02
5.378579710000000205e+02 3.755339969999999994e+02
5.368389889999999696e+02 4.327969969999999762e+02
5.259650269999999637e+02 4.495289920000000166e+02
5.449929809999999861e+02 4.404049989999999752e+02
5.149149780000000192e+02 3.631589969999999994e+02
5.242709959999999683e+02 3.876619870000000105e+02
4.498330080000000066e+02 3.816449890000000096e+02
5.395449830000000020e+02 3.981419980000000010e+02
5.154899900000000343e+02 4.134989929999999845e+02
5.156170039999999517e+02 3.984620059999999739e+02
5.404699709999999868e+02 4.050849910000000023e+02
5.365809940000000324e+02 4.389209900000000175e+02
4.786140139999999974e+02 4.264960019999999759e+02
5.087349849999999947e+02 3.640849910000000023e+02
5.096860050000000228e+02 3.738049930000000245e+02
5.420100099999999657e+02 3.930289920000000166e+02
5.182589719999999716e+02 4.216950069999999755e+02
4.964249879999999848e+02 3.766229860000000258e+02
5.315679930000000013e+02 4.327149959999999851e+02
4.579100040000000149e+02 3.798630069999999819e+02
5.176680300000000443e+02 4.214729919999999765e+02
5.318690189999999802e+02 4.025129999999999768e+02
5.292390139999999974e+02 3.950599980000000073e+02
5.168469850000000179e+02 4.346109920000000102e+02
5.445059810000000198e+02 3.846799930000000245e+02
5.144260249999999814e+02 3.707200010000000248e+02
5.436770020000000159e+02 4.133729860000000258e+02
4.593919980000000010e+02 3.598859860000000026e+02
5.130510249999999814e+02 3.605759889999999928e+02
5.237979739999999538e+02 3.700390009999999847e+02
5.325780029999999670e+02 3.666619870000000105e+02
5.230250240000000304e+02 4.035350040000000149e+02
4.586359860000000026e+02 3.768640139999999974e+02
5.067479860000000258e+02 3.667730099999999993e+02
4.550199890000000096e+02 3.717070009999999911e+02
5.215809940000000324e+02 4.099410100000000057e+02
4.581489869999999769e+02 3.606159969999999930e+02
4.506470029999999838e+02 3.900299989999999752e+02
5.305529790000000503e+02 3.594049989999999752e+02
5.091449890000000096e+02 3.596749879999999848e+02
5.178189700000000357e+02 4.399639890000000264e+02
5.388670039999999517e+02 3.625520020000000159e+02
5.294450070000000323e+02 4.131379999999999768e+02
5.314739990000000489e+02 4.109110109999999736e+02
5.343540040000000317e+02 3.988240049999999997e+02
5.132169800000000350e+02 4.226250000000000000e+02
4.971910100000000057e+02 3.649110109999999736e+02
5.329940189999999802e+02 4.097179869999999937e+02
5.183519900000000007e+02 3.671549989999999752e+02
4.550790099999999825e+02 3.730910030000000006e+02
5.043259889999999928e+02 4.036520080000000235e+02
5.140029909999999518e+02 4.047149959999999851e+02
4.458989869999999769e+02 3.876040039999999749e+02
4.979299930000000245e+02 4.462919919999999934e+02
4.631130069999999819e+02 3.607109990000000153e+02
5.260109860000000026e+02 4.338330080000000066e+02
4.635969850000000179e+02 3.728879999999999768e+02
5.030989989999999921e+02 4.230390009999999847e+02
5.423740229999999656e+02 3.765979919999999765e+02
4.939859920000000102e+02 4.523590090000000146e+02
5.214569699999999557e+02 4.086250000000000000e+02
5.161640009999999847e+02 4.300830080000000066e+02
5.374719850000000179e+02 4.333810119999999984e+02
5.082179869999999937e+02 4.380650019999999927e+02
5.403850099999999657e+02 3.738219910000000255e+02
5.068689880000000016e+02 3.914689940000000092e+02
5.187800290000000132e+02 3.857510070000000155e+02
4.768659969999999930e+02 3.582370000000000232e+02
5.143800049999999828e+02 3.721539920000000166e+02
5.281149900000000343e+02 3.898850100000000225e+02
5.313889769999999544e+02 4.393080140000000142e+02
5.375900269999999637e+02 4.109620059999999739e+02
5.194400020000000495e+02 3.862940060000000244e+02
5.182940059999999676e+02 4.168670040000000085e+02
5.346079710000000205e+02 4.559590150000000222e+02
5.310739750000000186e+02 3.701929930000000013e+02
5.267310179999999491e+02 4.072189940000000092e+02
5.149310299999999643e+02 3.640270080000000235e+02
5.381569819999999709e+02 4.524179990000000089e+02
5.334790040000000317e+02 3.628680110000000241e+02
5.326240229999999656e+02 3.799609990000000153e+02
5.134600219999999808e+02 4.139979860000000258e+02
5.429479979999999841e+02 3.954649959999999851e+02
5.070799870000000169e+02 4.064989929999999845e+02
4.651950069999999755e+02 4.424649959999999851e+02
5.343090210000000297e+02 4.242059939999999756e+02
5.354140009999999847e+02 3.760780030000000238e+02
4.581510010000000079e+02 3.856010130000000231e+02
4.455700069999999755e+02 3.632810059999999908e+02
4.449049989999999752e+02 3.705660100000000057e+02
5.212860110000000304e+02 3.848420100000000161e+02
5.390510249999999814e+02 3.745459900000000175e+02
5.253289790000000039e+02 4.087770080000000235e+02
4.965620119999999815e+02 4.693689880000000016e+02
5.380029909999999518e+02 3.940979919999999765e+02
5.176389769999999544e+02 4.206260070000000155e+02
5.247310179999999491e+02 3.881390079999999898e+02
5.400050049999999828e+02 3.772909849999999778e+02
5.069129940000000261e+02 4.012600100000000225e+02
5.450209959999999683e+02 4.327019960000000083e+02
4.514649959999999851e+02 3.720820009999999911e+02
4.482579959999999915e+02 3.841589969999999994e+02
5.364229739999999538e+02 4.183850100000000225e+02
5.173029790000000503e+02 4.206629940000000261e+02
5.152670289999999795e+02 4.296520080000000235e+02
5.289869999999999663e+02 3.913810119999999984e+02
4.977909849999999778e+02 3.821140139999999974e+02
5.227160030000000006e+02 3.723959960000000251e+02
5.407369999999999663e+02 4.527669980000000010e+02
5.084479979999999841e+02 3.849079899999999839e+02
4.705320130000000063e+02 3.732449950000000172e+02
5.388969730000000027e+02 3.831910100000000057e+02
5.269539790000000039e+02 4.236600040000000149e+02
5.437030029999999670e+02 4.237070009999999911e+02
4.961640009999999847e+02 4.487600100000000225e+02
5.075289920000000166e+02 3.588829959999999915e+02
5.141010129999999663e+02 4.440180050000000165e+02
5.390089719999999716e+02 4.478330080000000066e+02
4.654689940000000092e+02 3.699219969999999762e+02
4.565929869999999937e+02 3.871860050000000228e+02
4.551019900000000007e+02 3.828110050000000228e+02
4.517839969999999994e+02 3.725440060000000244e+02
5.358350219999999808e+02 3.757659909999999854e+02
