3.748590090000000146e+02 3.461709900000000175e+02
3.866080019999999990e+02 2.891940000000000168e+02
4.279729919999999765e+02 3.138290099999999825e+02
3.900369870000000105e+02 2.786770020000000159e+02
4.198389890000000264e+02 2.909729919999999765e+02
3.617890009999999847e+02 3.499890139999999974e+02
4.287160030000000006e+02 2.792319949999999835e+02
4.234790039999999749e+02 2.925759889999999928e+02
3.688320009999999911e+02 3.548479919999999765e+02
4.359750060000000076e+02 3.035939940000000092e+02
4.031350100000000225e+02 3.079519960000000083e+02
3.686480099999999993e+02 3.215790099999999825e+02
4.261530149999999821e+02 2.925440060000000244e+02
3.774270020000000159e+02 2.773869930000000181e+02
3.756640009999999847e+02 2.739179990000000089e+02
4.338450010000000248e+02 3.538039860000000090e+02
4.027730099999999993e+02 2.842179869999999937e+02
3.582219850000000179e+02 3.390859990000000153e+02
4.094119870000000105e+02 2.962409969999999930e+02
4.408080140000000142e+02 3.336319889999999759e+02
3.542919919999999934e+02 3.522680050000000165e+02
3.836889949999999772e+02 2.931319889999999759e+02
3.961449890000000096e+02 2.878500060000000076e+02
4.182009889999999928e+02 2.856820069999999987e+02
3.948640139999999974e+02 2.868160100000000057e+02
3.886619870000000105e+02 2.979540099999999825e+02
4.115629880000000185e+02 3.479100040000000149e+02
4.085769960000000083e+02 3.007650150000000053e+02
3.586600040000000149e+02 2.766199950000000172e+02
4.374890139999999974e+02 3.088609920000000102e+02
3.533959960000000251e+02 3.291700129999999831e+02
4.107080080000000066e+02 2.859719850000000179e+02
4.209859920000000102e+02 2.927690119999999752e+02
3.761220089999999914e+02 3.005859990000000153e+02
3.761000060000000076e+02 2.998450010000000248e+02
3.659760130000000231e+02 2.777900089999999977e+02
3.760010070000000155e+02 3.030190119999999752e+02
3.540419919999999934e+02 2.712399899999999775e+02
4.273850100000000225e+02 2.819890139999999974e+02
3.827170100000000161e+02 3.187510070000000155e+02
3.827969969999999762e+02 2.909769900000000007e+02
4.421570130000000063e+02 3.119450069999999755e+02
3.730969850000000179e+02 3.407629999999999768e+02
4.384289860000000090e+02 3.447600100000000225e+02
3.856659849999999778e+02 3.230769960000000083e+02
4.094630129999999895e+02 2.784979860000000258e+02
3.897399899999999775e+02 3.018680110000000241e+02
4.181570130000000063e+02 2.830209960000000251e+02
4.352179869999999937e+02 3.212250060000000076e+02
4.357370000000000232e+02 2.933099980000000073e+02
4.438299870000000169e+02 2.984190060000000244e+02
3.775759889999999928e+02 3.178290099999999825e+02
4.325920100000000161e+02 2.788959960000000251e+02
4.354509889999999928e+02 3.291690060000000244e+02
3.698850100000000225e+02 3.251040039999999749e+02
3.721159969999999930e+02 3.369970089999999914e+02
3.770799870000000169e+02 2.919509889999999928e+02
3.624280089999999745e+02 3.001130069999999819e+02
4.359580080000000066e+02 2.926350100000000225e+02
4.190950010000000248e+02 3.169609990000000153e+02
4.359360050000000228e+02 3.369620059999999739e+02
4.389429930000000013e+02 3.118160100000000057e+02
3.532049870000000169e+02 2.929590150000000222e+02
3.709429930000000013e+02 3.446120000000000232e+02
3.719769900000000007e+02 3.350199890000000096e+02
3.949719850000000179e+02 2.953299870000000169e+02
3.681879880000000185e+02 3.418760070000000155e+02
3.662130129999999895e+02 3.245469969999999762e+02
4.415100100000000225e+02 2.906419980000000010e+02
4.236250000000000000e+02 2.786059880000000248e+02
3.926759950000000003e+02 3.565920100000000161e+02
3.625780030000000238e+02 2.745920100000000161e+02
3.715969850000000179e+02 3.474870000000000232e+02
4.159549870000000169e+02 3.083460079999999834e+02
3.570199890000000096e+02 3.451289980000000241e+02
3.902669980000000010e+02 2.882070009999999911e+02
4.272669980000000010e+02 3.158859860000000026e+02
3.559989929999999845e+02 2.841059880000000248e+02
4.121969910000000255e+02 2.980339969999999994e+02
4.141940000000000168e+02 3.153460079999999834e+02
3.556270139999999742e+02 2.905669859999999858e+02
4.148439940000000092e+02 2.928909909999999854e+02
4.420859990000000153e+02 3.095549930000000245e+02
3.507479860000000258e+02 3.238210139999999910e+02
3.546679990000000089e+02 3.413999939999999924e+02
4.294939880000000016e+02 3.558280030000000238e+02
4.356969910000000255e+02 3.357730099999999993e+02
4.106359860000000026e+02 2.937770080000000235e+02
4.126759950000000003e+02 3.047829899999999839e+02
3.510769960000000083e+02 3.153410030000000006e+02
4.041510010000000079e+02 2.908770139999999742e+02
4.248030089999999745e+02 2.894349980000000073e+02
3.674719850000000179e+02 3.425129999999999768e+02
4.354599910000000023e+02 3.481629940000000261e+02
4.238129880000000185e+02 3.413030089999999745e+02
4.324370119999999815e+02 3.113659969999999930e+02
4.039570009999999911e+02 3.072229919999999765e+02
4.038219910000000255e+02 2.980339969999999994e+02
3.611619870000000105e+02 3.526260070000000155e+02
3.641180110000000241e+02 2.751870119999999815e+02
3.691369930000000181e+02 2.874110109999999736e+02
3.851010130000000231e+02 2.886369930000000181e+02
3.716059880000000248e+02 3.349679869999999937e+02
3.837309880000000248e+02 2.812229919999999765e+02
4.330599980000000073e+02 3.488919980000000010e+02
4.409689940000000092e+02 3.018590090000000146e+02
4.069280089999999745e+02 3.046879880000000185e+02
4.306820069999999987e+02 2.934129940000000261e+02
4.219230039999999917e+02 2.847609860000000026e+02
3.708160100000000057e+02 3.281589969999999994e+02
4.294559939999999756e+02 2.804649959999999851e+02
3.513380129999999895e+02 3.097189940000000092e+02
4.015199890000000096e+02 3.090100100000000225e+02
4.216740110000000072e+02 3.197200010000000248e+02
3.567349849999999947e+02 3.172279970000000162e+02
4.300450129999999831e+02 3.242149959999999851e+02
4.442680050000000165e+02 3.581050109999999904e+02
4.324970089999999914e+02 2.797929990000000089e+02
4.314710079999999834e+02 3.079769900000000007e+02
3.561010130000000231e+02 2.938609920000000102e+02
3.673699950000000172e+02 3.221929930000000013e+02
4.206539920000000166e+02 2.781579899999999839e+02
4.351480099999999993e+02 3.231480099999999993e+02
3.906400150000000053e+02 2.939580080000000066e+02
4.441000060000000076e+02 3.492770080000000235e+02
4.143590090000000146e+02 3.039010010000000079e+02
4.329530030000000238e+02 2.895140079999999898e+02
4.376759950000000003e+02 2.942560119999999984e+02
3.955920100000000161e+02 2.993630069999999819e+02
3.648229979999999841e+02 3.232430110000000241e+02
3.499519960000000083e+02 3.242629999999999768e+02
4.430159909999999854e+02 3.493429869999999937e+02
4.372049870000000169e+02 2.888240049999999997e+02
4.351050109999999904e+02 3.313739929999999845e+02
4.415509950000000003e+02 3.452300109999999904e+02
3.596319889999999759e+02 3.362290039999999749e+02
4.316180110000000241e+02 3.406700129999999831e+02
4.360480039999999917e+02 3.112219850000000179e+02
4.340129999999999768e+02 3.448349910000000023e+02
4.118399959999999851e+02 2.930039980000000241e+02
3.564179990000000089e+02 2.852250060000000076e+02
4.254639890000000264e+02 2.817409969999999930e+02
3.925960079999999834e+02 3.164259950000000003e+02
3.503219910000000255e+02 2.708399959999999851e+02
4.019660030000000006e+02 2.903580019999999990e+02
3.645129999999999768e+02 3.304630129999999895e+02
3.586489869999999769e+02 3.527059939999999756e+02
3.848550109999999904e+02 3.071979979999999841e+02
4.034859920000000102e+02 2.797279970000000162e+02
4.241300049999999828e+02 3.099500120000000152e+02
3.538439940000000092e+02 3.138800049999999828e+02
3.590029910000000086e+02 2.784970089999999914e+02
4.380379940000000261e+02 3.223259889999999928e+02
4.335299989999999752e+02 3.486099849999999947e+02
4.252470089999999914e+02 3.233989869999999769e+02
3.714630129999999895e+02 3.352080080000000066e+02
3.957950129999999831e+02 2.904209900000000175e+02
3.661120000000000232e+02 2.822040099999999825e+02
3.493779910000000086e+02 3.425929869999999937e+02
4.232269900000000007e+02 3.058120119999999815e+02
3.846629940000000261e+02 2.950849910000000023e+02
3.792229919999999765e+02 2.729970089999999914e+02
3.749530030000000238e+02 3.464159849999999778e+02
4.019259950000000003e+02 3.020199890000000096e+02
4.344190060000000244e+02 3.013070069999999987e+02
4.433670040000000085e+02 3.555700069999999755e+02
3.515190119999999752e+02 2.925559999999999832e+02
3.714370119999999815e+02 3.568340150000000222e+02
3.778160100000000057e+02 3.314880069999999819e+02
4.160559999999999832e+02 2.753380129999999895e+02
4.111510010000000079e+02 3.145350040000000149e+02
4.120129999999999768e+02 2.730390009999999847e+02
4.204880069999999819e+02 2.781390079999999898e+02
3.873110050000000228e+02 2.717690119999999752e+02
3.585740049999999997e+02 3.484280089999999745e+02
4.076090090000000146e+02 2.850220029999999838e+02
3.530660100000000057e+02 3.285790099999999825e+02
4.284630129999999895e+02 3.106279910000000086e+02
3.557250060000000076e+02 3.297370000000000232e+02
3.616849980000000073e+02 3.347579959999999915e+02
3.492739869999999769e+02 3.292760010000000079e+02
3.979630129999999895e+02 3.013120119999999815e+02
4.328919980000000010e+02 2.967080080000000066e+02
4.243670040000000085e+02 3.231189880000000016e+02
4.355360109999999736e+02 3.223559880000000248e+02
4.261279910000000086e+02 2.866820069999999987e+02
3.751549989999999752e+02 2.946449890000000096e+02
4.314760130000000231e+02 2.938680110000000241e+02
4.305379940000000261e+02 3.185520020000000159e+02
4.374209900000000175e+02 2.944450069999999755e+02
4.140710139999999910e+02 3.164469910000000255e+02
3.899450069999999755e+02 2.981990049999999997e+02
4.013460079999999834e+02 2.783850100000000225e+02
3.653389890000000264e+02 3.205589899999999943e+02
3.660159909999999854e+02 3.290599980000000073e+02
3.578859860000000026e+02 2.810260010000000079e+02
4.436489869999999769e+02 3.569509889999999928e+02
3.506770020000000159e+02 3.576650089999999977e+02
4.215379940000000261e+02 2.974030149999999821e+02
3.577390139999999974e+02 3.210530089999999745e+02
3.734909969999999930e+02 2.907219850000000179e+02
3.702130129999999895e+02 3.348670040000000085e+02
3.668710019999999759e+02 2.817820130000000063e+02
4.113229979999999841e+02 3.031260070000000155e+02
3.577300109999999904e+02 2.785050049999999828e+02
3.711679990000000089e+02 3.450960079999999834e+02
3.561189880000000016e+02 2.784679869999999937e+02
4.102539980000000241e+02 2.745280149999999821e+02
3.967909849999999778e+02 2.849530030000000238e+02
4.393750000000000000e+02 3.340150150000000053e+02
3.553389890000000264e+02 3.458320009999999911e+02
3.781789860000000090e+02 2.895079959999999915e+02
3.722359920000000102e+02 3.542850040000000149e+02
4.079960019999999759e+02 2.860079959999999915e+02
4.365950010000000248e+02 3.222520139999999742e+02
4.405270080000000235e+02 3.443620000000000232e+02
3.699979860000000258e+02 3.393450010000000248e+02
4.160759889999999928e+02 3.401560059999999908e+02
3.627629999999999768e+02 3.549070130000000063e+02
3.528039860000000090e+02 2.914819949999999835e+02
3.564429930000000013e+02 3.121849980000000073e+02
4.188789980000000241e+02 3.069509889999999928e+02
3.642600100000000225e+02 2.736839899999999943e+02
3.880799870000000169e+02 2.920759889999999928e+02
3.745159909999999854e+02 3.015809939999999756e+02
4.204870000000000232e+02 3.143930050000000165e+02
4.237590030000000070e+02 2.833649899999999775e+02
3.818949890000000096e+02 3.015740049999999997e+02
3.557640079999999898e+02 3.465060119999999984e+02
3.899370119999999815e+02 3.002330019999999990e+02
3.701189880000000016e+02 3.474320069999999987e+02
3.974750060000000076e+02 2.869129940000000261e+02
4.204570009999999911e+02 3.090849910000000023e+02
4.187300109999999904e+02 2.942460019999999759e+02
4.384620059999999739e+02 3.288039860000000090e+02
3.767850040000000149e+02 2.745339969999999994e+02
3.997109990000000153e+02 2.771120000000000232e+02
4.345480039999999917e+02 2.927940060000000244e+02
3.754110109999999736e+02 2.899830019999999990e+02
4.242500000000000000e+02 2.924150089999999977e+02
4.015129999999999768e+02 2.953439940000000092e+02
4.425360109999999736e+02 3.038150019999999927e+02
3.504400019999999927e+02 2.728070069999999987e+02
4.020050049999999828e+02 2.926260070000000155e+02
3.611929930000000013e+02 3.493720089999999914e+02
3.562460019999999759e+02 3.201090090000000146e+02
3.986520080000000235e+02 3.014020080000000235e+02
3.638059999999999832e+02 2.781350100000000225e+02
3.521459960000000251e+02 3.288620000000000232e+02
3.938699950000000172e+02 2.753590090000000146e+02
4.041820069999999987e+02 2.979609990000000153e+02
4.405280149999999821e+02 3.414419859999999858e+02
3.996669919999999934e+02 2.905039980000000241e+02
3.561489869999999769e+02 3.336419980000000010e+02
3.842279970000000162e+02 3.466159969999999930e+02
3.760239869999999769e+02 3.306189880000000016e+02
4.358630069999999819e+02 3.233469850000000179e+02
3.920260010000000079e+02 2.740409849999999778e+02
3.847730099999999993e+02 2.900629880000000185e+02
4.016919859999999858e+02 2.886960139999999910e+02
3.516279910000000086e+02 3.137170100000000161e+02
3.518869930000000181e+02 3.116029970000000162e+02
4.410809939999999756e+02 3.112690119999999752e+02
3.929140009999999847e+02 2.820499879999999848e+02
3.576759950000000003e+02 3.143110050000000228e+02
4.061109920000000102e+02 2.872969969999999762e+02
4.292709960000000251e+02 3.297749939999999924e+02
4.344469910000000255e+02 2.841180110000000241e+02
3.942810059999999908e+02 3.038129880000000185e+02
4.323620000000000232e+02 3.510799870000000169e+02
4.229299930000000245e+02 3.302160030000000006e+02
4.007900089999999977e+02 2.755530089999999745e+02
3.870620119999999815e+02 2.782080080000000066e+02
4.315320130000000063e+02 3.065589899999999943e+02
4.004739989999999921e+02 2.944089969999999994e+02
4.052829899999999839e+02 2.940220029999999838e+02
3.884530030000000238e+02 2.898150019999999927e+02
3.866830140000000142e+02 2.776830140000000142e+02
3.540690000000000168e+02 2.789270020000000159e+02
3.722319949999999835e+02 2.749440000000000168e+02
4.093080140000000142e+02 2.951300049999999828e+02
3.822560119999999984e+02 2.933059999999999832e+02
3.619840090000000146e+02 3.447279970000000162e+02
3.962820130000000063e+02 2.772829899999999839e+02
3.814580080000000066e+02 2.769890139999999974e+02
4.024790039999999749e+02 2.992229919999999765e+02
4.343739929999999845e+02 3.458670040000000085e+02
4.364169919999999934e+02 2.915459900000000175e+02
3.637040099999999825e+02 3.451740110000000072e+02
4.341270139999999742e+02 3.134819949999999835e+02
3.539119870000000105e+02 2.754169919999999934e+02
3.680750120000000152e+02 2.827049870000000169e+02
3.915320130000000063e+02 2.769179990000000089e+02
4.384549870000000169e+02 3.546979979999999841e+02
4.210100100000000225e+02 3.214330140000000142e+02
4.324490049999999997e+02 3.005929869999999937e+02
4.210759889999999928e+02 3.214479979999999841e+02
4.014519960000000083e+02 2.747380069999999819e+02
4.169870000000000232e+02 3.149970089999999914e+02
4.368829959999999915e+02 3.100570069999999987e+02
4.311300049999999828e+02 3.506409909999999854e+02
3.712070009999999911e+02 2.880329899999999839e+02
4.404429930000000013e+02 3.442179869999999937e+02
3.611470029999999838e+02 3.151149899999999775e+02
4.358250120000000152e+02 3.470809939999999756e+02
3.853200069999999755e+02 2.726000060000000076e+02
4.067640079999999898e+02 2.832460019999999759e+02
4.251350100000000225e+02 2.860650019999999927e+02
4.089880069999999819e+02 3.039249879999999848e+02
3.728340150000000222e+02 2.738420100000000161e+02
4.217019960000000083e+02 3.064469910000000255e+02
4.370109860000000026e+02 3.399620059999999739e+02
3.641229860000000258e+02 2.796619870000000105e+02
3.523460079999999834e+02 2.853919980000000010e+02
4.305859990000000153e+02 3.070409849999999778e+02
3.576379999999999768e+02 2.778139949999999772e+02
3.862929990000000089e+02 3.463309939999999756e+02
3.816650089999999977e+02 2.727319949999999835e+02
4.395549930000000245e+02 3.036910100000000057e+02
4.043439940000000092e+02 2.791579899999999839e+02
3.948269960000000083e+02 2.738640139999999974e+02
3.921099849999999947e+02 2.709729919999999765e+02
3.581669919999999934e+02 3.329370119999999815e+02
3.571300049999999828e+02 2.894450069999999755e+02
4.335310059999999908e+02 3.066990049999999997e+02
3.949540099999999825e+02 2.859030149999999821e+02
4.075880129999999895e+02 3.033129880000000185e+02
3.540150150000000053e+02 2.929030149999999821e+02
3.678529970000000162e+02 3.243810119999999984e+02
3.939530030000000238e+02 2.787869870000000105e+02
3.491319889999999759e+02 3.514549870000000169e+02
3.908729860000000258e+02 2.715509950000000003e+02
4.331270139999999742e+02 2.957269900000000007e+02
3.690109860000000026e+02 2.937059939999999756e+02
3.906480099999999993e+02 2.826419980000000010e+02
4.332669980000000010e+02 3.402919919999999934e+02
3.650409849999999778e+02 2.729179990000000089e+02
3.899649959999999851e+02 2.738309939999999756e+02
4.410509950000000003e+02 3.134179990000000089e+02
4.132430110000000241e+02 2.930710139999999910e+02
3.715650019999999927e+02 3.314049989999999752e+02
4.181359860000000026e+02 3.005580140000000142e+02
3.743340150000000222e+02 2.757579959999999915e+02
3.641629940000000261e+02 2.919060059999999908e+02
3.573729860000000258e+02 3.294159849999999778e+02
4.398110050000000228e+02 2.899159849999999778e+02
3.533320009999999911e+02 3.364639890000000264e+02
4.238949890000000096e+02 3.116409909999999854e+02
3.943070069999999987e+02 3.008139949999999772e+02
4.235870059999999739e+02 2.974989929999999845e+02
4.360469969999999762e+02 3.504670100000000161e+02
4.430690000000000168e+02 2.980129999999999768e+02
4.271159969999999930e+02 3.038680110000000241e+02
3.545799870000000169e+02 2.841260070000000155e+02
3.894660030000000006e+02 2.949400019999999927e+02
4.330360109999999736e+02 3.027619930000000181e+02
3.779590150000000222e+02 3.364140009999999847e+02
4.272869870000000105e+02 2.997709960000000251e+02
