8.478600299999999379e+01 1.587920070000000123e+02
9.080799899999999525e+01 1.515709990000000005e+02
4.734799999999999898e+01 1.730269930000000045e+02
4.234999799999999937e+01 1.546360019999999906e+02
7.524199699999999780e+01 1.828110049999999944e+02
1.024550019999999932e+02 1.629980009999999879e+02
3.099200099999999836e+01 1.715209959999999967e+02
6.831600199999999745e+01 1.524040070000000071e+02
4.038100099999999770e+01 1.480679930000000013e+02
6.655599999999999739e+01 1.737189940000000092e+02
4.058400000000000318e+01 2.454170070000000123e+02
4.011200000000000188e+01 1.480110019999999906e+02
8.495600100000000054e+01 1.635970000000000084e+02
5.703099799999999675e+01 1.707270049999999912e+02
3.281000099999999975e+01 1.701119999999999948e+02
3.523599999999999710e+01 1.763639980000000094e+02
5.844500000000000028e+01 1.466399989999999889e+02
3.991199900000000156e+01 1.505130000000000052e+02
5.850099900000000019e+01 1.525899960000000135e+02
3.379600099999999685e+01 2.547420040000000085e+02
3.054999899999999968e+01 2.009380040000000065e+02
9.341999800000000675e+01 1.530679930000000013e+02
9.722899599999999509e+01 1.670760040000000117e+02
1.622299999999999898e+01 2.519709929999999929e+02
7.007199900000000525e+01 2.195590060000000108e+02
9.905799899999999525e+01 2.680039980000000241e+02
9.623699999999999477e+01 1.860290070000000071e+02
4.477399799999999885e+01 1.605130000000000052e+02
2.986300100000000057e+01 1.582810059999999908e+02
9.825700399999999490e+01 2.705180050000000165e+02
7.704499800000000675e+01 1.649149930000000097e+02
7.789600400000000491e+01 1.663560029999999870e+02
2.480999900000000125e+01 1.614230039999999917e+02
1.032129970000000014e+02 1.770540009999999995e+02
2.687299900000000008e+01 1.703549959999999999e+02
8.722199999999999420e+01 1.573350069999999903e+02
7.682800299999999538e+01 1.532100069999999903e+02
4.176699800000000096e+01 1.794080050000000028e+02
8.408599900000000105e+01 1.767859950000000140e+02
7.302200299999999800e+01 2.645920100000000161e+02
6.508999599999999930e+01 1.679479980000000126e+02
5.747600200000000115e+01 1.757230069999999955e+02
4.441400099999999895e+01 1.813930049999999881e+02
7.716700000000000159e+01 1.695449979999999925e+02
9.755799899999999525e+01 2.595079959999999915e+02
3.110199899999999928e+01 2.536950070000000039e+02
2.293700000000000117e+01 1.564230039999999917e+02
4.675799899999999809e+01 1.631640010000000132e+02
4.549599800000000016e+01 2.501990049999999997e+02
1.027580030000000022e+02 1.614159999999999968e+02
9.742199700000000462e+01 2.240529940000000124e+02
8.700800300000000220e+01 2.703439940000000092e+02
1.794800000000000040e+01 1.715079959999999915e+02
2.140899999999999892e+01 1.813890079999999898e+02
2.319700100000000020e+01 1.603739930000000129e+02
7.832199900000000525e+01 1.473659969999999930e+02
1.043469999999999942e+02 1.756109920000000102e+02
7.079900399999999649e+01 2.328459929999999929e+02
8.569699900000000525e+01 1.709340060000000108e+02
4.161999899999999997e+01 1.654170070000000123e+02
2.776399999999999935e+01 1.812200009999999963e+02
1.026080019999999990e+02 1.664389950000000056e+02
8.537200199999999484e+01 1.677909999999999968e+02
3.317999999999999972e+01 1.747550050000000113e+02
6.876699800000000096e+01 2.125800020000000075e+02
9.150399799999999573e+01 1.705209959999999967e+02
8.379499800000000675e+01 1.630249939999999924e+02
2.710399999999999920e+01 1.791990049999999997e+02
7.975000000000000000e+01 1.567319950000000119e+02
7.691999800000000675e+01 1.669019930000000045e+02
1.002320019999999943e+02 1.635279999999999916e+02
7.649800100000000214e+01 1.630299990000000037e+02
3.113800000000000168e+01 1.936459959999999967e+02
4.082600000000000051e+01 1.597969970000000046e+02
2.842900099999999952e+01 1.627740019999999959e+02
4.748599999999999710e+01 2.107420040000000085e+02
5.123500099999999691e+01 1.666970059999999876e+02
5.468199899999999758e+01 1.803580019999999990e+02
8.021199799999999414e+01 1.739040070000000071e+02
8.814900199999999586e+01 1.617010040000000117e+02
2.041099900000000034e+01 1.635429990000000089e+02
3.966199900000000156e+01 1.643139950000000056e+02
8.683499899999999627e+01 1.610379939999999976e+02
8.887999700000000303e+01 1.468200070000000039e+02
8.870600100000000054e+01 1.766849980000000073e+02
6.474400300000000641e+01 1.583309940000000040e+02
3.612699899999999786e+01 1.945130000000000052e+02
8.333299999999999841e+01 1.517500000000000000e+02
2.653200000000000003e+01 1.696710050000000081e+02
3.666599999999999682e+01 1.653979950000000088e+02
1.026460040000000049e+02 1.601329959999999915e+02
4.786299900000000207e+01 1.487369999999999948e+02
6.693000000000000682e+01 1.614629970000000014e+02
3.212400099999999981e+01 1.698350069999999903e+02
6.797599800000000414e+01 1.575700070000000039e+02
3.181599999999999895e+01 2.694909969999999930e+02
4.401900100000000293e+01 1.832539979999999957e+02
9.579000100000000373e+01 1.736799929999999961e+02
5.811600099999999713e+01 2.386799929999999961e+02
6.671199799999999414e+01 1.531699979999999925e+02
8.896600300000000061e+01 1.768000030000000038e+02
2.912099999999999866e+01 1.467220000000000084e+02
1.006169969999999978e+02 1.591439970000000130e+02
3.126199899999999943e+01 2.271150049999999965e+02
9.770799999999999841e+01 2.244360049999999944e+02
3.594500000000000028e+01 1.775619959999999935e+02
9.003299699999999461e+01 1.599810029999999870e+02
5.079600099999999685e+01 1.673430020000000127e+02
5.990000200000000063e+01 1.505399930000000097e+02
7.652800000000000580e+01 1.643580019999999990e+02
2.703300099999999873e+01 1.648200070000000039e+02
3.933200099999999821e+01 1.660409999999999968e+02
4.559400200000000325e+01 1.730749969999999962e+02
6.684699999999999420e+01 1.510709990000000005e+02
7.991300200000000586e+01 1.587109989999999868e+02
2.536700099999999836e+01 1.631950070000000039e+02
3.495500200000000035e+01 2.451280059999999992e+02
7.330000300000000379e+01 1.509790040000000033e+02
4.322299999999999898e+01 2.257929990000000089e+02
8.745799999999999841e+01 1.620440059999999960e+02
9.412000000000000810e+00 1.816150049999999965e+02
7.289499700000000360e+01 1.739069979999999873e+02
7.211399799999999516e+01 1.790249939999999924e+02
6.610900100000000634e+01 1.575980069999999955e+02
1.008030009999999947e+02 1.701580050000000028e+02
6.448799900000000207e+01 2.467790070000000071e+02
2.835500000000000043e+01 1.772120060000000024e+02
7.947399900000000628e+01 1.764029999999999916e+02
9.545600100000000054e+01 1.495560000000000116e+02
2.487999900000000153e+01 1.788090060000000108e+02
6.755300099999999475e+01 1.757250060000000076e+02
7.718399800000000255e+01 1.543860019999999906e+02
8.322699699999999723e+01 1.556230009999999879e+02
4.036299900000000207e+01 1.722929990000000089e+02
3.189999999999999858e+01 2.603169859999999858e+02
5.849399900000000230e+01 1.560769960000000083e+02
2.179899999999999949e+01 2.262799990000000037e+02
2.794700100000000020e+01 1.737449949999999887e+02
2.086700099999999836e+01 1.674550020000000075e+02
5.655099899999999735e+01 1.488079989999999952e+02
1.016679989999999947e+02 1.689049990000000037e+02
3.039199999999999946e+01 1.803529969999999878e+02
6.615200000000000102e+01 2.668049930000000245e+02
9.791200299999999856e+01 1.557500000000000000e+02
9.550399799999999573e+01 1.575549929999999961e+02
9.315399899999999889e+01 1.835440059999999960e+02
6.588600200000000484e+01 1.773189999999999884e+02
9.960900100000000634e+01 1.518939970000000130e+02
2.835199899999999928e+01 2.110279999999999916e+02
9.458999599999999930e+01 1.750449979999999925e+02
3.678499999999999659e+01 1.800359950000000140e+02
3.388299899999999809e+01 1.767989959999999883e+02
4.550500100000000003e+01 1.701130070000000103e+02
1.020350040000000007e+02 2.643540039999999749e+02
8.304000100000000373e+01 1.593009950000000003e+02
1.032009960000000035e+02 1.747630000000000052e+02
9.430300099999999475e+01 1.827980039999999917e+02
9.608400000000000318e+01 1.869420010000000048e+02
9.627600099999999372e+01 1.818589939999999956e+02
3.768899900000000258e+01 1.473690029999999922e+02
5.991899899999999946e+01 1.687279969999999878e+02
6.899600200000000427e+01 1.533170010000000048e+02
7.244799799999999834e+01 1.531009980000000041e+02
3.867599899999999735e+01 1.732819979999999873e+02
2.435099999999999909e+01 1.521569979999999873e+02
9.402899899999999889e+01 2.669729919999999765e+02
5.882300200000000245e+01 1.734439999999999884e+02
9.790799699999999461e+01 2.338090060000000108e+02
7.442099799999999732e+01 1.655489959999999883e+02
3.754600099999999685e+01 1.559179990000000089e+02
9.795400200000000268e+01 2.215959929999999929e+02
4.965299999999999869e+01 1.477649989999999889e+02
8.688400300000000698e+01 1.792729950000000088e+02
1.032929989999999947e+02 1.645209959999999967e+02
6.989399699999999882e+01 1.828970030000000122e+02
3.325500100000000003e+01 2.245079959999999915e+02
9.788600200000000484e+01 1.558090060000000108e+02
4.266199900000000156e+01 1.769089969999999994e+02
6.791899899999999946e+01 1.830319979999999873e+02
3.156500099999999875e+01 1.784880070000000103e+02
3.286200000000000188e+01 2.295229950000000088e+02
6.661900300000000641e+01 1.675919949999999972e+02
8.278199800000000153e+01 1.609940029999999922e+02
2.784100000000000108e+01 1.928130040000000065e+02
2.005199999999999960e+01 1.484600069999999903e+02
3.143700000000000117e+01 2.093619999999999948e+02
1.037330019999999990e+02 1.479940029999999922e+02
3.587900199999999984e+01 1.740299990000000037e+02
1.003960040000000049e+02 1.660440059999999960e+02
6.561699699999999780e+01 1.552799990000000037e+02
3.286700100000000191e+01 1.794179990000000089e+02
1.002289959999999951e+02 1.719210050000000081e+02
3.286000099999999691e+01 2.279190059999999960e+02
3.017600099999999941e+01 1.636560059999999908e+02
1.023600009999999969e+02 1.710729980000000126e+02
1.061299999999999955e+01 2.200700070000000039e+02
3.304499799999999965e+01 1.829920040000000085e+02
8.752200299999999800e+01 1.833919980000000010e+02
3.077300100000000072e+01 1.820509950000000003e+02
4.424900099999999981e+01 1.515820009999999911e+02
5.762099800000000016e+01 2.041139980000000094e+02
7.768099999999999739e+01 1.626759950000000003e+02
2.137700099999999992e+01 1.686430049999999881e+02
2.924200099999999836e+01 1.829310000000000116e+02
9.777400199999999586e+01 2.637720029999999838e+02
6.552700000000000102e+01 1.617310029999999870e+02
3.800600099999999770e+01 1.736699979999999925e+02
8.737999700000000303e+01 2.311959990000000005e+02
6.752999900000000366e+01 1.673079989999999952e+02
7.325099899999999309e+01 1.591100010000000111e+02
1.980299899999999980e+01 1.484779969999999878e+02
9.561299900000000207e+01 1.595299990000000037e+02
6.147100100000000111e+01 1.807010040000000117e+02
3.295799999999999841e+01 1.478880000000000052e+02
2.195100000000000051e+01 1.799980009999999879e+02
1.903399999999999892e+01 1.547319950000000119e+02
4.707699999999999818e+01 2.391790009999999995e+02
6.868000000000000682e+01 1.692359920000000102e+02
9.370900000000000318e+01 1.465220030000000122e+02
7.217700200000000166e+01 1.681519930000000045e+02
8.062799800000000516e+01 1.794660030000000006e+02
5.571200199999999825e+01 1.471109920000000102e+02
5.953200100000000106e+01 1.463890079999999898e+02
1.991500100000000018e+01 1.631840060000000108e+02
6.490499900000000366e+01 1.579239959999999883e+02
5.518899900000000258e+01 1.759819950000000119e+02
2.349500099999999847e+01 1.724320069999999987e+02
7.596700300000000539e+01 2.641979979999999841e+02
6.354899999999999949e+01 1.770899960000000135e+02
9.488099699999999359e+01 1.798880000000000052e+02
2.895599899999999849e+01 2.252669980000000010e+02
5.757300200000000245e+01 1.460059970000000078e+02
5.295500200000000035e+01 1.814290009999999995e+02
9.250399799999999573e+01 2.662959900000000175e+02
7.183799700000000144e+01 1.524590000000000032e+02
4.324599800000000016e+01 1.669609989999999868e+02
3.136300100000000057e+01 1.622839969999999994e+02
9.654599799999999732e+01 2.068079989999999952e+02
2.704500000000000171e+01 2.179360049999999944e+02
1.011370009999999979e+02 1.463280029999999954e+02
8.929699700000000462e+01 1.554909969999999930e+02
2.447100100000000111e+01 1.753780059999999992e+02
3.155999900000000125e+01 1.621719970000000046e+02
1.045749969999999962e+02 1.636499939999999924e+02
5.307400100000000265e+01 1.729380040000000065e+02
9.948500099999999691e+01 2.693340150000000222e+02
3.904999899999999968e+01 1.467230069999999955e+02
1.014329989999999952e+02 1.680420070000000123e+02
5.514300200000000274e+01 1.504259950000000003e+02
7.406600199999999745e+01 1.834250030000000038e+02
9.568299899999999525e+01 2.680169980000000010e+02
3.152100000000000080e+01 2.006179960000000051e+02
5.724700200000000194e+01 1.522830050000000028e+02
1.914199999999999946e+01 1.558090060000000108e+02
6.081900000000000261e+01 1.759320069999999987e+02
2.217200100000000162e+01 1.500489959999999883e+02
8.941500100000000373e+01 1.722160030000000006e+02
6.594499999999999318e+01 1.474929960000000051e+02
9.617500300000000379e+01 2.668909909999999854e+02
3.625699999999999790e+01 1.836979980000000126e+02
3.869599900000000048e+01 1.752239989999999921e+02
1.040110020000000048e+02 1.635359950000000140e+02
5.552899899999999889e+01 1.647760010000000079e+02
2.204599999999999937e+01 1.808260040000000117e+02
4.627199900000000099e+01 1.725610049999999944e+02
7.379200000000000159e+01 1.759839939999999956e+02
3.358499900000000338e+01 1.833730009999999879e+02
3.031699899999999914e+01 1.489900049999999965e+02
7.888700099999999793e+01 2.648879999999999768e+02
3.844800200000000245e+01 1.701829989999999952e+02
1.806699899999999914e+01 1.730549929999999961e+02
9.600900300000000698e+01 2.064519960000000083e+02
9.079699700000000462e+01 1.706069950000000119e+02
4.531700099999999765e+01 1.810560000000000116e+02
6.152399799999999885e+01 1.800630040000000065e+02
6.947499799999999937e+01 1.722299959999999999e+02
9.318800400000000650e+01 2.279219970000000046e+02
9.763200399999999490e+01 2.460500030000000038e+02
6.477899899999999889e+01 1.803569950000000119e+02
2.494300099999999887e+01 1.750899960000000135e+02
8.112899799999999573e+01 1.767909999999999968e+02
1.451299999999999990e+01 2.052140049999999860e+02
4.999200100000000191e+01 1.517810059999999908e+02
6.700700399999999490e+01 1.468130040000000065e+02
6.397299999999999898e+01 1.473930049999999881e+02
2.266900100000000151e+01 1.777330019999999990e+02
8.264199800000000096e+01 1.712200009999999963e+02
5.618899900000000258e+01 2.374109950000000140e+02
5.659299899999999894e+01 2.596539920000000166e+02
5.262200200000000194e+01 1.819159999999999968e+02
7.065000200000000063e+01 1.617380070000000103e+02
3.125499900000000153e+01 1.918350069999999903e+02
7.423600000000000421e+01 1.617359920000000102e+02
7.334300199999999847e+01 1.816979980000000126e+02
1.898300000000000054e+01 1.612740019999999959e+02
8.328500400000000070e+01 1.512579959999999915e+02
1.852899899999999889e+01 1.599640049999999860e+02
1.702599899999999877e+01 2.269559940000000040e+02
5.502700000000000102e+01 1.774060059999999908e+02
6.576599899999999366e+01 1.821820069999999987e+02
1.897100100000000111e+01 2.185149989999999889e+02
9.106400299999999959e+01 2.660220029999999838e+02
8.011100000000000421e+01 1.566439970000000130e+02
2.066099900000000034e+01 2.340570069999999987e+02
6.690899699999999939e+01 1.689479980000000126e+02
5.215000200000000063e+01 1.538899989999999889e+02
2.614399900000000088e+01 1.572890010000000132e+02
6.098300199999999904e+01 1.586380000000000052e+02
7.023500099999999691e+01 1.618060000000000116e+02
2.788699899999999943e+01 1.469409939999999892e+02
2.474500099999999847e+01 1.685480039999999917e+02
6.653900099999999895e+01 1.709100039999999865e+02
3.111700099999999836e+01 1.892339939999999956e+02
2.001600099999999927e+01 1.546439970000000130e+02
1.010820010000000053e+02 1.598029940000000124e+02
3.165899999999999892e+01 1.766250000000000000e+02
1.032229999999999990e+02 1.726810000000000116e+02
9.663400300000000698e+01 1.705209959999999967e+02
6.035100200000000115e+01 1.481810000000000116e+02
2.427100000000000080e+01 1.521929930000000013e+02
7.200599699999999359e+01 1.585560000000000116e+02
