2.692709960000000251e+02 1.633419949999999972e+02
2.970209960000000251e+02 2.617919919999999934e+02
3.124920040000000085e+02 2.102469940000000008e+02
2.604599910000000023e+02 2.438220059999999876e+02
3.248840030000000070e+02 1.708189999999999884e+02
3.228779910000000086e+02 1.811770019999999874e+02
3.218009950000000003e+02 2.532640079999999898e+02
2.618020020000000159e+02 2.582189940000000092e+02
2.887969969999999762e+02 1.613829959999999915e+02
3.280270080000000235e+02 2.583850100000000225e+02
2.806919859999999858e+02 2.651700129999999831e+02
2.627049870000000169e+02 2.627560119999999984e+02
2.912390139999999974e+02 2.675669859999999858e+02
2.610329899999999839e+02 2.579460139999999910e+02
2.737869870000000105e+02 1.711629939999999976e+02
2.811430050000000165e+02 1.696150049999999965e+02
3.324280089999999745e+02 2.524709929999999929e+02
2.791199950000000172e+02 1.633320009999999911e+02
2.628229979999999841e+02 2.286699979999999925e+02
2.859169919999999934e+02 2.657730099999999993e+02
2.822479860000000258e+02 2.649509889999999928e+02
3.311390079999999898e+02 2.700790099999999825e+02
3.295459900000000175e+02 2.542380070000000103e+02
3.151279910000000086e+02 1.650420070000000123e+02
2.697170100000000161e+02 1.602579959999999915e+02
3.210530089999999745e+02 2.665010070000000155e+02
3.298970029999999838e+02 1.719329989999999952e+02
2.669249879999999848e+02 2.530030059999999992e+02
3.015620119999999815e+02 2.557510069999999871e+02
2.688089899999999943e+02 1.577420040000000085e+02
2.762479860000000258e+02 2.530260010000000079e+02
3.326979979999999841e+02 2.608729860000000258e+02
2.936979979999999841e+02 1.744429930000000013e+02
3.407529910000000086e+02 2.667940060000000244e+02
2.818919980000000010e+02 2.468040009999999995e+02
2.842330019999999990e+02 1.677290040000000033e+02
3.314790039999999749e+02 1.584730069999999955e+02
2.736839899999999943e+02 1.646490019999999959e+02
2.851140139999999974e+02 1.771190029999999922e+02
2.615169980000000010e+02 2.438209990000000005e+02
3.050409849999999778e+02 2.504980009999999879e+02
2.861329959999999915e+02 1.820399930000000097e+02
2.826770020000000159e+02 1.730050050000000113e+02
3.091019900000000007e+02 2.567760010000000079e+02
3.164830019999999990e+02 1.743240049999999997e+02
2.833670040000000085e+02 2.495059970000000078e+02
3.248970029999999838e+02 2.622380069999999819e+02
2.804739989999999921e+02 1.526600039999999865e+02
3.089140009999999847e+02 1.764550020000000075e+02
2.869760130000000231e+02 2.593349910000000023e+02
2.669100040000000149e+02 2.473719940000000008e+02
3.228989869999999769e+02 2.456710050000000081e+02
2.936359860000000026e+02 2.543919980000000010e+02
2.837070009999999911e+02 1.836860049999999944e+02
2.840169980000000010e+02 2.676149899999999775e+02
3.027950129999999831e+02 2.666300049999999828e+02
3.243710019999999759e+02 1.569060059999999908e+02
2.738179930000000013e+02 1.666029969999999878e+02
3.215079959999999915e+02 2.415119929999999897e+02
3.235820009999999911e+02 1.746300050000000113e+02
3.258500060000000076e+02 1.568699949999999887e+02
3.227170100000000161e+02 1.782339939999999956e+02
2.655360109999999736e+02 1.581300050000000113e+02
2.785239869999999769e+02 1.659909969999999930e+02
3.138890079999999898e+02 1.656329959999999915e+02
2.651350100000000225e+02 2.377319950000000119e+02
3.127000120000000152e+02 2.569750060000000076e+02
2.659360050000000228e+02 2.582130129999999895e+02
3.035849910000000023e+02 1.806289979999999957e+02
3.225679930000000013e+02 2.035529940000000124e+02
3.077170100000000161e+02 1.805780029999999954e+02
2.723059999999999832e+02 1.628549959999999999e+02
3.092659909999999854e+02 2.555449979999999925e+02
2.941319889999999759e+02 1.737870029999999986e+02
2.804630129999999895e+02 1.531580050000000028e+02
3.041159969999999930e+02 2.571780089999999745e+02
3.080249939999999924e+02 1.647350010000000111e+02
2.905230099999999993e+02 1.574100039999999865e+02
3.307879940000000261e+02 1.800820009999999911e+02
2.771889949999999772e+02 1.626100010000000111e+02
2.686799930000000245e+02 2.607229919999999765e+02
3.308210139999999910e+02 1.742779999999999916e+02
2.763890079999999898e+02 1.637189940000000092e+02
2.777210079999999834e+02 2.559499969999999962e+02
2.957810059999999908e+02 2.638559880000000248e+02
3.311570130000000063e+02 1.776289979999999957e+02
2.729920040000000085e+02 1.883480069999999955e+02
2.892940060000000244e+02 1.521950070000000039e+02
3.164790039999999749e+02 1.806959990000000005e+02
2.718210139999999910e+02 1.856210020000000043e+02
3.411789860000000090e+02 2.707049870000000169e+02
2.800719910000000255e+02 1.916779940000000124e+02
3.228129880000000185e+02 1.790220030000000122e+02
3.103510130000000231e+02 2.651400150000000053e+02
2.789989929999999845e+02 2.641449890000000096e+02
2.813900150000000053e+02 2.677690119999999752e+02
2.773840030000000070e+02 1.862230069999999955e+02
2.609790039999999749e+02 2.703519900000000007e+02
3.130459900000000175e+02 1.578450009999999963e+02
2.999859920000000102e+02 2.589259950000000003e+02
2.784339899999999943e+02 2.629410100000000057e+02
2.677900089999999977e+02 2.585459900000000175e+02
2.975369870000000105e+02 2.475399930000000097e+02
3.295339969999999994e+02 1.766170040000000085e+02
3.145639949999999772e+02 1.657230069999999955e+02
3.020039980000000241e+02 1.734700009999999963e+02
2.787260130000000231e+02 1.541260069999999871e+02
2.747479860000000258e+02 1.656069950000000119e+02
3.182650150000000053e+02 1.594799959999999999e+02
2.713550109999999904e+02 1.610480039999999917e+02
3.009830019999999990e+02 1.820709990000000005e+02
3.240119930000000181e+02 1.665670010000000048e+02
3.268890079999999898e+02 1.815679930000000013e+02
3.021929930000000013e+02 1.632230069999999955e+02
3.218500060000000076e+02 1.829400019999999927e+02
2.610050049999999828e+02 2.513650049999999965e+02
2.985939940000000092e+02 1.747640079999999898e+02
2.842950129999999831e+02 1.791549990000000037e+02
3.279620059999999739e+02 1.811260069999999871e+02
3.062590030000000070e+02 2.694530030000000238e+02
3.411659849999999778e+02 2.564899899999999775e+02
2.963720089999999914e+02 1.668899989999999889e+02
2.991319889999999759e+02 2.479880070000000103e+02
2.768240049999999997e+02 2.538979950000000088e+02
3.170239869999999769e+02 2.640750120000000152e+02
3.333290099999999825e+02 2.623959960000000251e+02
3.256329959999999915e+02 2.671369930000000181e+02
2.965429990000000089e+02 2.645190119999999752e+02
3.210029910000000086e+02 2.240240019999999959e+02
2.650859990000000153e+02 1.712400049999999965e+02
3.363359990000000153e+02 2.528150019999999927e+02
2.782600100000000225e+02 2.200039979999999957e+02
2.916830140000000142e+02 2.490939940000000092e+02
2.799840090000000146e+02 2.664559939999999756e+02
3.068030089999999745e+02 2.615140079999999898e+02
2.868599849999999947e+02 2.457689970000000130e+02
3.335620119999999815e+02 2.612959900000000175e+02
2.713580019999999990e+02 2.691069949999999835e+02
3.038139949999999772e+02 2.542120060000000024e+02
2.893299870000000169e+02 2.691220089999999914e+02
3.219679869999999937e+02 1.663070069999999987e+02
3.072539980000000241e+02 1.722839969999999994e+02
3.068609920000000102e+02 1.740749969999999962e+02
3.089590150000000222e+02 1.707019960000000083e+02
2.743020020000000159e+02 2.454439999999999884e+02
3.278599849999999947e+02 1.743340000000000032e+02
3.059429930000000013e+02 1.680599980000000073e+02
3.228080140000000142e+02 1.677310029999999870e+02
2.796709900000000175e+02 1.676419980000000010e+02
2.854039920000000166e+02 2.537039949999999919e+02
3.002130129999999895e+02 1.648489989999999921e+02
3.037579959999999915e+02 2.062949979999999925e+02
2.827699890000000096e+02 2.487610019999999906e+02
3.472009889999999928e+02 2.606090090000000146e+02
2.974020080000000235e+02 2.462830050000000028e+02
2.725989989999999921e+02 2.061860049999999944e+02
3.213089899999999943e+02 2.135910030000000006e+02
3.298259889999999928e+02 2.562690119999999752e+02
3.470270080000000235e+02 2.694840090000000146e+02
3.375440060000000244e+02 2.557570039999999949e+02
2.869089969999999994e+02 1.549859920000000102e+02
3.260369870000000105e+02 2.577529910000000086e+02
2.841640009999999847e+02 1.736109920000000102e+02
2.941250000000000000e+02 2.692080080000000066e+02
3.306289980000000241e+02 1.732200009999999963e+02
2.655299989999999752e+02 2.299120029999999986e+02
3.092319949999999835e+02 2.603800049999999828e+02
3.225220029999999838e+02 2.554810029999999870e+02
2.974689940000000092e+02 2.622969969999999762e+02
2.995010070000000155e+02 1.731790009999999995e+02
3.360790099999999825e+02 2.681700129999999831e+02
2.889140009999999847e+02 2.622309880000000248e+02
2.864330140000000142e+02 2.575050049999999828e+02
2.672929990000000089e+02 2.649639890000000264e+02
2.874370119999999815e+02 2.446999969999999962e+02
2.972359920000000102e+02 2.506649930000000097e+02
3.317539980000000241e+02 1.788679960000000051e+02
2.617879940000000261e+02 2.535749969999999962e+02
2.659169919999999934e+02 2.523450009999999963e+02
3.092850040000000149e+02 1.722720030000000122e+02
3.055000000000000000e+02 2.545529940000000124e+02
2.948909909999999854e+02 2.706679990000000089e+02
3.480840150000000222e+02 2.562980039999999917e+02
3.013489989999999921e+02 1.556799929999999961e+02
2.871369930000000181e+02 1.685760040000000117e+02
3.195079959999999915e+02 1.669759980000000041e+02
2.975979919999999765e+02 2.575830080000000066e+02
3.478299870000000169e+02 2.619140009999999847e+02
3.144739989999999921e+02 2.678890079999999898e+02
3.218510130000000231e+02 2.526320039999999949e+02
3.183229979999999841e+02 1.826430049999999881e+02
2.787919919999999934e+02 1.695140079999999898e+02
3.126919859999999858e+02 2.539799959999999999e+02
2.602950129999999831e+02 2.657309880000000248e+02
3.006849980000000073e+02 2.647609860000000026e+02
2.748559880000000248e+02 1.823249969999999962e+02
2.970119930000000181e+02 1.767489930000000129e+02
2.769330140000000142e+02 2.624710079999999834e+02
2.953009950000000003e+02 2.599979860000000258e+02
2.669700010000000248e+02 1.596990049999999997e+02
3.297929990000000089e+02 2.576789860000000090e+02
3.087009889999999928e+02 2.207090000000000032e+02
2.602919919999999934e+02 2.447989959999999883e+02
2.831470029999999838e+02 1.733679960000000051e+02
3.356359860000000026e+02 2.684330140000000142e+02
3.077550049999999828e+02 2.543659969999999930e+02
3.287529910000000086e+02 1.809340060000000108e+02
2.671099849999999947e+02 2.457500000000000000e+02
2.864129940000000261e+02 1.596750030000000038e+02
2.935249939999999924e+02 2.488419949999999972e+02
2.735339969999999994e+02 1.532420040000000085e+02
3.001409909999999854e+02 1.544739989999999921e+02
2.648980099999999993e+02 2.687449950000000172e+02
2.871870119999999815e+02 1.949750060000000076e+02
3.405440060000000244e+02 2.596960139999999910e+02
3.352730099999999993e+02 2.568599849999999947e+02
2.858110050000000228e+02 2.503939970000000130e+02
2.716950069999999755e+02 2.464199979999999925e+02
2.772420040000000085e+02 1.828489989999999921e+02
2.953389890000000264e+02 1.614340060000000108e+02
2.802590030000000070e+02 2.603819889999999759e+02
3.462659909999999854e+02 2.683859860000000026e+02
2.700539860000000090e+02 2.678659969999999930e+02
3.215459900000000175e+02 1.697169949999999972e+02
3.159280089999999745e+02 2.567690119999999752e+02
3.302600100000000225e+02 1.746950070000000039e+02
3.306400150000000053e+02 1.593229980000000126e+02
2.825509950000000003e+02 1.684969940000000008e+02
3.258540039999999749e+02 1.571210020000000043e+02
3.217609860000000026e+02 2.669339899999999943e+02
3.031789860000000090e+02 2.692170100000000161e+02
3.056759950000000003e+02 1.666529999999999916e+02
2.632380069999999819e+02 1.704019930000000045e+02
3.278110050000000228e+02 2.662189940000000092e+02
3.261040039999999749e+02 1.889320069999999987e+02
3.154899899999999775e+02 1.690659939999999892e+02
2.987850040000000149e+02 1.757960050000000081e+02
3.040950010000000248e+02 1.621770019999999874e+02
2.676359860000000026e+02 1.681360019999999906e+02
2.901900019999999927e+02 1.695939940000000092e+02
2.850629880000000185e+02 2.650559999999999832e+02
2.939179990000000089e+02 1.681069950000000119e+02
3.264469910000000255e+02 1.712570039999999949e+02
3.283429869999999937e+02 1.698899989999999889e+02
3.089500120000000152e+02 1.574380040000000065e+02
3.214960019999999759e+02 2.275560000000000116e+02
3.274819949999999835e+02 2.659460139999999910e+02
3.358550109999999904e+02 2.587969969999999762e+02
3.255409849999999778e+02 2.504980009999999879e+02
3.196629940000000261e+02 1.549869999999999948e+02
3.195669859999999858e+02 1.635310059999999908e+02
3.105830080000000066e+02 1.619929960000000051e+02
2.860069889999999759e+02 1.740359950000000140e+02
3.294920040000000085e+02 1.529450070000000039e+02
3.061080019999999990e+02 2.610109860000000026e+02
3.192370000000000232e+02 2.357039949999999919e+02
2.766929930000000013e+02 2.613240049999999997e+02
3.195020139999999742e+02 2.690620119999999815e+02
2.723900150000000053e+02 1.656929930000000013e+02
3.144259950000000003e+02 1.691250000000000000e+02
2.827009889999999928e+02 1.554850010000000111e+02
3.303410030000000006e+02 1.525639950000000056e+02
3.030729979999999841e+02 1.830149989999999889e+02
2.726459960000000251e+02 2.466190029999999922e+02
3.064700010000000248e+02 1.534049990000000037e+02
3.229899899999999775e+02 1.620509950000000003e+02
2.802449950000000172e+02 1.715619959999999935e+02
2.778940119999999752e+02 1.602259980000000041e+02
2.944540099999999825e+02 1.821730039999999917e+02
3.374639890000000264e+02 1.836490019999999959e+02
2.733080140000000142e+02 2.471719970000000046e+02
3.040480039999999917e+02 2.621359860000000026e+02
2.770820009999999911e+02 2.028869929999999897e+02
3.291099849999999947e+02 2.667590030000000070e+02
2.744079899999999839e+02 1.583049929999999961e+02
2.616489869999999769e+02 2.660260010000000079e+02
2.873689880000000016e+02 2.645010070000000155e+02
2.839330140000000142e+02 2.589909969999999930e+02
2.685509950000000003e+02 2.695969850000000179e+02
2.712439880000000016e+02 2.450590060000000108e+02
3.080859990000000153e+02 1.832909999999999968e+02
3.283280030000000238e+02 1.613789979999999957e+02
2.726130069999999819e+02 1.629709929999999929e+02
3.092940060000000244e+02 1.756439970000000130e+02
2.695690000000000168e+02 2.642290039999999749e+02
2.696770020000000159e+02 1.635440059999999960e+02
2.643280030000000238e+02 2.251289979999999957e+02
2.833879999999999768e+02 1.628340000000000032e+02
3.305390009999999847e+02 1.646320039999999949e+02
3.348649899999999775e+02 2.502200009999999963e+02
2.827449950000000172e+02 2.466280059999999992e+02
2.997149959999999851e+02 2.654440000000000168e+02
3.249450069999999755e+02 2.635339969999999994e+02
3.180660100000000057e+02 1.802079929999999877e+02
3.407269900000000007e+02 2.591470029999999838e+02
2.667560119999999984e+02 2.653859860000000026e+02
2.958359990000000153e+02 1.616860049999999944e+02
3.011069949999999835e+02 1.579420010000000048e+02
2.991579899999999839e+02 1.623119959999999935e+02
2.605790099999999825e+02 2.320639950000000056e+02
3.093879999999999768e+02 2.543249969999999962e+02
2.961979979999999841e+02 1.641820069999999987e+02
3.192439880000000016e+02 1.607969970000000046e+02
2.888429869999999937e+02 2.477680049999999881e+02
3.159320069999999987e+02 1.819669949999999972e+02
3.211849980000000073e+02 1.765480039999999917e+02
2.686499939999999924e+02 2.589270020000000159e+02
3.224469910000000255e+02 2.448300020000000075e+02
2.834870000000000232e+02 1.590390010000000132e+02
3.252810059999999908e+02 2.010870060000000024e+02
3.136979979999999841e+02 1.757729950000000088e+02
2.969700010000000248e+02 2.460260010000000079e+02
2.736379999999999768e+02 1.689660030000000006e+02
2.751879880000000185e+02 1.617319950000000119e+02
3.229590150000000222e+02 2.665820009999999911e+02
2.942850040000000149e+02 1.718379970000000014e+02
2.674500120000000152e+02 2.613150019999999927e+02
2.769899899999999775e+02 1.591349950000000035e+02
2.644370119999999815e+02 2.439770049999999912e+02
2.946730039999999917e+02 2.120720059999999876e+02
2.775780030000000238e+02 1.838289949999999919e+02
2.729540099999999825e+02 2.217400049999999965e+02
2.709500120000000152e+02 2.532689970000000130e+02
2.719870000000000232e+02 2.436609950000000140e+02
2.695050049999999828e+02 2.515449979999999925e+02
2.949890139999999974e+02 1.621629939999999976e+02
2.982929990000000089e+02 2.631770020000000159e+02
3.481040039999999749e+02 2.686929930000000013e+02
2.724270020000000159e+02 1.668289949999999919e+02
2.867909849999999778e+02 2.526170040000000085e+02
2.888070069999999987e+02 2.450809940000000040e+02
