5.985859990000000153e+02 2.848829959999999915e+02
5.730629880000000185e+02 2.945629880000000185e+02
5.964869999999999663e+02 2.995899959999999851e+02
5.726420289999999795e+02 3.096849980000000073e+02
5.581859739999999874e+02 3.278800049999999828e+02
5.552739870000000337e+02 2.801629940000000261e+02
5.674110110000000304e+02 2.810580140000000142e+02
5.902100219999999808e+02 2.887690119999999752e+02
5.612780149999999821e+02 2.959479979999999841e+02
5.607390139999999974e+02 3.440400089999999977e+02
5.984660030000000006e+02 3.755369870000000105e+02
5.768569949999999835e+02 3.193559880000000248e+02
5.632680050000000165e+02 3.180379940000000261e+02
5.488950200000000450e+02 3.534270020000000159e+02
6.063889769999999544e+02 3.743359990000000153e+02
5.541979979999999841e+02 3.091870119999999815e+02
5.519459839999999531e+02 3.212669980000000010e+02
5.712899780000000192e+02 2.797200010000000248e+02
5.617310179999999491e+02 2.992590030000000070e+02
6.016580199999999650e+02 3.559280089999999745e+02
5.987849730000000363e+02 2.945450129999999831e+02
5.451179809999999861e+02 3.051889949999999772e+02
5.599869999999999663e+02 2.954599910000000023e+02
5.611640009999999847e+02 3.096950069999999755e+02
5.907169800000000350e+02 2.736130069999999819e+02
5.594169920000000502e+02 3.252600100000000225e+02
5.894520260000000462e+02 3.095169980000000010e+02
5.662520140000000310e+02 3.760060119999999984e+02
5.662089839999999867e+02 3.049140009999999847e+02
5.748109739999999874e+02 2.778450010000000248e+02
5.704899900000000343e+02 3.815400089999999977e+02
6.019990229999999656e+02 3.197179869999999937e+02
5.637559810000000198e+02 3.135329899999999839e+02
5.695910030000000006e+02 3.678800049999999828e+02
5.528189700000000357e+02 3.033410030000000006e+02
5.879630130000000463e+02 2.891099849999999947e+02
5.927620239999999967e+02 2.905129999999999768e+02
5.855960079999999834e+02 2.821050109999999904e+02
5.852800290000000132e+02 2.944179990000000089e+02
5.610109860000000026e+02 2.784020080000000235e+02
5.838179930000000013e+02 2.965939940000000092e+02
5.827589719999999716e+02 2.759590150000000222e+02
5.828099979999999505e+02 2.978569949999999835e+02
6.012069699999999557e+02 3.222529910000000086e+02
5.951699830000000020e+02 2.709880069999999819e+02
5.502210079999999834e+02 2.763099980000000073e+02
5.513200070000000323e+02 3.264030149999999821e+02
5.764390260000000126e+02 2.730650019999999927e+02
5.493629760000000033e+02 3.205950010000000248e+02
5.572709959999999683e+02 3.160270080000000235e+02
6.055739750000000186e+02 2.888999939999999924e+02
5.580380249999999478e+02 3.249830019999999990e+02
5.548079830000000356e+02 3.828770139999999742e+02
5.703709720000000516e+02 3.021220089999999914e+02
5.522849730000000363e+02 2.969949950000000172e+02
5.616950070000000323e+02 3.175559999999999832e+02
5.691719970000000330e+02 3.115060119999999984e+02
5.817719730000000027e+02 2.918359990000000153e+02
5.976810299999999643e+02 2.949729919999999765e+02
6.049949950000000172e+02 2.955989989999999921e+02
5.648939820000000509e+02 3.086220089999999914e+02
5.656149900000000343e+02 3.768030089999999745e+02
5.598569949999999835e+02 3.776210019999999759e+02
5.522890009999999847e+02 3.394719850000000179e+02
5.860549929999999677e+02 2.894119870000000105e+02
5.467360230000000456e+02 3.076929930000000013e+02
5.800449830000000020e+02 3.066050109999999904e+02
5.600130000000000337e+02 2.844320069999999987e+02
5.599470209999999497e+02 3.443129880000000185e+02
5.472109990000000153e+02 3.402179869999999937e+02
6.057369999999999663e+02 3.172720029999999838e+02
6.077910160000000133e+02 3.671400150000000053e+02
5.877700200000000450e+02 2.737130129999999895e+02
5.889790040000000317e+02 2.969930110000000241e+02
5.645440059999999676e+02 3.100939940000000092e+02
5.895469970000000330e+02 2.884509889999999928e+02
5.452459720000000516e+02 3.546839899999999943e+02
5.646010129999999663e+02 3.664429930000000013e+02
5.819970090000000482e+02 3.095369870000000105e+02
5.669639889999999696e+02 2.935069889999999759e+02
5.460919800000000350e+02 3.502460019999999759e+02
5.669379880000000185e+02 3.216270139999999742e+02
5.725839839999999867e+02 3.105780030000000238e+02
5.513699950000000172e+02 2.987290039999999749e+02
5.567089839999999867e+02 3.167909849999999778e+02
5.961220090000000482e+02 2.803569949999999835e+02
5.458029790000000503e+02 2.957349849999999947e+02
5.829210209999999961e+02 2.726900019999999927e+02
5.742520140000000310e+02 2.909729919999999765e+02
5.580839839999999867e+02 3.444089969999999994e+02
5.531380000000000337e+02 3.679620059999999739e+02
5.915629880000000185e+02 2.824930110000000241e+02
5.450499879999999848e+02 3.432990110000000072e+02
5.640880130000000463e+02 3.731610109999999736e+02
5.499429930000000013e+02 3.172789920000000166e+02
5.555919800000000350e+02 3.366780089999999745e+02
5.845399780000000192e+02 2.913689880000000016e+02
5.646370239999999967e+02 3.827239989999999921e+02
5.672609860000000026e+02 3.415390009999999847e+02
5.813159789999999703e+02 3.032579959999999915e+02
5.749550169999999980e+02 2.971130069999999819e+02
5.457579960000000483e+02 2.893760070000000155e+02
5.528200070000000323e+02 2.829670100000000161e+02
5.882529909999999518e+02 2.815690000000000168e+02
5.862509770000000344e+02 2.797239989999999921e+02
5.470089719999999716e+02 3.685239869999999769e+02
6.031740109999999504e+02 3.041400150000000053e+02
5.857550049999999828e+02 2.909039920000000166e+02
5.656669920000000502e+02 2.933169859999999858e+02
6.025460209999999961e+02 3.013229979999999841e+02
5.631599730000000363e+02 3.528250120000000152e+02
5.636380000000000337e+02 2.891140139999999974e+02
5.583829960000000483e+02 3.286629940000000261e+02
5.614509890000000496e+02 3.817370000000000232e+02
5.667169800000000350e+02 3.830339969999999994e+02
5.606290279999999484e+02 3.005079959999999915e+02
6.064340210000000297e+02 2.998989869999999769e+02
5.581079710000000205e+02 2.727219850000000179e+02
5.918629760000000033e+02 2.745719910000000255e+02
5.922650149999999485e+02 2.941619870000000105e+02
5.509160160000000133e+02 3.231480099999999993e+02
5.961110230000000456e+02 2.751560059999999908e+02
5.513750000000000000e+02 3.105100100000000225e+02
5.690939939999999524e+02 2.910109860000000026e+02
5.625079960000000483e+02 2.776109920000000102e+02
5.492189939999999524e+02 3.472879940000000261e+02
5.660109860000000026e+02 2.805260010000000079e+02
5.679270020000000159e+02 3.072510070000000155e+02
5.519249879999999848e+02 2.858999939999999924e+02
6.069279790000000503e+02 2.735599980000000073e+02
5.839270020000000159e+02 2.809089969999999994e+02
5.656060179999999491e+02 3.235260010000000079e+02
5.719879760000000033e+02 2.917470089999999914e+02
5.540759890000000496e+02 3.041109920000000102e+02
5.938480220000000145e+02 3.128229979999999841e+02
5.514639889999999696e+02 2.925440060000000244e+02
5.503359990000000153e+02 2.888529970000000162e+02
5.545089719999999716e+02 3.506440119999999752e+02
5.492769779999999855e+02 3.517059939999999756e+02
5.819089969999999994e+02 2.958399959999999851e+02
5.548120119999999815e+02 2.824209900000000175e+02
5.989609990000000153e+02 2.844389949999999772e+02
5.687360230000000456e+02 3.165299989999999752e+02
5.653220209999999497e+02 3.615969850000000179e+02
5.926849979999999505e+02 2.741499939999999924e+02
5.825430300000000443e+02 3.780209960000000251e+02
5.611890260000000126e+02 3.800960079999999834e+02
5.647630000000000337e+02 3.605849910000000023e+02
6.012130130000000463e+02 2.770759889999999928e+02
5.605850219999999808e+02 2.877430110000000241e+02
5.496199950000000172e+02 2.782839969999999994e+02
5.458150020000000495e+02 3.286610109999999736e+02
5.922000120000000152e+02 2.917890009999999847e+02
5.992919920000000502e+02 2.852529910000000086e+02
5.533889769999999544e+02 3.040690000000000168e+02
5.646519779999999855e+02 2.909150089999999977e+02
5.728099979999999505e+02 2.977799989999999752e+02
5.549669800000000350e+02 3.155079959999999915e+02
5.539290160000000469e+02 3.445790099999999825e+02
5.573699950000000172e+02 3.827829899999999839e+02
5.557369999999999663e+02 2.989030149999999821e+02
5.942849730000000363e+02 2.887990110000000072e+02
5.571550290000000132e+02 3.191029970000000162e+02
5.575889889999999696e+02 2.996570130000000063e+02
5.622180180000000291e+02 3.801510010000000079e+02
5.494869999999999663e+02 3.105660100000000057e+02
5.572369999999999663e+02 3.732699890000000096e+02
5.914279790000000503e+02 2.851310119999999984e+02
5.628040160000000469e+02 2.807969969999999762e+02
5.563699950000000172e+02 3.475209960000000251e+02
5.619160160000000133e+02 3.478340150000000222e+02
5.542490229999999656e+02 3.730989989999999921e+02
5.622000120000000152e+02 3.034500120000000152e+02
5.714130249999999478e+02 3.190969850000000179e+02
5.833309940000000324e+02 2.937770080000000235e+02
5.918369750000000522e+02 2.875180050000000165e+02
5.652440189999999802e+02 3.048489989999999921e+02
6.073309940000000324e+02 3.019830019999999990e+02
6.010969850000000179e+02 3.481279910000000086e+02
5.644639889999999696e+02 2.923510130000000231e+02
5.888820190000000139e+02 3.010820009999999911e+02
5.638120119999999815e+02 3.736589969999999994e+02
5.507719730000000027e+02 3.031239929999999845e+02
5.679199830000000020e+02 2.934209900000000175e+02
5.576420289999999795e+02 3.486140139999999974e+02
5.596149900000000343e+02 3.495669859999999858e+02
5.613430180000000291e+02 3.802770080000000235e+02
5.562399900000000343e+02 3.281700129999999831e+02
5.624910280000000284e+02 2.749179990000000089e+02
6.052299799999999550e+02 3.748999939999999924e+02
5.877479859999999690e+02 2.866560059999999908e+02
5.734609990000000153e+02 3.763640139999999974e+02
5.499279790000000503e+02 3.468699950000000172e+02
5.704769900000000007e+02 3.136690060000000244e+02
6.012080079999999498e+02 2.817810059999999908e+02
5.579589839999999867e+02 3.440660100000000057e+02
5.986719970000000330e+02 2.918659969999999930e+02
5.806079710000000205e+02 2.974769900000000007e+02
5.468880000000000337e+02 3.770320130000000063e+02
5.738610230000000456e+02 3.133410030000000006e+02
5.577189939999999524e+02 3.222749939999999924e+02
5.728829960000000483e+02 3.804899899999999775e+02
5.595360110000000304e+02 3.388439940000000092e+02
5.874030149999999821e+02 3.147820130000000063e+02
5.990960079999999834e+02 3.011809999999999832e+02
5.975150149999999485e+02 3.086379999999999768e+02
5.683239750000000186e+02 3.119840090000000146e+02
5.587069699999999557e+02 3.693919980000000010e+02
5.498729859999999690e+02 3.562550049999999828e+02
5.764550169999999980e+02 3.823110050000000228e+02
5.892730099999999993e+02 2.873460079999999834e+02
6.054530029999999670e+02 2.965350040000000149e+02
5.582150269999999637e+02 2.980180050000000165e+02
5.889140009999999847e+02 3.136940000000000168e+02
5.869420169999999644e+02 2.924049989999999752e+02
5.939890139999999974e+02 2.943989869999999769e+02
5.573380130000000463e+02 2.998150019999999927e+02
5.572189939999999524e+02 3.445530089999999745e+02
6.048250120000000152e+02 2.745379940000000261e+02
5.684680180000000291e+02 3.093739929999999845e+02
5.679949950000000172e+02 2.949089969999999994e+02
5.673389889999999696e+02 2.872319949999999835e+02
6.068070069999999987e+02 2.955039980000000241e+02
5.802910160000000133e+02 3.022879940000000261e+02
5.887659909999999854e+02 2.732090150000000222e+02
5.603560179999999491e+02 3.259200129999999831e+02
5.572089839999999867e+02 3.098620000000000232e+02
5.479080199999999650e+02 3.736109920000000102e+02
5.772210079999999834e+02 2.814419859999999858e+02
5.517260129999999663e+02 3.583819889999999759e+02
5.733389889999999696e+02 3.795140079999999898e+02
5.517999879999999848e+02 3.446650089999999977e+02
5.725250240000000304e+02 3.109479979999999841e+02
5.477739870000000337e+02 3.816289980000000241e+02
5.604660030000000006e+02 3.530409849999999778e+02
5.538380130000000463e+02 3.249440000000000168e+02
5.644849850000000515e+02 3.026019900000000007e+02
5.576959839999999531e+02 3.614710079999999834e+02
5.451240229999999656e+02 2.924719850000000179e+02
6.023070069999999987e+02 3.090620119999999815e+02
5.494379880000000185e+02 3.688150019999999927e+02
5.845919800000000350e+02 3.135539860000000090e+02
5.542639769999999544e+02 2.991270139999999742e+02
5.803469850000000179e+02 3.141799930000000245e+02
5.456339719999999716e+02 3.368070069999999987e+02
5.668140260000000126e+02 2.861449890000000096e+02
5.702369999999999663e+02 2.726080019999999990e+02
5.748909909999999854e+02 2.947300109999999904e+02
5.559149780000000192e+02 3.002810059999999908e+02
5.623339839999999867e+02 3.265910030000000006e+02
5.838300169999999980e+02 2.947890009999999847e+02
6.016019900000000007e+02 2.878169859999999858e+02
5.627030029999999670e+02 2.894679869999999937e+02
5.702760009999999511e+02 3.748900150000000053e+02
5.813640139999999974e+02 3.070780030000000238e+02
5.826790160000000469e+02 2.909779970000000162e+02
6.023010249999999814e+02 3.223909909999999854e+02
6.079450070000000323e+02 2.877149959999999851e+02
5.528280029999999670e+02 3.048590090000000146e+02
5.639849850000000515e+02 2.726600040000000149e+02
5.971680300000000443e+02 3.078810119999999984e+02
5.621810299999999643e+02 3.001940000000000168e+02
5.554840090000000146e+02 3.240369870000000105e+02
5.953380130000000463e+02 2.794020080000000235e+02
5.717399900000000343e+02 2.961470029999999838e+02
5.784769900000000007e+02 2.710509950000000003e+02
5.625050049999999828e+02 3.261059880000000248e+02
5.458070069999999987e+02 3.215669859999999858e+02
5.497890009999999847e+02 2.940889890000000264e+02
6.059520260000000462e+02 3.734700010000000248e+02
5.526300049999999828e+02 2.754540099999999825e+02
6.015709839999999531e+02 2.753940119999999752e+02
5.685590210000000297e+02 3.729410100000000057e+02
5.929190059999999676e+02 3.108859860000000026e+02
5.545170289999999795e+02 3.230849910000000023e+02
5.505150149999999485e+02 3.293349910000000023e+02
5.457589719999999716e+02 3.418720089999999914e+02
6.033679809999999861e+02 2.979670100000000161e+02
5.519780269999999973e+02 3.510280149999999821e+02
5.925729979999999841e+02 2.732399899999999775e+02
5.783469850000000179e+02 3.175769960000000083e+02
5.510380249999999478e+02 2.804609990000000153e+02
5.723850099999999657e+02 3.152539980000000241e+02
5.844050290000000132e+02 2.940119930000000181e+02
5.753079830000000356e+02 3.180310059999999908e+02
5.542860110000000304e+02 3.402330019999999990e+02
5.502379760000000033e+02 3.395260010000000079e+02
5.705050049999999828e+02 3.702749939999999924e+02
5.496619869999999537e+02 2.914020080000000235e+02
5.527609860000000026e+02 3.691799930000000245e+02
6.022849730000000363e+02 3.734500120000000152e+02
5.549920039999999517e+02 2.787090150000000222e+02
5.757109990000000153e+02 3.803909909999999854e+02
5.497459720000000516e+02 3.548129880000000185e+02
5.474769900000000007e+02 3.754460139999999910e+02
5.996320190000000139e+02 3.023259889999999928e+02
5.580930180000000291e+02 3.751010130000000231e+02
5.482719730000000027e+02 2.892239989999999921e+02
5.849769900000000007e+02 3.807049870000000169e+02
5.948250120000000152e+02 3.052219850000000179e+02
5.512269900000000007e+02 2.778349910000000023e+02
5.499949950000000172e+02 2.871180110000000241e+02
5.660650020000000495e+02 3.084559939999999756e+02
5.943850099999999657e+02 2.834020080000000235e+02
5.747869869999999537e+02 3.052030030000000238e+02
6.023300169999999980e+02 3.391900019999999927e+02
6.017990109999999504e+02 3.751619870000000105e+02
5.502960209999999961e+02 3.391310119999999984e+02
5.920839839999999867e+02 3.143739929999999845e+02
5.717150269999999637e+02 3.188420100000000161e+02
5.636149900000000343e+02 2.811099849999999947e+02
6.039920039999999517e+02 2.870379940000000261e+02
5.624910280000000284e+02 3.826440119999999752e+02
5.600620119999999815e+02 3.201950069999999755e+02
5.466669920000000502e+02 2.835889890000000264e+02
5.740330199999999650e+02 2.820419919999999934e+02
5.487810060000000476e+02 3.055620119999999815e+02
5.503400269999999637e+02 2.960360109999999736e+02
5.550910030000000006e+02 3.279849849999999947e+02
5.705390009999999847e+02 3.307290039999999749e+02
5.490460209999999961e+02 3.473250120000000152e+02
5.830449830000000020e+02 2.737340090000000146e+02
5.500330199999999650e+02 2.830920100000000161e+02
5.764589839999999867e+02 2.907760010000000079e+02
5.564639889999999696e+02 3.757160030000000006e+02
5.554609990000000153e+02 3.511520080000000235e+02
5.648439939999999524e+02 3.003169859999999858e+02
5.530289920000000166e+02 2.822590030000000070e+02
5.844609990000000153e+02 2.888120119999999815e+02
5.663740229999999656e+02 2.822390139999999974e+02
6.028850099999999657e+02 3.430620119999999815e+02
5.531190189999999802e+02 3.302919919999999934e+02
5.577479859999999690e+02 3.221260070000000155e+02
5.692810060000000476e+02 3.188059999999999832e+02
5.595679930000000013e+02 3.088930050000000165e+02
5.458410030000000006e+02 3.577130129999999895e+02
5.924340210000000297e+02 2.712990110000000072e+02
5.512000120000000152e+02 2.942980039999999917e+02
5.506749879999999848e+02 3.274479979999999841e+02
